1	0	1.806481	0.826076	2.8110765730	0
2	0	1.036919	0.826076	2.8110765730	1
3	0	1.152135	0.826076	2.8110765730	0
4	1	1.132233	0.826076	2.8110765730	1
5	0	0.993742	0.826076	2.8110765730	1
6	1	0.687496	0.826076	2.8110765730	0
7	0	1.680868	0.826076	2.8110765730	1
8	0	0.657909	0.826076	2.8110765730	0
9	1	0.822501	0.826076	2.8110765730	1
10	0	1.070500	0.826076	2.8110765730	0
11	1	0.634205	0.826076	2.8110765730	0
12	0	0.780284	0.826076	2.8110765730	1
13	0	0.839356	0.826076	2.8110765730	1
14	0	0.739719	0.826076	2.8110765730	0
15	0	1.306173	0.826076	2.8110765730	1
16	1	0.889184	0.826076	2.8110765730	0
17	0	0.844410	0.826076	2.8110765730	1
18	0	0.629690	0.826076	2.8110765730	0
19	0	0.523293	0.826076	2.8110765730	0
20	0	1.347091	0.826076	2.8110765730	0
21	0	0.612562	0.826076	2.8110765730	0
22	0	1.104031	0.826076	2.8110765730	1
23	0	0.838600	0.826076	2.8110765730	0
24	0	1.279307	0.826076	2.8110765730	1
25	1	0.937644	0.826076	2.8110765730	1
26	0	1.257751	0.826076	2.8110765730	1
27	0	0.904223	0.826076	2.8110765730	1
28	0	1.300767	0.826076	2.8110765730	0
29	1	0.648102	0.826076	2.8110765730	0
30	0	0.900611	0.826076	2.8110765730	1
31	0	0.717249	0.826076	2.8110765730	0
32	1	0.768442	0.826076	2.8110765730	1
33	0	0.559733	0.826076	2.8110765730	1
34	1	1.964650	0.826076	2.8110765730	0
35	0	2.134566	0.826076	2.8110765730	0
36	1	0.976459	0.826076	2.8110765730	1
37	0	0.952130	0.826076	2.8110765730	1
38	1	1.672179	0.826076	2.8110765730	1
39	0	1.126821	0.826076	2.8110765730	1
40	0	0.780026	0.826076	2.8110765730	1
41	0	1.687093	0.826076	2.8110765730	1
42	0	1.543128	0.826076	2.8110765730	0
43	1	0.699687	0.826076	2.8110765730	0
44	1	0.657674	0.826076	2.8110765730	1
45	0	1.070138	0.826076	2.8110765730	0
46	0	1.001923	0.826076	2.8110765730	1
47	0	0.784822	0.826076	2.8110765730	0
48	1	0.958652	0.826076	2.8110765730	0
49	0	0.686297	0.826076	2.8110765730	1
50	1	0.601855	0.826076	2.8110765730	0
51	0	0.508907	0.826076	2.8110765730	1
52	0	1.185429	0.826076	2.8110765730	0
53	0	0.860436	0.826076	2.8110765730	1
54	1	0.721853	0.826076	2.8110765730	1
55	0	1.184058	0.826076	2.8110765730	0
56	0	0.940949	0.826076	2.8110765730	0
57	1	0.653956	0.826076	2.8110765730	0
58	0	1.091675	0.826076	2.8110765730	1
59	0	0.911927	0.826076	2.8110765730	1
60	0	1.048344	0.826076	2.8110765730	1
61	0	0.975621	0.826076	2.8110765730	0
62	1	0.626083	0.826076	2.8110765730	1
63	0	0.552090	0.826076	2.8110765730	0
64	1	0.552377	0.826076	2.8110765730	1
65	0	1.036293	0.826076	2.8110765730	0
66	1	0.613680	0.826076	2.8110765730	0
67	1	0.887291	0.826076	2.8110765730	0
68	0	1.642288	0.826076	2.8110765730	0
69	0	0.658779	0.826076	2.8110765730	1
70	0	1.470844	0.826076	2.8110765730	0
71	0	0.652971	0.826076	2.8110765730	0
72	0	0.754291	0.826076	2.8110765730	0
73	0	0.689994	0.826076	2.8110765730	1
74	0	0.681911	0.826076	2.8110765730	0
75	0	2.719599	0.826076	2.8110765730	0
76	0	0.862596	0.826076	2.8110765730	1
77	0	0.562243	0.826076	2.8110765730	0
78	1	0.842938	0.826076	2.8110765730	1
79	0	0.559003	0.826076	2.8110765730	1
80	1	1.423538	0.826076	2.8110765730	0
81	0	1.564449	0.826076	2.8110765730	0
82	1	2.889686	0.826076	2.8110765730	1
83	0	0.656017	0.826076	2.8110765730	0
84	1	0.610177	0.826076	2.8110765730	1
85	0	0.517987	0.826076	2.8110765730	0
86	0	1.039104	0.826076	2.8110765730	0
87	1	2.231316	0.826076	2.8110765730	0
88	1	1.057194	0.826076	2.8110765730	1
89	0	0.757684	0.826076	2.8110765730	1
90	0	0.547928	0.826076	2.8110765730	1
91	0	0.649391	0.826076	2.8110765730	1
92	0	0.727944	0.826076	2.8110765730	0
93	0	0.505854	0.826076	2.8110765730	1
94	0	0.556862	0.826076	2.8110765730	1
95	1	0.671385	0.826076	2.8110765730	0
96	0	2.206209	0.826076	2.8110765730	1
97	1	0.607861	0.826076	2.8110765730	1
98	0	1.110646	0.826076	2.8110765730	0
99	1	0.970530	0.826076	2.8110765730	0
100	0	0.528091	0.826076	2.8110765730	1
101	1	0.779740	0.826076	2.8110765730	0
102	0	1.224345	0.826076	2.8110765730	1
103	0	0.702032	0.826076	2.8110765730	0
104	0	0.909057	0.826076	2.8110765730	0
105	0	0.650133	0.826076	2.8110765730	1
106	0	0.556783	0.826076	2.8110765730	0
107	1	0.933476	0.826076	2.8110765730	1
108	0	0.576033	0.826076	2.8110765730	0
109	0	0.551098	0.826076	2.8110765730	0
110	0	0.925036	0.826076	2.8110765730	0
111	0	0.989929	0.826076	2.8110765730	0
112	0	0.513813	0.826076	2.8110765730	1
113	0	1.440563	0.826076	2.8110765730	1
114	1	0.526102	0.826076	2.8110765730	0
115	0	0.521315	0.826076	2.8110765730	1
116	0	2.187295	0.826076	2.8110765730	0
117	1	1.010615	0.826076	2.8110765730	1
118	0	1.440617	0.826076	2.8110765730	1
119	0	0.723619	0.826076	2.8110765730	0
120	0	1.156808	0.826076	2.8110765730	1
121	1	0.735133	0.826076	2.8110765730	1
122	0	0.983286	0.826076	2.8110765730	0
123	0	2.959107	0.826076	2.8110765730	1
124	0	2.038575	0.826076	2.8110765730	1
125	0	1.084179	0.826076	2.8110765730	0
126	0	0.682361	0.826076	2.8110765730	0
127	0	0.513891	0.826076	2.8110765730	1
128	1	1.441480	0.826076	2.8110765730	0
129	0	0.783822	0.826076	2.8110765730	0
130	1	1.066480	0.826076	2.8110765730	1
131	0	1.131210	0.826076	2.8110765730	1
132	0	1.624944	0.826076	2.8110765730	1
133	1	1.828266	0.826076	2.8110765730	0
134	0	0.516575	0.826076	2.8110765730	1
135	1	0.734736	0.826076	2.8110765730	0
136	1	0.577956	0.826076	2.8110765730	1
