1	0	0.697635	0.838568	3.4063773038	0
2	0	0.711286	0.838568	3.4063773038	1
3	0	1.479568	0.838568	3.4063773038	1
4	1	0.532984	0.838568	3.4063773038	1
5	0	0.556648	0.838568	3.4063773038	0
6	1	0.576964	0.838568	3.4063773038	0
7	0	0.628469	0.838568	3.4063773038	1
8	1	0.868611	0.838568	3.4063773038	1
9	0	2.110842	0.838568	3.4063773038	1
10	0	0.590895	0.838568	3.4063773038	1
11	0	0.653681	0.838568	3.4063773038	0
12	1	1.012950	0.838568	3.4063773038	0
13	1	0.789894	0.838568	3.4063773038	0
14	0	0.896905	0.838568	3.4063773038	1
15	0	1.410969	0.838568	3.4063773038	0
16	0	1.161489	0.838568	3.4063773038	0
17	1	1.653155	0.838568	3.4063773038	1
18	0	0.509365	0.838568	3.4063773038	1
19	0	0.844144	0.838568	3.4063773038	1
20	0	0.685301	0.838568	3.4063773038	0
21	0	0.549104	0.838568	3.4063773038	0
22	0	0.615649	0.838568	3.4063773038	1
23	1	0.681247	0.838568	3.4063773038	0
24	0	0.590975	0.838568	3.4063773038	1
25	0	0.589009	0.838568	3.4063773038	1
26	0	0.863066	0.838568	3.4063773038	0
27	0	0.535241	0.838568	3.4063773038	1
28	0	0.619297	0.838568	3.4063773038	0
29	1	1.455725	0.838568	3.4063773038	1
30	0	0.652811	0.838568	3.4063773038	0
31	0	0.701334	0.838568	3.4063773038	0
32	0	0.784783	0.838568	3.4063773038	1
33	0	1.747450	0.838568	3.4063773038	0
34	1	0.822379	0.838568	3.4063773038	0
35	0	1.013295	0.838568	3.4063773038	1
36	1	0.810002	0.838568	3.4063773038	1
37	0	0.528948	0.838568	3.4063773038	0
38	1	0.827024	0.838568	3.4063773038	1
39	0	0.639952	0.838568	3.4063773038	1
40	1	0.599239	0.838568	3.4063773038	0
41	0	0.653414	0.838568	3.4063773038	0
42	0	0.586533	0.838568	3.4063773038	1
43	0	0.527384	0.838568	3.4063773038	0
44	1	1.718174	0.838568	3.4063773038	1
45	0	0.862002	0.838568	3.4063773038	0
46	0	0.975583	0.838568	3.4063773038	1
47	0	0.852138	0.838568	3.4063773038	0
48	0	1.481646	0.838568	3.4063773038	1
49	1	0.601294	0.838568	3.4063773038	0
50	0	0.695815	0.838568	3.4063773038	0
51	0	0.571181	0.838568	3.4063773038	0
52	0	1.168554	0.838568	3.4063773038	1
53	0	0.608262	0.838568	3.4063773038	0
54	0	0.641334	0.838568	3.4063773038	0
55	0	0.874298	0.838568	3.4063773038	1
56	1	0.709927	0.838568	3.4063773038	0
57	1	1.412448	0.838568	3.4063773038	1
58	0	0.793117	0.838568	3.4063773038	1
59	0	0.661133	0.838568	3.4063773038	0
60	0	1.384001	0.838568	3.4063773038	1
61	1	0.884148	0.838568	3.4063773038	0
62	0	2.237177	0.838568	3.4063773038	1
63	1	0.666372	0.838568	3.4063773038	1
64	0	0.856598	0.838568	3.4063773038	0
65	1	1.112113	0.838568	3.4063773038	1
66	0	0.641688	0.838568	3.4063773038	0
67	0	2.396544	0.838568	3.4063773038	1
68	1	0.664688	0.838568	3.4063773038	0
69	0	0.947266	0.838568	3.4063773038	1
70	0	0.694515	0.838568	3.4063773038	0
71	1	1.680018	0.838568	3.4063773038	0
72	1	0.913454	0.838568	3.4063773038	1
73	0	0.542614	0.838568	3.4063773038	1
74	0	1.118103	0.838568	3.4063773038	0
75	0	1.273250	0.838568	3.4063773038	1
76	0	0.730972	0.838568	3.4063773038	1
77	0	1.272934	0.838568	3.4063773038	1
78	1	0.980669	0.838568	3.4063773038	0
79	0	2.634682	0.838568	3.4063773038	0
80	1	1.525517	0.838568	3.4063773038	1
81	0	0.941928	0.838568	3.4063773038	0
82	0	1.720575	0.838568	3.4063773038	1
83	0	0.577290	0.838568	3.4063773038	0
84	0	0.869692	0.838568	3.4063773038	1
85	1	0.543885	0.838568	3.4063773038	1
86	0	1.428796	0.838568	3.4063773038	0
87	0	1.695325	0.838568	3.4063773038	0
88	1	0.798351	0.838568	3.4063773038	0
89	0	0.881258	0.838568	3.4063773038	1
90	0	1.291556	0.838568	3.4063773038	0
91	1	0.981323	0.838568	3.4063773038	1
92	0	1.351122	0.838568	3.4063773038	0
93	1	1.190742	0.838568	3.4063773038	0
94	0	1.264405	0.838568	3.4063773038	1
95	0	0.924890	0.838568	3.4063773038	1
96	0	1.136969	0.838568	3.4063773038	1
97	0	1.240992	0.838568	3.4063773038	0
98	0	1.437201	0.838568	3.4063773038	0
99	1	1.348445	0.838568	3.4063773038	1
100	0	0.840439	0.838568	3.4063773038	0
101	1	0.534451	0.838568	3.4063773038	0
102	0	1.932256	0.838568	3.4063773038	1
103	0	0.814354	0.838568	3.4063773038	1
104	0	0.644488	0.838568	3.4063773038	1
105	1	0.946443	0.838568	3.4063773038	0
106	0	1.893878	0.838568	3.4063773038	0
107	1	0.899911	0.838568	3.4063773038	1
108	0	2.035495	0.838568	3.4063773038	0
109	0	0.652604	0.838568	3.4063773038	1
110	1	0.725086	0.838568	3.4063773038	0
111	0	2.143721	0.838568	3.4063773038	1
112	0	0.845975	0.838568	3.4063773038	1
113	1	0.894108	0.838568	3.4063773038	1
114	0	0.535572	0.838568	3.4063773038	0
115	1	0.706368	0.838568	3.4063773038	1
116	0	0.627126	0.838568	3.4063773038	0
117	1	1.218557	0.838568	3.4063773038	0
118	0	0.682596	0.838568	3.4063773038	1
119	0	0.505589	0.838568	3.4063773038	0
120	0	0.692473	0.838568	3.4063773038	1
121	1	0.969410	0.838568	3.4063773038	1
122	0	0.765335	0.838568	3.4063773038	1
123	0	0.831928	0.838568	3.4063773038	0
124	0	0.867566	0.838568	3.4063773038	0
125	1	0.741550	0.838568	3.4063773038	0
126	0	0.979218	0.838568	3.4063773038	0
127	0	1.442615	0.838568	3.4063773038	0
128	0	1.361306	0.838568	3.4063773038	1
129	0	1.764692	0.838568	3.4063773038	0
130	0	1.211339	0.838568	3.4063773038	1
131	0	2.425958	0.838568	3.4063773038	1
132	0	1.896373	0.838568	3.4063773038	0
133	0	0.548053	0.838568	3.4063773038	1
134	0	0.981786	0.838568	3.4063773038	0
135	1	0.586664	0.838568	3.4063773038	0
136	1	0.680124	0.838568	3.4063773038	1
