   1.0000000e+00   0.0000000e+00   2.0447500e+00   8.2353300e-01   2.9899167e+00   0.0000000e+00
   2.0000000e+00   0.0000000e+00   1.2221310e+00   8.2353300e-01   2.9899167e+00   1.0000000e+00
   3.0000000e+00   1.0000000e+00   1.3993750e+00   8.2353300e-01   2.9899167e+00   0.0000000e+00
   4.0000000e+00   0.0000000e+00   1.0285320e+00   8.2353300e-01   2.9899167e+00   0.0000000e+00
   5.0000000e+00   1.0000000e+00   7.4303400e-01   8.2353300e-01   2.9899167e+00   1.0000000e+00
   6.0000000e+00   0.0000000e+00   1.3967030e+00   8.2353300e-01   2.9899167e+00   1.0000000e+00
   7.0000000e+00   0.0000000e+00   6.7646700e-01   8.2353300e-01   2.9899167e+00   0.0000000e+00
   8.0000000e+00   0.0000000e+00   4.5465000e-01   8.2353300e-01   2.9899167e+00   0.0000000e+00
   9.0000000e+00   0.0000000e+00   5.1207400e-01   8.2353300e-01   2.9899167e+00   0.0000000e+00
   1.0000000e+01   0.0000000e+00   6.2239000e-01   8.2353300e-01   2.9899167e+00   0.0000000e+00
   1.1000000e+01   0.0000000e+00   5.5503300e-01   8.2353300e-01   2.9899167e+00   1.0000000e+00
   1.2000000e+01   1.0000000e+00   1.1187800e+00   8.2353300e-01   2.9899167e+00   0.0000000e+00
   1.3000000e+01   0.0000000e+00   1.6446090e+00   8.2353300e-01   2.9899167e+00   0.0000000e+00
   1.4000000e+01   0.0000000e+00   1.4765630e+00   8.2353300e-01   2.9899167e+00   0.0000000e+00
   1.5000000e+01   0.0000000e+00   7.9619200e-01   8.2353300e-01   2.9899167e+00   1.0000000e+00
   1.6000000e+01   1.0000000e+00   9.0207400e-01   8.2353300e-01   2.9899167e+00   1.0000000e+00
   1.7000000e+01   0.0000000e+00   1.1360640e+00   8.2353300e-01   2.9899167e+00   1.0000000e+00
   1.8000000e+01   0.0000000e+00   5.2797400e-01   8.2353300e-01   2.9899167e+00   0.0000000e+00
   1.9000000e+01   0.0000000e+00   5.9682500e-01   8.2353300e-01   2.9899167e+00   1.0000000e+00
   2.0000000e+01   1.0000000e+00   6.3825200e-01   8.2353300e-01   2.9899167e+00   1.0000000e+00
   2.1000000e+01   0.0000000e+00   8.4444100e-01   8.2353300e-01   2.9899167e+00   1.0000000e+00
   2.2000000e+01   0.0000000e+00   8.8402300e-01   8.2353300e-01   2.9899167e+00   1.0000000e+00
   2.3000000e+01   0.0000000e+00   4.9982400e-01   8.2353300e-01   2.9899167e+00   0.0000000e+00
   2.4000000e+01   0.0000000e+00   6.4335400e-01   8.2353300e-01   2.9899167e+00   0.0000000e+00
   2.5000000e+01   1.0000000e+00   1.5243240e+00   8.2353300e-01   2.9899167e+00   0.0000000e+00
   2.6000000e+01   0.0000000e+00   5.5084500e-01   8.2353300e-01   2.9899167e+00   0.0000000e+00
   2.7000000e+01   1.0000000e+00   8.1188100e-01   8.2353300e-01   2.9899167e+00   1.0000000e+00
   2.8000000e+01   0.0000000e+00   1.5752400e+00   8.2353300e-01   2.9899167e+00   1.0000000e+00
   2.9000000e+01   0.0000000e+00   4.6657800e-01   8.2353300e-01   2.9899167e+00   1.0000000e+00
   3.0000000e+01   1.0000000e+00   4.7758400e-01   8.2353300e-01   2.9899167e+00   0.0000000e+00
   3.1000000e+01   1.0000000e+00   5.8124200e-01   8.2353300e-01   2.9899167e+00   1.0000000e+00
   3.2000000e+01   0.0000000e+00   9.4623900e-01   8.2353300e-01   2.9899167e+00   1.0000000e+00
   3.3000000e+01   0.0000000e+00   1.7244270e+00   8.2353300e-01   2.9899167e+00   1.0000000e+00
   3.4000000e+01   1.0000000e+00   5.2883100e-01   8.2353300e-01   2.9899167e+00   0.0000000e+00
   3.5000000e+01   0.0000000e+00   8.4531400e-01   8.2353300e-01   2.9899167e+00   1.0000000e+00
   3.6000000e+01   0.0000000e+00   8.8276500e-01   8.2353300e-01   2.9899167e+00   0.0000000e+00
   3.7000000e+01   0.0000000e+00   1.0998310e+00   8.2353300e-01   2.9899167e+00   0.0000000e+00
   3.8000000e+01   1.0000000e+00   1.6337730e+00   8.2353300e-01   2.9899167e+00   0.0000000e+00
   3.9000000e+01   0.0000000e+00   9.5556100e-01   8.2353300e-01   2.9899167e+00   1.0000000e+00
   4.0000000e+01   1.0000000e+00   5.1538700e-01   8.2353300e-01   2.9899167e+00   1.0000000e+00
   4.1000000e+01   0.0000000e+00   9.0475300e-01   8.2353300e-01   2.9899167e+00   1.0000000e+00
   4.2000000e+01   1.0000000e+00   1.1075470e+00   8.2353300e-01   2.9899167e+00   0.0000000e+00
   4.3000000e+01   0.0000000e+00   1.8047550e+00   8.2353300e-01   2.9899167e+00   0.0000000e+00
   4.4000000e+01   0.0000000e+00   8.2254700e-01   8.2353300e-01   2.9899167e+00   0.0000000e+00
   4.5000000e+01   0.0000000e+00   2.3870520e+00   8.2353300e-01   2.9899167e+00   1.0000000e+00
   4.6000000e+01   0.0000000e+00   4.7927600e-01   8.2353300e-01   2.9899167e+00   1.0000000e+00
   4.7000000e+01   0.0000000e+00   9.5320000e-01   8.2353300e-01   2.9899167e+00   1.0000000e+00
   4.8000000e+01   1.0000000e+00   3.0268820e+00   8.2353300e-01   2.9899167e+00   1.0000000e+00
   4.9000000e+01   1.0000000e+00   1.9127620e+00   8.2353300e-01   2.9899167e+00   1.0000000e+00
   5.0000000e+01   0.0000000e+00   6.0968100e-01   8.2353300e-01   2.9899167e+00   0.0000000e+00
   5.1000000e+01   0.0000000e+00   5.6304400e-01   8.2353300e-01   2.9899167e+00   1.0000000e+00
   5.2000000e+01   0.0000000e+00   9.3347000e-01   8.2353300e-01   2.9899167e+00   0.0000000e+00
   5.3000000e+01   0.0000000e+00   1.2365330e+00   8.2353300e-01   2.9899167e+00   0.0000000e+00
   5.4000000e+01   1.0000000e+00   8.9542000e-01   8.2353300e-01   2.9899167e+00   0.0000000e+00
   5.5000000e+01   0.0000000e+00   6.9762300e-01   8.2353300e-01   2.9899167e+00   0.0000000e+00
   5.6000000e+01   0.0000000e+00   1.6557500e+00   8.2353300e-01   2.9899167e+00   1.0000000e+00
   5.7000000e+01   0.0000000e+00   5.8821100e-01   8.2353300e-01   2.9899167e+00   0.0000000e+00
   5.8000000e+01   0.0000000e+00   1.1714360e+00   8.2353300e-01   2.9899167e+00   1.0000000e+00
   5.9000000e+01   0.0000000e+00   1.2067480e+00   8.2353300e-01   2.9899167e+00   0.0000000e+00
   6.0000000e+01   1.0000000e+00   6.9830600e-01   8.2353300e-01   2.9899167e+00   1.0000000e+00
   6.1000000e+01   0.0000000e+00   7.4711400e-01   8.2353300e-01   2.9899167e+00   1.0000000e+00
   6.2000000e+01   1.0000000e+00   1.2518600e+00   8.2353300e-01   2.9899167e+00   0.0000000e+00
   6.3000000e+01   0.0000000e+00   1.1054700e+00   8.2353300e-01   2.9899167e+00   0.0000000e+00
   6.4000000e+01   0.0000000e+00   5.0853400e-01   8.2353300e-01   2.9899167e+00   1.0000000e+00
   6.5000000e+01   1.0000000e+00   8.2391100e-01   8.2353300e-01   2.9899167e+00   0.0000000e+00
   6.6000000e+01   0.0000000e+00   5.0559800e-01   8.2353300e-01   2.9899167e+00   1.0000000e+00
   6.7000000e+01   1.0000000e+00   5.2691200e-01   8.2353300e-01   2.9899167e+00   1.0000000e+00
   6.8000000e+01   0.0000000e+00   7.1778500e-01   8.2353300e-01   2.9899167e+00   0.0000000e+00
   6.9000000e+01   0.0000000e+00   4.5933900e-01   8.2353300e-01   2.9899167e+00   0.0000000e+00
   7.0000000e+01   1.0000000e+00   6.7151000e-01   8.2353300e-01   2.9899167e+00   1.0000000e+00
   7.1000000e+01   0.0000000e+00   6.3144800e-01   8.2353300e-01   2.9899167e+00   1.0000000e+00
   7.2000000e+01   1.0000000e+00   7.9886200e-01   8.2353300e-01   2.9899167e+00   0.0000000e+00
   7.3000000e+01   0.0000000e+00   4.9517200e-01   8.2353300e-01   2.9899167e+00   1.0000000e+00
   7.4000000e+01   0.0000000e+00   9.4264000e-01   8.2353300e-01   2.9899167e+00   1.0000000e+00
   7.5000000e+01   0.0000000e+00   5.8107200e-01   8.2353300e-01   2.9899167e+00   1.0000000e+00
   7.6000000e+01   0.0000000e+00   7.6306900e-01   8.2353300e-01   2.9899167e+00   1.0000000e+00
   7.7000000e+01   1.0000000e+00   1.3822060e+00   8.2353300e-01   2.9899167e+00   1.0000000e+00
   7.8000000e+01   0.0000000e+00   5.0167700e-01   8.2353300e-01   2.9899167e+00   1.0000000e+00
   7.9000000e+01   0.0000000e+00   1.0592370e+00   8.2353300e-01   2.9899167e+00   0.0000000e+00
   8.0000000e+01   0.0000000e+00   4.4320200e-01   8.2353300e-01   2.9899167e+00   1.0000000e+00
   8.1000000e+01   1.0000000e+00   3.6466000e+00   8.2353300e-01   2.9899167e+00   0.0000000e+00
   8.2000000e+01   0.0000000e+00   7.3045000e-01   8.2353300e-01   2.9899167e+00   0.0000000e+00
   8.3000000e+01   0.0000000e+00   5.6931000e-01   8.2353300e-01   2.9899167e+00   1.0000000e+00
   8.4000000e+01   1.0000000e+00   5.0278900e-01   8.2353300e-01   2.9899167e+00   0.0000000e+00
   8.5000000e+01   0.0000000e+00   1.6661890e+00   8.2353300e-01   2.9899167e+00   0.0000000e+00
   8.6000000e+01   1.0000000e+00   8.7462700e-01   8.2353300e-01   2.9899167e+00   1.0000000e+00
   8.7000000e+01   0.0000000e+00   4.4548600e-01   8.2353300e-01   2.9899167e+00   0.0000000e+00
   8.8000000e+01   0.0000000e+00   5.3549600e-01   8.2353300e-01   2.9899167e+00   0.0000000e+00
   8.9000000e+01   0.0000000e+00   1.4988460e+00   8.2353300e-01   2.9899167e+00   0.0000000e+00
   9.0000000e+01   0.0000000e+00   5.7421800e-01   8.2353300e-01   2.9899167e+00   0.0000000e+00
   9.1000000e+01   0.0000000e+00   7.1450400e-01   8.2353300e-01   2.9899167e+00   1.0000000e+00
   9.2000000e+01   0.0000000e+00   6.9247000e-01   8.2353300e-01   2.9899167e+00   0.0000000e+00
   9.3000000e+01   0.0000000e+00   6.2300100e-01   8.2353300e-01   2.9899167e+00   1.0000000e+00
   9.4000000e+01   0.0000000e+00   1.5565010e+00   8.2353300e-01   2.9899167e+00   0.0000000e+00
   9.5000000e+01   0.0000000e+00   5.6393500e-01   8.2353300e-01   2.9899167e+00   1.0000000e+00
   9.6000000e+01   1.0000000e+00   8.7631000e-01   8.2353300e-01   2.9899167e+00   0.0000000e+00
   9.7000000e+01   0.0000000e+00   1.0035160e+00   8.2353300e-01   2.9899167e+00   1.0000000e+00
   9.8000000e+01   1.0000000e+00   1.6065490e+00   8.2353300e-01   2.9899167e+00   1.0000000e+00
   9.9000000e+01   0.0000000e+00   1.0476940e+00   8.2353300e-01   2.9899167e+00   0.0000000e+00
   1.0000000e+02   1.0000000e+00   9.3308200e-01   8.2353300e-01   2.9899167e+00   0.0000000e+00
   1.0100000e+02   0.0000000e+00   1.5293890e+00   8.2353300e-01   2.9899167e+00   1.0000000e+00
   1.0200000e+02   0.0000000e+00   8.3531700e-01   8.2353300e-01   2.9899167e+00   0.0000000e+00
   1.0300000e+02   0.0000000e+00   1.2561300e+00   8.2353300e-01   2.9899167e+00   1.0000000e+00
   1.0400000e+02   0.0000000e+00   4.8272300e-01   8.2353300e-01   2.9899167e+00   0.0000000e+00
   1.0500000e+02   1.0000000e+00   6.3079600e-01   8.2353300e-01   2.9899167e+00   1.0000000e+00
   1.0600000e+02   0.0000000e+00   7.7106600e-01   8.2353300e-01   2.9899167e+00   0.0000000e+00
   1.0700000e+02   1.0000000e+00   6.2042000e-01   8.2353300e-01   2.9899167e+00   1.0000000e+00
   1.0800000e+02   0.0000000e+00   1.1935630e+00   8.2353300e-01   2.9899167e+00   1.0000000e+00
   1.0900000e+02   0.0000000e+00   2.0053680e+00   8.2353300e-01   2.9899167e+00   0.0000000e+00
   1.1000000e+02   0.0000000e+00   1.3073380e+00   8.2353300e-01   2.9899167e+00   1.0000000e+00
   1.1100000e+02   0.0000000e+00   1.4137850e+00   8.2353300e-01   2.9899167e+00   1.0000000e+00
   1.1200000e+02   0.0000000e+00   5.1893000e-01   8.2353300e-01   2.9899167e+00   0.0000000e+00
   1.1300000e+02   0.0000000e+00   7.8246900e-01   8.2353300e-01   2.9899167e+00   0.0000000e+00
   1.1400000e+02   1.0000000e+00   8.0674600e-01   8.2353300e-01   2.9899167e+00   0.0000000e+00
   1.1500000e+02   0.0000000e+00   6.2048400e-01   8.2353300e-01   2.9899167e+00   0.0000000e+00
   1.1600000e+02   1.0000000e+00   4.6006900e-01   8.2353300e-01   2.9899167e+00   1.0000000e+00
   1.1700000e+02   0.0000000e+00   5.8717400e-01   8.2353300e-01   2.9899167e+00   0.0000000e+00
   1.1800000e+02   0.0000000e+00   1.0621650e+00   8.2353300e-01   2.9899167e+00   1.0000000e+00
   1.1900000e+02   0.0000000e+00   4.6828400e-01   8.2353300e-01   2.9899167e+00   0.0000000e+00
   1.2000000e+02   0.0000000e+00   7.2882100e-01   8.2353300e-01   2.9899167e+00   1.0000000e+00
   1.2100000e+02   1.0000000e+00   1.1821490e+00   8.2353300e-01   2.9899167e+00   0.0000000e+00
   1.2200000e+02   0.0000000e+00   8.4504100e-01   8.2353300e-01   2.9899167e+00   0.0000000e+00
   1.2300000e+02   1.0000000e+00   6.4420000e-01   8.2353300e-01   2.9899167e+00   0.0000000e+00
   1.2400000e+02   1.0000000e+00   1.1758830e+00   8.2353300e-01   2.9899167e+00   1.0000000e+00
   1.2500000e+02   0.0000000e+00   8.2020100e-01   8.2353300e-01   2.9899167e+00   1.0000000e+00
   1.2600000e+02   0.0000000e+00   5.6446800e-01   8.2353300e-01   2.9899167e+00   1.0000000e+00
   1.2700000e+02   0.0000000e+00   5.9864400e-01   8.2353300e-01   2.9899167e+00   1.0000000e+00
   1.2800000e+02   0.0000000e+00   1.2435980e+00   8.2353300e-01   2.9899167e+00   1.0000000e+00
   1.2900000e+02   1.0000000e+00   5.9142300e-01   8.2353300e-01   2.9899167e+00   0.0000000e+00
   1.3000000e+02   0.0000000e+00   5.1269500e-01   8.2353300e-01   2.9899167e+00   0.0000000e+00
   1.3100000e+02   0.0000000e+00   7.6491700e-01   8.2353300e-01   2.9899167e+00   0.0000000e+00
   1.3200000e+02   0.0000000e+00   4.7998400e-01   8.2353300e-01   2.9899167e+00   0.0000000e+00
   1.3300000e+02   1.0000000e+00   4.6143200e-01   8.2353300e-01   2.9899167e+00   1.0000000e+00
   1.3400000e+02   0.0000000e+00   1.2293670e+00   8.2353300e-01   2.9899167e+00   1.0000000e+00
   1.3500000e+02   1.0000000e+00   6.4991500e-01   8.2353300e-01   2.9899167e+00   1.0000000e+00
   1.3600000e+02   1.0000000e+00   5.9792800e-01   8.2353300e-01   2.9899167e+00   0.0000000e+00
