1	0	2.170376	0.836749	3.2562579806	0
2	0	0.776156	0.836749	3.2562579806	0
3	0	1.074260	0.836749	3.2562579806	0
4	0	0.864292	0.836749	3.2562579806	0
5	1	1.227057	0.836749	3.2562579806	0
6	1	0.570031	0.836749	3.2562579806	1
7	0	1.040104	0.836749	3.2562579806	1
8	0	0.902056	0.836749	3.2562579806	1
9	0	1.495713	0.836749	3.2562579806	1
10	0	0.989771	0.836749	3.2562579806	1
11	0	0.889377	0.836749	3.2562579806	0
12	1	0.738490	0.836749	3.2562579806	0
13	0	1.949270	0.836749	3.2562579806	0
14	1	1.996791	0.836749	3.2562579806	1
15	1	0.762446	0.836749	3.2562579806	1
16	0	0.986246	0.836749	3.2562579806	1
17	1	0.907907	0.836749	3.2562579806	0
18	0	0.603954	0.836749	3.2562579806	0
19	0	0.595896	0.836749	3.2562579806	1
20	0	0.605230	0.836749	3.2562579806	1
21	1	1.603637	0.836749	3.2562579806	1
22	0	0.637402	0.836749	3.2562579806	0
23	0	0.625676	0.836749	3.2562579806	1
24	1	0.578581	0.836749	3.2562579806	0
25	0	0.533468	0.836749	3.2562579806	0
26	0	1.073726	0.836749	3.2562579806	0
27	0	0.691623	0.836749	3.2562579806	1
28	0	0.852497	0.836749	3.2562579806	1
29	0	0.703500	0.836749	3.2562579806	0
30	1	1.344282	0.836749	3.2562579806	1
31	0	2.153289	0.836749	3.2562579806	0
32	1	1.296154	0.836749	3.2562579806	0
33	0	0.888724	0.836749	3.2562579806	1
34	0	0.685307	0.836749	3.2562579806	1
35	0	0.933082	0.836749	3.2562579806	1
36	0	1.465025	0.836749	3.2562579806	0
37	1	0.885198	0.836749	3.2562579806	0
38	0	0.780341	0.836749	3.2562579806	1
39	1	0.626272	0.836749	3.2562579806	1
40	0	0.786917	0.836749	3.2562579806	1
41	1	0.599028	0.836749	3.2562579806	0
42	0	1.009812	0.836749	3.2562579806	0
43	0	0.662492	0.836749	3.2562579806	1
44	0	1.529240	0.836749	3.2562579806	1
45	1	0.529320	0.836749	3.2562579806	1
46	0	1.249940	0.836749	3.2562579806	0
47	0	0.565353	0.836749	3.2562579806	0
48	0	2.967101	0.836749	3.2562579806	0
49	0	1.138627	0.836749	3.2562579806	1
50	1	0.640031	0.836749	3.2562579806	1
51	0	0.507037	0.836749	3.2562579806	0
52	0	0.613556	0.836749	3.2562579806	0
53	0	1.962648	0.836749	3.2562579806	0
54	1	0.888275	0.836749	3.2562579806	0
55	0	0.994663	0.836749	3.2562579806	1
56	1	0.542971	0.836749	3.2562579806	1
57	0	0.858213	0.836749	3.2562579806	0
58	1	0.619278	0.836749	3.2562579806	0
59	0	0.653708	0.836749	3.2562579806	1
60	0	0.748487	0.836749	3.2562579806	1
61	0	0.539877	0.836749	3.2562579806	1
62	0	1.289631	0.836749	3.2562579806	0
63	1	1.329534	0.836749	3.2562579806	0
64	0	0.895699	0.836749	3.2562579806	1
65	0	1.503057	0.836749	3.2562579806	0
66	0	1.156639	0.836749	3.2562579806	0
67	0	0.879737	0.836749	3.2562579806	1
68	1	0.720227	0.836749	3.2562579806	1
69	0	1.708535	0.836749	3.2562579806	1
70	0	1.726637	0.836749	3.2562579806	0
71	1	0.810460	0.836749	3.2562579806	1
72	0	0.548499	0.836749	3.2562579806	1
73	0	1.089691	0.836749	3.2562579806	0
74	0	1.123924	0.836749	3.2562579806	1
75	0	0.525844	0.836749	3.2562579806	1
76	0	0.673029	0.836749	3.2562579806	0
77	0	0.664545	0.836749	3.2562579806	1
78	0	0.760055	0.836749	3.2562579806	1
79	1	0.784590	0.836749	3.2562579806	0
80	0	0.556880	0.836749	3.2562579806	1
81	1	0.641931	0.836749	3.2562579806	1
82	0	1.118644	0.836749	3.2562579806	1
83	0	0.788418	0.836749	3.2562579806	0
84	1	1.159312	0.836749	3.2562579806	0
85	0	0.545632	0.836749	3.2562579806	0
86	0	0.643477	0.836749	3.2562579806	0
87	0	0.958374	0.836749	3.2562579806	1
88	1	0.516573	0.836749	3.2562579806	0
89	0	0.673452	0.836749	3.2562579806	0
90	0	0.825214	0.836749	3.2562579806	0
91	0	0.503430	0.836749	3.2562579806	0
92	1	0.757234	0.836749	3.2562579806	1
93	0	0.607095	0.836749	3.2562579806	0
94	1	0.503517	0.836749	3.2562579806	0
95	0	2.166664	0.836749	3.2562579806	1
96	1	0.823267	0.836749	3.2562579806	1
97	0	0.758841	0.836749	3.2562579806	0
98	1	1.226479	0.836749	3.2562579806	0
99	0	0.509349	0.836749	3.2562579806	1
100	0	3.357837	0.836749	3.2562579806	0
101	0	1.180687	0.836749	3.2562579806	1
102	0	0.861581	0.836749	3.2562579806	1
103	1	1.359826	0.836749	3.2562579806	1
104	0	0.886307	0.836749	3.2562579806	1
105	0	1.072688	0.836749	3.2562579806	1
106	1	1.358735	0.836749	3.2562579806	1
107	0	1.703682	0.836749	3.2562579806	1
108	0	1.908888	0.836749	3.2562579806	1
109	1	1.116036	0.836749	3.2562579806	0
110	0	0.703163	0.836749	3.2562579806	1
111	0	1.243901	0.836749	3.2562579806	1
112	0	1.137897	0.836749	3.2562579806	1
113	0	1.506411	0.836749	3.2562579806	1
114	1	1.031814	0.836749	3.2562579806	1
115	1	0.703639	0.836749	3.2562579806	0
116	0	0.505124	0.836749	3.2562579806	0
117	0	0.959590	0.836749	3.2562579806	1
118	1	2.102933	0.836749	3.2562579806	0
119	0	0.695111	0.836749	3.2562579806	0
120	0	0.639121	0.836749	3.2562579806	1
121	1	0.884244	0.836749	3.2562579806	1
122	0	0.694137	0.836749	3.2562579806	0
123	0	0.883541	0.836749	3.2562579806	0
124	0	2.887294	0.836749	3.2562579806	1
125	0	0.952394	0.836749	3.2562579806	0
126	0	0.886769	0.836749	3.2562579806	0
127	0	1.005163	0.836749	3.2562579806	0
128	0	0.787451	0.836749	3.2562579806	0
129	1	0.834903	0.836749	3.2562579806	0
130	0	1.013874	0.836749	3.2562579806	0
131	1	0.600436	0.836749	3.2562579806	1
132	0	0.830010	0.836749	3.2562579806	0
133	0	0.607412	0.836749	3.2562579806	0
134	0	0.639656	0.836749	3.2562579806	0
135	1	1.083479	0.836749	3.2562579806	1
136	1	0.790373	0.836749	3.2562579806	0
