1	0	2.964125	0.834333	2.8191924175	0
2	0	0.509524	0.834333	2.8191924175	1
3	1	0.825647	0.834333	2.8191924175	0
4	0	0.834748	0.834333	2.8191924175	0
5	0	0.999729	0.834333	2.8191924175	0
6	1	0.775410	0.834333	2.8191924175	1
7	0	0.892578	0.834333	2.8191924175	1
8	0	1.292609	0.834333	2.8191924175	1
9	1	0.801671	0.834333	2.8191924175	0
10	0	1.550548	0.834333	2.8191924175	1
11	0	0.929807	0.834333	2.8191924175	0
12	1	0.532212	0.834333	2.8191924175	1
13	0	0.988265	0.834333	2.8191924175	1
14	1	0.713499	0.834333	2.8191924175	1
15	0	2.737789	0.834333	2.8191924175	0
16	1	0.561200	0.834333	2.8191924175	0
17	0	1.338635	0.834333	2.8191924175	1
18	0	0.606361	0.834333	2.8191924175	1
19	0	1.242844	0.834333	2.8191924175	1
20	1	0.678341	0.834333	2.8191924175	1
21	0	0.793159	0.834333	2.8191924175	1
22	0	1.212343	0.834333	2.8191924175	0
23	0	0.652557	0.834333	2.8191924175	1
24	0	1.661001	0.834333	2.8191924175	0
25	0	0.788204	0.834333	2.8191924175	0
26	1	1.374176	0.834333	2.8191924175	0
27	0	0.618867	0.834333	2.8191924175	0
28	0	0.698277	0.834333	2.8191924175	0
29	0	0.996281	0.834333	2.8191924175	0
30	1	1.077630	0.834333	2.8191924175	1
31	0	0.698353	0.834333	2.8191924175	0
32	0	0.633846	0.834333	2.8191924175	1
33	0	1.049314	0.834333	2.8191924175	1
34	0	1.486483	0.834333	2.8191924175	0
35	1	0.905527	0.834333	2.8191924175	0
36	0	0.724920	0.834333	2.8191924175	1
37	0	0.558039	0.834333	2.8191924175	0
38	1	2.629635	0.834333	2.8191924175	0
39	0	0.967356	0.834333	2.8191924175	1
40	1	0.672499	0.834333	2.8191924175	1
41	0	0.910137	0.834333	2.8191924175	0
42	1	0.872479	0.834333	2.8191924175	0
43	0	0.628497	0.834333	2.8191924175	1
44	0	1.006919	0.834333	2.8191924175	1
45	0	0.515930	0.834333	2.8191924175	0
46	1	0.966524	0.834333	2.8191924175	1
47	0	2.352013	0.834333	2.8191924175	0
48	0	1.127880	0.834333	2.8191924175	1
49	0	0.839267	0.834333	2.8191924175	0
50	1	0.523696	0.834333	2.8191924175	1
51	0	1.251753	0.834333	2.8191924175	1
52	0	0.601032	0.834333	2.8191924175	1
53	0	0.958321	0.834333	2.8191924175	0
54	0	0.704912	0.834333	2.8191924175	0
55	0	0.596795	0.834333	2.8191924175	1
56	1	1.149448	0.834333	2.8191924175	0
57	1	0.570427	0.834333	2.8191924175	1
58	0	0.538585	0.834333	2.8191924175	0
59	1	0.638899	0.834333	2.8191924175	0
60	0	1.180539	0.834333	2.8191924175	1
61	1	0.764750	0.834333	2.8191924175	0
62	0	0.811872	0.834333	2.8191924175	0
63	0	1.996749	0.834333	2.8191924175	1
64	0	1.093200	0.834333	2.8191924175	1
65	1	1.799158	0.834333	2.8191924175	1
66	0	0.797452	0.834333	2.8191924175	0
67	0	0.734636	0.834333	2.8191924175	0
68	0	0.586535	0.834333	2.8191924175	1
69	0	0.952999	0.834333	2.8191924175	1
70	0	0.562662	0.834333	2.8191924175	0
71	0	1.068661	0.834333	2.8191924175	0
72	0	0.705449	0.834333	2.8191924175	0
73	1	2.053706	0.834333	2.8191924175	1
74	0	0.618171	0.834333	2.8191924175	0
75	0	0.576853	0.834333	2.8191924175	0
76	1	0.558421	0.834333	2.8191924175	0
77	0	0.780248	0.834333	2.8191924175	0
78	1	0.714122	0.834333	2.8191924175	1
79	0	0.551390	0.834333	2.8191924175	0
80	0	0.540957	0.834333	2.8191924175	1
81	0	1.706340	0.834333	2.8191924175	1
82	0	1.052903	0.834333	2.8191924175	1
83	1	0.658184	0.834333	2.8191924175	0
84	0	0.591370	0.834333	2.8191924175	1
85	1	0.733637	0.834333	2.8191924175	0
86	0	0.759722	0.834333	2.8191924175	1
87	0	0.567641	0.834333	2.8191924175	1
88	1	1.315150	0.834333	2.8191924175	1
89	0	0.782773	0.834333	2.8191924175	0
90	0	0.631747	0.834333	2.8191924175	0
91	0	1.176600	0.834333	2.8191924175	0
92	0	0.653713	0.834333	2.8191924175	1
93	0	0.781750	0.834333	2.8191924175	1
94	0	1.127638	0.834333	2.8191924175	1
95	0	0.670934	0.834333	2.8191924175	0
96	1	0.500027	0.834333	2.8191924175	0
97	0	2.067249	0.834333	2.8191924175	1
98	0	0.867648	0.834333	2.8191924175	1
99	1	0.648655	0.834333	2.8191924175	1
100	0	0.583250	0.834333	2.8191924175	0
101	1	1.647583	0.834333	2.8191924175	0
102	0	0.666843	0.834333	2.8191924175	1
103	1	1.426223	0.834333	2.8191924175	1
104	0	1.154964	0.834333	2.8191924175	0
105	0	1.351549	0.834333	2.8191924175	1
106	0	0.667888	0.834333	2.8191924175	1
107	0	0.508061	0.834333	2.8191924175	0
108	1	1.064918	0.834333	2.8191924175	1
109	0	0.503954	0.834333	2.8191924175	0
110	0	1.537453	0.834333	2.8191924175	0
111	0	0.513818	0.834333	2.8191924175	0
112	0	1.307365	0.834333	2.8191924175	1
113	0	0.501740	0.834333	2.8191924175	0
114	1	1.228336	0.834333	2.8191924175	0
115	1	0.716980	0.834333	2.8191924175	1
116	0	0.760008	0.834333	2.8191924175	0
117	0	1.345667	0.834333	2.8191924175	1
118	0	2.200469	0.834333	2.8191924175	0
119	0	2.289392	0.834333	2.8191924175	1
120	1	0.677600	0.834333	2.8191924175	0
121	1	1.019173	0.834333	2.8191924175	0
122	0	0.537254	0.834333	2.8191924175	1
123	0	2.601929	0.834333	2.8191924175	1
124	0	0.870362	0.834333	2.8191924175	0
125	0	1.039235	0.834333	2.8191924175	1
126	0	0.553881	0.834333	2.8191924175	1
127	1	1.469319	0.834333	2.8191924175	1
128	0	1.253668	0.834333	2.8191924175	0
129	0	0.861868	0.834333	2.8191924175	1
130	1	0.650019	0.834333	2.8191924175	0
131	0	0.548596	0.834333	2.8191924175	1
132	1	2.548339	0.834333	2.8191924175	1
133	0	1.598974	0.834333	2.8191924175	0
134	0	0.562929	0.834333	2.8191924175	0
135	1	0.508462	0.834333	2.8191924175	1
136	1	1.252201	0.834333	2.8191924175	0
