1	0	0.647626	0.821528	3.1793170040	1
2	0	1.602020	0.821528	3.1793170040	1
3	0	0.579975	0.821528	3.1793170040	0
4	0	0.630130	0.821528	3.1793170040	0
5	1	0.857643	0.821528	3.1793170040	1
6	1	1.591662	0.821528	3.1793170040	0
7	0	0.757488	0.821528	3.1793170040	1
8	0	3.367080	0.821528	3.1793170040	1
9	0	1.108714	0.821528	3.1793170040	1
10	0	1.022456	0.821528	3.1793170040	1
11	1	1.495089	0.821528	3.1793170040	1
12	1	0.684327	0.821528	3.1793170040	0
13	0	1.469285	0.821528	3.1793170040	0
14	0	1.029820	0.821528	3.1793170040	1
15	0	0.616051	0.821528	3.1793170040	0
16	1	0.803259	0.821528	3.1793170040	0
17	0	2.296841	0.821528	3.1793170040	0
18	1	1.190488	0.821528	3.1793170040	1
19	0	0.858855	0.821528	3.1793170040	0
20	1	0.683389	0.821528	3.1793170040	0
21	0	1.381400	0.821528	3.1793170040	0
22	0	0.506447	0.821528	3.1793170040	1
23	0	0.692599	0.821528	3.1793170040	1
24	0	0.601451	0.821528	3.1793170040	0
25	1	0.901197	0.821528	3.1793170040	1
26	0	1.018995	0.821528	3.1793170040	0
27	0	0.958619	0.821528	3.1793170040	1
28	0	1.191809	0.821528	3.1793170040	1
29	0	0.738868	0.821528	3.1793170040	1
30	0	0.778669	0.821528	3.1793170040	0
31	1	1.327623	0.821528	3.1793170040	0
32	0	1.267846	0.821528	3.1793170040	0
33	1	1.439120	0.821528	3.1793170040	1
34	0	0.568395	0.821528	3.1793170040	0
35	0	1.013852	0.821528	3.1793170040	0
36	0	0.933216	0.821528	3.1793170040	0
37	1	1.049216	0.821528	3.1793170040	1
38	0	0.745331	0.821528	3.1793170040	1
39	0	0.580471	0.821528	3.1793170040	1
40	1	0.666473	0.821528	3.1793170040	0
41	0	1.424097	0.821528	3.1793170040	0
42	1	0.701928	0.821528	3.1793170040	1
43	0	1.054698	0.821528	3.1793170040	0
44	0	1.336357	0.821528	3.1793170040	0
45	1	0.506693	0.821528	3.1793170040	0
46	0	0.745975	0.821528	3.1793170040	0
47	0	1.699492	0.821528	3.1793170040	0
48	0	1.946398	0.821528	3.1793170040	1
49	0	0.998982	0.821528	3.1793170040	1
50	0	1.297633	0.821528	3.1793170040	0
51	0	1.077252	0.821528	3.1793170040	1
52	0	0.810839	0.821528	3.1793170040	1
53	0	0.535242	0.821528	3.1793170040	1
54	1	0.619468	0.821528	3.1793170040	0
55	0	0.536082	0.821528	3.1793170040	0
56	1	0.650872	0.821528	3.1793170040	1
57	0	0.536614	0.821528	3.1793170040	0
58	1	0.840787	0.821528	3.1793170040	0
59	0	1.606353	0.821528	3.1793170040	1
60	0	1.167464	0.821528	3.1793170040	0
61	0	0.545389	0.821528	3.1793170040	1
62	0	0.725862	0.821528	3.1793170040	1
63	0	0.531318	0.821528	3.1793170040	1
64	0	0.519664	0.821528	3.1793170040	0
65	1	0.548463	0.821528	3.1793170040	1
66	0	0.782339	0.821528	3.1793170040	0
67	1	1.164721	0.821528	3.1793170040	1
68	0	0.869289	0.821528	3.1793170040	1
69	0	0.638803	0.821528	3.1793170040	0
70	0	1.220697	0.821528	3.1793170040	0
71	0	0.721174	0.821528	3.1793170040	1
72	0	0.742515	0.821528	3.1793170040	0
73	1	0.649047	0.821528	3.1793170040	0
74	0	0.792048	0.821528	3.1793170040	1
75	1	1.244529	0.821528	3.1793170040	0
76	0	0.728981	0.821528	3.1793170040	0
77	0	0.904673	0.821528	3.1793170040	1
78	1	2.010653	0.821528	3.1793170040	1
79	0	1.080899	0.821528	3.1793170040	1
80	0	0.836335	0.821528	3.1793170040	0
81	1	2.828998	0.821528	3.1793170040	0
82	0	0.508632	0.821528	3.1793170040	0
83	1	0.935420	0.821528	3.1793170040	1
84	0	1.511586	0.821528	3.1793170040	1
85	0	2.058419	0.821528	3.1793170040	0
86	1	1.152285	0.821528	3.1793170040	1
87	0	0.702530	0.821528	3.1793170040	1
88	1	2.040391	0.821528	3.1793170040	0
89	0	0.627057	0.821528	3.1793170040	1
90	0	0.717197	0.821528	3.1793170040	0
91	0	0.635268	0.821528	3.1793170040	0
92	0	0.602621	0.821528	3.1793170040	1
93	1	0.786018	0.821528	3.1793170040	1
94	0	0.661199	0.821528	3.1793170040	0
95	1	0.647075	0.821528	3.1793170040	0
96	0	3.047898	0.821528	3.1793170040	0
97	0	0.558478	0.821528	3.1793170040	1
98	0	1.884687	0.821528	3.1793170040	1
99	1	0.608345	0.821528	3.1793170040	1
100	0	0.917472	0.821528	3.1793170040	1
101	0	1.426000	0.821528	3.1793170040	0
102	0	0.530956	0.821528	3.1793170040	1
103	1	0.664568	0.821528	3.1793170040	0
104	1	0.594458	0.821528	3.1793170040	0
105	0	0.773242	0.821528	3.1793170040	1
106	0	0.979652	0.821528	3.1793170040	1
107	0	0.651838	0.821528	3.1793170040	1
108	1	1.043251	0.821528	3.1793170040	1
109	0	0.589863	0.821528	3.1793170040	0
110	0	0.782384	0.821528	3.1793170040	1
111	0	0.528757	0.821528	3.1793170040	0
112	1	0.779619	0.821528	3.1793170040	0
113	0	0.624145	0.821528	3.1793170040	0
114	0	0.729686	0.821528	3.1793170040	1
115	0	2.396376	0.821528	3.1793170040	0
116	0	0.628663	0.821528	3.1793170040	1
117	1	0.844697	0.821528	3.1793170040	1
118	0	0.912773	0.821528	3.1793170040	0
119	0	2.779554	0.821528	3.1793170040	0
120	0	1.201217	0.821528	3.1793170040	1
121	1	0.739830	0.821528	3.1793170040	1
122	0	0.686343	0.821528	3.1793170040	1
123	0	0.692545	0.821528	3.1793170040	0
124	1	0.734978	0.821528	3.1793170040	0
125	0	0.775391	0.821528	3.1793170040	1
126	0	0.709146	0.821528	3.1793170040	1
127	0	0.589217	0.821528	3.1793170040	1
128	0	1.363828	0.821528	3.1793170040	0
129	0	0.725268	0.821528	3.1793170040	0
130	1	0.867490	0.821528	3.1793170040	1
131	0	0.654618	0.821528	3.1793170040	0
132	1	0.664239	0.821528	3.1793170040	0
133	0	1.270794	0.821528	3.1793170040	0
134	0	1.308823	0.821528	3.1793170040	1
135	1	0.915047	0.821528	3.1793170040	0
136	1	1.404743	0.821528	3.1793170040	1
