1	0	2.188970	0.833359	2.9538921135	0
2	0	0.985382	0.833359	2.9538921135	0
3	1	0.802006	0.833359	2.9538921135	1
4	0	1.035857	0.833359	2.9538921135	0
5	1	1.031400	0.833359	2.9538921135	0
6	0	0.647654	0.833359	2.9538921135	1
7	0	1.281104	0.833359	2.9538921135	1
8	1	3.630768	0.833359	2.9538921135	1
9	1	1.182418	0.833359	2.9538921135	0
10	0	0.545870	0.833359	2.9538921135	0
11	0	1.049374	0.833359	2.9538921135	1
12	0	0.676349	0.833359	2.9538921135	0
13	1	1.805520	0.833359	2.9538921135	0
14	0	1.025888	0.833359	2.9538921135	0
15	0	0.786843	0.833359	2.9538921135	0
16	0	0.705743	0.833359	2.9538921135	1
17	0	0.658155	0.833359	2.9538921135	1
18	0	0.867775	0.833359	2.9538921135	1
19	1	0.860359	0.833359	2.9538921135	1
20	1	0.527046	0.833359	2.9538921135	0
21	0	0.503136	0.833359	2.9538921135	1
22	1	0.916610	0.833359	2.9538921135	1
23	0	1.871628	0.833359	2.9538921135	0
24	0	0.561991	0.833359	2.9538921135	0
25	0	1.630056	0.833359	2.9538921135	1
26	0	0.769154	0.833359	2.9538921135	1
27	0	0.513709	0.833359	2.9538921135	0
28	0	1.048866	0.833359	2.9538921135	1
29	0	1.107491	0.833359	2.9538921135	0
30	1	1.379694	0.833359	2.9538921135	0
31	0	1.333520	0.833359	2.9538921135	0
32	1	0.866850	0.833359	2.9538921135	1
33	0	1.168392	0.833359	2.9538921135	1
34	1	1.144279	0.833359	2.9538921135	1
35	0	1.762914	0.833359	2.9538921135	0
36	0	1.716433	0.833359	2.9538921135	0
37	1	0.537288	0.833359	2.9538921135	0
38	0	0.893585	0.833359	2.9538921135	0
39	1	0.756137	0.833359	2.9538921135	1
40	0	1.605606	0.833359	2.9538921135	0
41	0	0.839962	0.833359	2.9538921135	0
42	0	2.397737	0.833359	2.9538921135	0
43	1	1.186672	0.833359	2.9538921135	0
44	0	1.733667	0.833359	2.9538921135	1
45	1	0.836658	0.833359	2.9538921135	0
46	0	0.824581	0.833359	2.9538921135	1
47	1	0.667389	0.833359	2.9538921135	1
48	0	0.790529	0.833359	2.9538921135	1
49	0	0.574466	0.833359	2.9538921135	1
50	0	0.667836	0.833359	2.9538921135	0
51	1	0.743045	0.833359	2.9538921135	0
52	1	0.520700	0.833359	2.9538921135	1
53	0	0.542207	0.833359	2.9538921135	0
54	1	0.778261	0.833359	2.9538921135	1
55	0	1.072267	0.833359	2.9538921135	1
56	0	0.960220	0.833359	2.9538921135	1
57	0	0.533322	0.833359	2.9538921135	1
58	0	1.105225	0.833359	2.9538921135	1
59	0	1.107155	0.833359	2.9538921135	1
60	0	0.718340	0.833359	2.9538921135	1
61	1	1.136898	0.833359	2.9538921135	0
62	0	1.237678	0.833359	2.9538921135	1
63	1	1.022625	0.833359	2.9538921135	0
64	0	0.644490	0.833359	2.9538921135	1
65	0	1.072688	0.833359	2.9538921135	0
66	1	0.682978	0.833359	2.9538921135	1
67	0	0.580637	0.833359	2.9538921135	0
68	0	0.800016	0.833359	2.9538921135	0
69	0	0.793156	0.833359	2.9538921135	1
70	0	1.019931	0.833359	2.9538921135	0
71	0	1.404051	0.833359	2.9538921135	1
72	0	0.687140	0.833359	2.9538921135	1
73	0	0.893216	0.833359	2.9538921135	0
74	1	0.654059	0.833359	2.9538921135	0
75	0	0.619253	0.833359	2.9538921135	0
76	1	0.998775	0.833359	2.9538921135	1
77	0	1.029259	0.833359	2.9538921135	1
78	0	0.537832	0.833359	2.9538921135	1
79	1	2.865105	0.833359	2.9538921135	1
80	0	1.199023	0.833359	2.9538921135	1
81	0	0.567302	0.833359	2.9538921135	0
82	0	0.918343	0.833359	2.9538921135	0
83	0	0.628971	0.833359	2.9538921135	1
84	1	1.516277	0.833359	2.9538921135	0
85	0	1.872483	0.833359	2.9538921135	1
86	1	0.911638	0.833359	2.9538921135	1
87	0	0.756715	0.833359	2.9538921135	1
88	0	1.763625	0.833359	2.9538921135	0
89	0	0.753941	0.833359	2.9538921135	1
90	1	0.851471	0.833359	2.9538921135	0
91	0	0.616344	0.833359	2.9538921135	1
92	0	0.999507	0.833359	2.9538921135	0
93	0	1.065904	0.833359	2.9538921135	0
94	0	0.593921	0.833359	2.9538921135	1
95	1	0.913990	0.833359	2.9538921135	1
96	0	0.507523	0.833359	2.9538921135	0
97	1	0.903697	0.833359	2.9538921135	0
98	0	0.626699	0.833359	2.9538921135	0
99	0	0.673714	0.833359	2.9538921135	0
100	0	2.543940	0.833359	2.9538921135	0
101	0	1.153086	0.833359	2.9538921135	1
102	1	0.777227	0.833359	2.9538921135	0
103	0	1.535820	0.833359	2.9538921135	0
104	0	0.865091	0.833359	2.9538921135	0
105	0	0.534869	0.833359	2.9538921135	0
106	1	0.921844	0.833359	2.9538921135	1
107	0	0.505180	0.833359	2.9538921135	0
108	0	1.244172	0.833359	2.9538921135	1
109	1	1.192269	0.833359	2.9538921135	0
110	0	0.563824	0.833359	2.9538921135	0
111	0	0.605024	0.833359	2.9538921135	0
112	0	0.599129	0.833359	2.9538921135	0
113	0	1.861907	0.833359	2.9538921135	1
114	0	0.608548	0.833359	2.9538921135	0
115	0	0.633905	0.833359	2.9538921135	1
116	0	0.820580	0.833359	2.9538921135	0
117	1	0.784338	0.833359	2.9538921135	1
118	0	1.330955	0.833359	2.9538921135	1
119	0	1.528921	0.833359	2.9538921135	1
120	0	1.097629	0.833359	2.9538921135	1
121	0	0.554952	0.833359	2.9538921135	0
122	1	1.964979	0.833359	2.9538921135	1
123	0	0.539511	0.833359	2.9538921135	0
124	0	0.563842	0.833359	2.9538921135	1
125	1	0.550001	0.833359	2.9538921135	0
126	0	1.269479	0.833359	2.9538921135	1
127	0	0.505843	0.833359	2.9538921135	1
128	0	0.902375	0.833359	2.9538921135	0
129	0	0.802825	0.833359	2.9538921135	1
130	0	0.886011	0.833359	2.9538921135	0
131	1	0.710571	0.833359	2.9538921135	1
132	0	0.535897	0.833359	2.9538921135	1
133	1	0.628880	0.833359	2.9538921135	0
134	0	1.693924	0.833359	2.9538921135	1
135	1	1.348871	0.833359	2.9538921135	0
136	1	0.530850	0.833359	2.9538921135	1
