1	0	0.669823	0.830560	2.8534286392	1
2	0	0.528403	0.830560	2.8534286392	1
3	0	1.553674	0.830560	2.8534286392	1
4	0	1.864126	0.830560	2.8534286392	1
5	0	1.239097	0.830560	2.8534286392	0
6	1	0.728820	0.830560	2.8534286392	1
7	0	1.079929	0.830560	2.8534286392	0
8	0	0.711410	0.830560	2.8534286392	1
9	0	1.918561	0.830560	2.8534286392	1
10	1	1.005423	0.830560	2.8534286392	0
11	0	1.068076	0.830560	2.8534286392	0
12	1	0.662405	0.830560	2.8534286392	1
13	1	0.750086	0.830560	2.8534286392	0
14	0	0.669478	0.830560	2.8534286392	1
15	0	0.622587	0.830560	2.8534286392	0
16	0	0.583213	0.830560	2.8534286392	0
17	1	0.962282	0.830560	2.8534286392	0
18	0	0.504587	0.830560	2.8534286392	0
19	1	0.583426	0.830560	2.8534286392	1
20	0	1.986789	0.830560	2.8534286392	0
21	0	0.739607	0.830560	2.8534286392	0
22	1	0.614501	0.830560	2.8534286392	0
23	0	0.902818	0.830560	2.8534286392	0
24	0	0.633887	0.830560	2.8534286392	1
25	0	0.607236	0.830560	2.8534286392	1
26	0	1.095102	0.830560	2.8534286392	0
27	1	0.767096	0.830560	2.8534286392	1
28	0	0.717073	0.830560	2.8534286392	1
29	1	0.784430	0.830560	2.8534286392	0
30	0	0.896884	0.830560	2.8534286392	0
31	1	0.530771	0.830560	2.8534286392	1
32	0	0.642656	0.830560	2.8534286392	1
33	0	0.625952	0.830560	2.8534286392	0
34	1	1.247053	0.830560	2.8534286392	1
35	0	1.158180	0.830560	2.8534286392	1
36	0	0.992271	0.830560	2.8534286392	0
37	0	1.298929	0.830560	2.8534286392	1
38	0	1.211554	0.830560	2.8534286392	1
39	1	1.459290	0.830560	2.8534286392	0
40	0	1.451472	0.830560	2.8534286392	1
41	1	1.584035	0.830560	2.8534286392	1
42	0	0.529879	0.830560	2.8534286392	0
43	0	0.619663	0.830560	2.8534286392	1
44	0	0.908492	0.830560	2.8534286392	0
45	1	1.643624	0.830560	2.8534286392	0
46	0	0.603245	0.830560	2.8534286392	0
47	0	2.287802	0.830560	2.8534286392	0
48	0	0.858681	0.830560	2.8534286392	1
49	0	0.828402	0.830560	2.8534286392	1
50	0	1.249811	0.830560	2.8534286392	0
51	1	0.895079	0.830560	2.8534286392	0
52	0	0.621098	0.830560	2.8534286392	0
53	1	1.565237	0.830560	2.8534286392	1
54	1	0.759238	0.830560	2.8534286392	0
55	0	0.900551	0.830560	2.8534286392	1
56	0	0.582255	0.830560	2.8534286392	0
57	0	0.539624	0.830560	2.8534286392	0
58	1	1.195901	0.830560	2.8534286392	1
59	0	0.513785	0.830560	2.8534286392	0
60	1	0.715728	0.830560	2.8534286392	1
61	0	1.284578	0.830560	2.8534286392	1
62	0	0.820191	0.830560	2.8534286392	1
63	0	0.603956	0.830560	2.8534286392	0
64	0	0.826227	0.830560	2.8534286392	1
65	0	1.380876	0.830560	2.8534286392	1
66	0	0.989790	0.830560	2.8534286392	1
67	1	1.185035	0.830560	2.8534286392	0
68	0	3.239796	0.830560	2.8534286392	0
69	0	0.521524	0.830560	2.8534286392	0
70	1	0.684242	0.830560	2.8534286392	0
71	0	1.731247	0.830560	2.8534286392	0
72	0	0.878507	0.830560	2.8534286392	1
73	1	0.692901	0.830560	2.8534286392	1
74	0	0.843494	0.830560	2.8534286392	1
75	0	0.690920	0.830560	2.8534286392	0
76	0	0.613946	0.830560	2.8534286392	0
77	0	0.699004	0.830560	2.8534286392	1
78	0	1.612329	0.830560	2.8534286392	0
79	1	0.505370	0.830560	2.8534286392	0
80	0	0.828003	0.830560	2.8534286392	1
81	1	2.111028	0.830560	2.8534286392	1
82	0	0.857694	0.830560	2.8534286392	0
83	0	1.963132	0.830560	2.8534286392	0
84	1	1.437778	0.830560	2.8534286392	1
85	0	2.038129	0.830560	2.8534286392	0
86	1	1.017011	0.830560	2.8534286392	0
87	0	0.721666	0.830560	2.8534286392	1
88	1	0.595318	0.830560	2.8534286392	1
89	0	1.079174	0.830560	2.8534286392	0
90	0	0.977688	0.830560	2.8534286392	1
91	1	0.692219	0.830560	2.8534286392	0
92	0	0.665707	0.830560	2.8534286392	1
93	0	1.169040	0.830560	2.8534286392	1
94	0	1.424560	0.830560	2.8534286392	1
95	1	2.411358	0.830560	2.8534286392	1
96	0	0.631887	0.830560	2.8534286392	0
97	0	1.437277	0.830560	2.8534286392	0
98	0	3.355192	0.830560	2.8534286392	1
99	1	0.626072	0.830560	2.8534286392	0
100	1	1.369598	0.830560	2.8534286392	0
101	0	0.507325	0.830560	2.8534286392	1
102	0	0.529628	0.830560	2.8534286392	1
103	0	0.624346	0.830560	2.8534286392	1
104	0	1.072834	0.830560	2.8534286392	1
105	0	0.990555	0.830560	2.8534286392	0
106	0	0.511860	0.830560	2.8534286392	1
107	0	0.938307	0.830560	2.8534286392	0
108	1	1.883897	0.830560	2.8534286392	1
109	0	1.768215	0.830560	2.8534286392	0
110	1	1.149872	0.830560	2.8534286392	0
111	0	0.551005	0.830560	2.8534286392	0
112	0	0.723331	0.830560	2.8534286392	1
113	0	0.566105	0.830560	2.8534286392	1
114	0	0.602734	0.830560	2.8534286392	0
115	0	0.530448	0.830560	2.8534286392	0
116	0	0.946188	0.830560	2.8534286392	1
117	0	2.175237	0.830560	2.8534286392	0
118	1	0.904777	0.830560	2.8534286392	1
119	0	0.731657	0.830560	2.8534286392	0
120	0	0.854836	0.830560	2.8534286392	1
121	0	0.539560	0.830560	2.8534286392	1
122	0	1.040290	0.830560	2.8534286392	0
123	0	0.728057	0.830560	2.8534286392	0
124	1	0.794406	0.830560	2.8534286392	1
125	0	0.535904	0.830560	2.8534286392	0
126	1	0.554707	0.830560	2.8534286392	0
127	0	0.911974	0.830560	2.8534286392	1
128	0	0.987167	0.830560	2.8534286392	0
129	0	0.910406	0.830560	2.8534286392	1
130	0	1.209589	0.830560	2.8534286392	1
131	1	0.781944	0.830560	2.8534286392	1
132	0	0.685423	0.830560	2.8534286392	1
133	1	1.005171	0.830560	2.8534286392	0
134	0	0.893996	0.830560	2.8534286392	0
135	1	0.606592	0.830560	2.8534286392	0
136	1	0.567110	0.830560	2.8534286392	1
