1	0	2.527200	0.822493	2.5375811567	1
2	0	2.118373	0.822493	2.5375811567	0
3	1	0.798971	0.822493	2.5375811567	1
4	0	0.938891	0.822493	2.5375811567	0
5	1	0.798246	0.822493	2.5375811567	0
6	0	0.666199	0.822493	2.5375811567	1
7	1	1.253532	0.822493	2.5375811567	1
8	0	0.557025	0.822493	2.5375811567	0
9	1	0.513704	0.822493	2.5375811567	0
10	0	0.647530	0.822493	2.5375811567	0
11	1	0.922606	0.822493	2.5375811567	0
12	0	0.698172	0.822493	2.5375811567	0
13	0	1.443218	0.822493	2.5375811567	1
14	1	1.689873	0.822493	2.5375811567	1
15	0	2.235213	0.822493	2.5375811567	1
16	0	0.547724	0.822493	2.5375811567	1
17	0	1.445748	0.822493	2.5375811567	0
18	1	1.613337	0.822493	2.5375811567	0
19	0	0.786478	0.822493	2.5375811567	0
20	0	0.935799	0.822493	2.5375811567	1
21	1	2.336925	0.822493	2.5375811567	1
22	1	0.758722	0.822493	2.5375811567	0
23	0	0.570762	0.822493	2.5375811567	0
24	0	0.535682	0.822493	2.5375811567	0
25	0	0.919460	0.822493	2.5375811567	0
26	0	1.006300	0.822493	2.5375811567	1
27	0	1.217878	0.822493	2.5375811567	1
28	0	1.399853	0.822493	2.5375811567	1
29	0	0.645442	0.822493	2.5375811567	1
30	0	0.663195	0.822493	2.5375811567	0
31	0	1.417782	0.822493	2.5375811567	1
32	1	0.541712	0.822493	2.5375811567	1
33	0	0.623063	0.822493	2.5375811567	0
34	0	0.929522	0.822493	2.5375811567	1
35	1	0.876034	0.822493	2.5375811567	1
36	0	0.727511	0.822493	2.5375811567	0
37	1	1.046718	0.822493	2.5375811567	0
38	0	0.616562	0.822493	2.5375811567	1
39	1	2.009509	0.822493	2.5375811567	1
40	0	1.719911	0.822493	2.5375811567	1
41	1	1.703287	0.822493	2.5375811567	0
42	1	0.517823	0.822493	2.5375811567	0
43	0	0.890029	0.822493	2.5375811567	1
44	1	1.510680	0.822493	2.5375811567	1
45	0	0.550122	0.822493	2.5375811567	1
46	0	0.692307	0.822493	2.5375811567	1
47	1	2.969738	0.822493	2.5375811567	0
48	0	1.307833	0.822493	2.5375811567	1
49	0	0.869048	0.822493	2.5375811567	0
50	0	0.537515	0.822493	2.5375811567	0
51	0	0.822735	0.822493	2.5375811567	1
52	0	0.777223	0.822493	2.5375811567	0
53	0	0.950243	0.822493	2.5375811567	0
54	1	0.645100	0.822493	2.5375811567	1
55	0	0.798236	0.822493	2.5375811567	1
56	0	1.708100	0.822493	2.5375811567	0
57	1	0.562430	0.822493	2.5375811567	1
58	0	2.285685	0.822493	2.5375811567	0
59	0	1.192383	0.822493	2.5375811567	0
60	0	0.521107	0.822493	2.5375811567	1
61	0	0.534559	0.822493	2.5375811567	1
62	0	0.562991	0.822493	2.5375811567	1
63	1	1.188795	0.822493	2.5375811567	0
64	1	0.549624	0.822493	2.5375811567	0
65	0	0.571435	0.822493	2.5375811567	0
66	0	1.876167	0.822493	2.5375811567	0
67	0	1.811887	0.822493	2.5375811567	0
68	0	0.560268	0.822493	2.5375811567	1
69	1	0.563596	0.822493	2.5375811567	1
70	0	0.569110	0.822493	2.5375811567	0
71	1	0.616949	0.822493	2.5375811567	0
72	0	0.535978	0.822493	2.5375811567	0
73	0	0.734433	0.822493	2.5375811567	1
74	0	1.159125	0.822493	2.5375811567	1
75	1	0.822848	0.822493	2.5375811567	1
76	0	1.100574	0.822493	2.5375811567	0
77	0	0.812850	0.822493	2.5375811567	1
78	0	0.821535	0.822493	2.5375811567	0
79	1	0.557051	0.822493	2.5375811567	1
80	0	1.302061	0.822493	2.5375811567	1
81	1	0.503991	0.822493	2.5375811567	0
82	0	0.949289	0.822493	2.5375811567	0
83	0	1.186988	0.822493	2.5375811567	0
84	0	1.198733	0.822493	2.5375811567	1
85	1	0.601821	0.822493	2.5375811567	1
86	0	0.664675	0.822493	2.5375811567	1
87	0	0.616629	0.822493	2.5375811567	1
88	0	0.687090	0.822493	2.5375811567	0
89	1	1.477719	0.822493	2.5375811567	0
90	0	1.505172	0.822493	2.5375811567	1
91	0	0.585010	0.822493	2.5375811567	0
92	1	1.401553	0.822493	2.5375811567	1
93	0	1.375160	0.822493	2.5375811567	0
94	0	1.382333	0.822493	2.5375811567	0
95	0	0.836130	0.822493	2.5375811567	0
96	0	0.797215	0.822493	2.5375811567	1
97	0	0.997028	0.822493	2.5375811567	1
98	0	0.772569	0.822493	2.5375811567	0
99	0	0.506815	0.822493	2.5375811567	1
100	1	0.722598	0.822493	2.5375811567	0
101	0	0.688827	0.822493	2.5375811567	1
102	0	1.297607	0.822493	2.5375811567	0
103	0	0.656396	0.822493	2.5375811567	0
104	1	1.196986	0.822493	2.5375811567	0
105	0	0.544244	0.822493	2.5375811567	1
106	0	1.910910	0.822493	2.5375811567	1
107	0	1.421651	0.822493	2.5375811567	0
108	0	0.542129	0.822493	2.5375811567	1
109	1	0.649585	0.822493	2.5375811567	1
110	0	1.430847	0.822493	2.5375811567	0
111	1	1.265296	0.822493	2.5375811567	0
112	0	0.957522	0.822493	2.5375811567	1
113	1	0.734319	0.822493	2.5375811567	1
114	0	0.715704	0.822493	2.5375811567	1
115	0	0.572098	0.822493	2.5375811567	1
116	0	2.042947	0.822493	2.5375811567	1
117	1	0.835619	0.822493	2.5375811567	1
118	0	0.992401	0.822493	2.5375811567	1
119	0	0.572383	0.822493	2.5375811567	0
120	0	1.217227	0.822493	2.5375811567	1
121	0	0.627712	0.822493	2.5375811567	1
122	0	1.239429	0.822493	2.5375811567	1
123	1	0.661995	0.822493	2.5375811567	0
124	0	1.106689	0.822493	2.5375811567	1
125	0	1.356750	0.822493	2.5375811567	0
126	0	0.875747	0.822493	2.5375811567	0
127	1	0.984209	0.822493	2.5375811567	1
128	0	1.377226	0.822493	2.5375811567	0
129	0	0.661044	0.822493	2.5375811567	0
130	1	0.574125	0.822493	2.5375811567	0
131	0	0.687841	0.822493	2.5375811567	0
132	0	1.204241	0.822493	2.5375811567	0
133	0	0.852614	0.822493	2.5375811567	0
134	0	0.601170	0.822493	2.5375811567	0
135	1	0.575954	0.822493	2.5375811567	0
136	1	0.836194	0.822493	2.5375811567	1
