1	0	2.111485	0.819913	3.0229428037	0
2	0	0.650976	0.819913	3.0229428037	0
3	0	1.100653	0.819913	3.0229428037	1
4	1	0.734101	0.819913	3.0229428037	1
5	0	1.303204	0.819913	3.0229428037	0
6	0	0.607631	0.819913	3.0229428037	1
7	0	0.782994	0.819913	3.0229428037	1
8	0	0.520092	0.819913	3.0229428037	0
9	0	1.015577	0.819913	3.0229428037	1
10	0	0.508415	0.819913	3.0229428037	0
11	1	0.756859	0.819913	3.0229428037	0
12	1	0.806983	0.819913	3.0229428037	1
13	0	0.821166	0.819913	3.0229428037	0
14	0	1.178707	0.819913	3.0229428037	0
15	0	0.568518	0.819913	3.0229428037	0
16	1	0.544162	0.819913	3.0229428037	0
17	0	0.697469	0.819913	3.0229428037	1
18	1	0.911656	0.819913	3.0229428037	0
19	0	1.047493	0.819913	3.0229428037	1
20	0	0.523716	0.819913	3.0229428037	1
21	0	0.804311	0.819913	3.0229428037	1
22	0	0.542074	0.819913	3.0229428037	1
23	0	1.385826	0.819913	3.0229428037	0
24	0	1.974694	0.819913	3.0229428037	1
25	0	0.860006	0.819913	3.0229428037	1
26	1	0.766085	0.819913	3.0229428037	1
27	1	0.509568	0.819913	3.0229428037	0
28	0	0.580059	0.819913	3.0229428037	1
29	0	0.659127	0.819913	3.0229428037	1
30	0	0.517792	0.819913	3.0229428037	0
31	1	1.342021	0.819913	3.0229428037	1
32	0	0.628042	0.819913	3.0229428037	0
33	1	0.689795	0.819913	3.0229428037	0
34	0	0.762954	0.819913	3.0229428037	0
35	1	0.509085	0.819913	3.0229428037	1
36	0	1.238086	0.819913	3.0229428037	0
37	1	1.378578	0.819913	3.0229428037	1
38	0	0.998568	0.819913	3.0229428037	1
39	0	1.749623	0.819913	3.0229428037	0
40	1	2.056969	0.819913	3.0229428037	0
41	0	1.131371	0.819913	3.0229428037	1
42	0	1.223784	0.819913	3.0229428037	0
43	0	1.147671	0.819913	3.0229428037	0
44	1	0.608094	0.819913	3.0229428037	1
45	0	1.191904	0.819913	3.0229428037	1
46	1	0.644460	0.819913	3.0229428037	0
47	0	0.686336	0.819913	3.0229428037	1
48	0	0.580719	0.819913	3.0229428037	0
49	0	1.035336	0.819913	3.0229428037	0
50	1	0.854606	0.819913	3.0229428037	0
51	0	0.591889	0.819913	3.0229428037	0
52	1	2.809477	0.819913	3.0229428037	1
53	0	2.096685	0.819913	3.0229428037	1
54	1	1.419401	0.819913	3.0229428037	0
55	0	0.543393	0.819913	3.0229428037	0
56	0	0.581437	0.819913	3.0229428037	0
57	1	0.904442	0.819913	3.0229428037	1
58	0	0.583649	0.819913	3.0229428037	1
59	0	1.997346	0.819913	3.0229428037	0
60	0	0.654789	0.819913	3.0229428037	0
61	0	1.097749	0.819913	3.0229428037	1
62	1	0.687655	0.819913	3.0229428037	1
63	0	0.680654	0.819913	3.0229428037	0
64	0	0.835665	0.819913	3.0229428037	1
65	0	1.340221	0.819913	3.0229428037	1
66	1	0.501253	0.819913	3.0229428037	0
67	0	0.641408	0.819913	3.0229428037	1
68	0	0.910979	0.819913	3.0229428037	1
69	1	0.581424	0.819913	3.0229428037	0
70	0	0.609721	0.819913	3.0229428037	0
71	1	2.404773	0.819913	3.0229428037	1
72	0	2.089281	0.819913	3.0229428037	1
73	0	0.798016	0.819913	3.0229428037	1
74	1	1.374111	0.819913	3.0229428037	0
75	0	1.055435	0.819913	3.0229428037	0
76	1	1.813049	0.819913	3.0229428037	1
77	0	1.223062	0.819913	3.0229428037	1
78	1	0.636616	0.819913	3.0229428037	1
79	0	1.216223	0.819913	3.0229428037	0
80	0	0.977095	0.819913	3.0229428037	1
81	0	1.578978	0.819913	3.0229428037	1
82	0	1.052869	0.819913	3.0229428037	1
83	1	0.688683	0.819913	3.0229428037	0
84	0	0.636144	0.819913	3.0229428037	0
85	0	1.295811	0.819913	3.0229428037	0
86	1	2.185288	0.819913	3.0229428037	1
87	0	0.576004	0.819913	3.0229428037	0
88	0	1.421707	0.819913	3.0229428037	0
89	0	0.610213	0.819913	3.0229428037	1
90	0	0.547490	0.819913	3.0229428037	1
91	0	0.771115	0.819913	3.0229428037	1
92	0	0.722761	0.819913	3.0229428037	1
93	1	1.460932	0.819913	3.0229428037	0
94	0	0.960734	0.819913	3.0229428037	1
95	0	0.804288	0.819913	3.0229428037	0
96	0	2.002942	0.819913	3.0229428037	1
97	0	1.229679	0.819913	3.0229428037	0
98	1	1.578127	0.819913	3.0229428037	1
99	0	0.840318	0.819913	3.0229428037	0
100	1	0.508862	0.819913	3.0229428037	0
101	0	0.676200	0.819913	3.0229428037	0
102	1	0.711950	0.819913	3.0229428037	0
103	0	0.929917	0.819913	3.0229428037	1
104	1	1.117931	0.819913	3.0229428037	1
105	0	0.709843	0.819913	3.0229428037	0
106	0	1.047819	0.819913	3.0229428037	0
107	0	0.945256	0.819913	3.0229428037	0
108	0	0.854860	0.819913	3.0229428037	0
109	0	0.721891	0.819913	3.0229428037	1
110	1	1.101587	0.819913	3.0229428037	0
111	1	1.491942	0.819913	3.0229428037	1
112	0	0.838014	0.819913	3.0229428037	0
113	0	0.893698	0.819913	3.0229428037	1
114	1	0.900565	0.819913	3.0229428037	1
115	0	0.627049	0.819913	3.0229428037	1
116	0	0.817903	0.819913	3.0229428037	0
117	0	1.046058	0.819913	3.0229428037	0
118	0	1.676536	0.819913	3.0229428037	1
119	1	0.817853	0.819913	3.0229428037	0
120	0	0.985956	0.819913	3.0229428037	1
121	0	0.725850	0.819913	3.0229428037	1
122	1	2.730976	0.819913	3.0229428037	1
123	0	1.345540	0.819913	3.0229428037	0
124	0	0.564789	0.819913	3.0229428037	1
125	1	0.925455	0.819913	3.0229428037	0
126	0	1.082000	0.819913	3.0229428037	0
127	0	0.938928	0.819913	3.0229428037	1
128	0	0.582156	0.819913	3.0229428037	0
129	0	0.700594	0.819913	3.0229428037	1
130	0	0.522126	0.819913	3.0229428037	0
131	0	0.545771	0.819913	3.0229428037	0
132	0	0.696365	0.819913	3.0229428037	0
133	0	0.897224	0.819913	3.0229428037	1
134	0	0.741834	0.819913	3.0229428037	1
135	1	1.652922	0.819913	3.0229428037	0
136	1	1.055399	0.819913	3.0229428037	1
