1	0	1.650912	0.822704	3.3521821921	1
2	0	0.636570	0.822704	3.3521821921	1
3	0	0.586689	0.822704	3.3521821921	1
4	1	2.433905	0.822704	3.3521821921	1
5	0	0.738025	0.822704	3.3521821921	0
6	0	1.449185	0.822704	3.3521821921	1
7	0	1.041268	0.822704	3.3521821921	1
8	1	0.924963	0.822704	3.3521821921	0
9	0	0.791055	0.822704	3.3521821921	0
10	1	0.506986	0.822704	3.3521821921	1
11	0	0.878419	0.822704	3.3521821921	1
12	0	0.817188	0.822704	3.3521821921	1
13	0	0.590405	0.822704	3.3521821921	1
14	0	0.659064	0.822704	3.3521821921	0
15	0	0.586644	0.822704	3.3521821921	0
16	1	0.897627	0.822704	3.3521821921	0
17	0	0.774481	0.822704	3.3521821921	0
18	0	1.445362	0.822704	3.3521821921	1
19	0	0.640428	0.822704	3.3521821921	1
20	0	0.737056	0.822704	3.3521821921	1
21	0	0.655893	0.822704	3.3521821921	0
22	1	1.778853	0.822704	3.3521821921	0
23	0	2.392383	0.822704	3.3521821921	0
24	0	0.899819	0.822704	3.3521821921	1
25	0	0.527093	0.822704	3.3521821921	1
26	0	1.913509	0.822704	3.3521821921	0
27	0	0.774328	0.822704	3.3521821921	0
28	1	1.651774	0.822704	3.3521821921	1
29	0	2.304435	0.822704	3.3521821921	0
30	1	1.059444	0.822704	3.3521821921	0
31	0	0.936194	0.822704	3.3521821921	0
32	1	0.725230	0.822704	3.3521821921	1
33	1	0.675473	0.822704	3.3521821921	0
34	0	0.679399	0.822704	3.3521821921	0
35	1	0.503785	0.822704	3.3521821921	1
36	0	0.896598	0.822704	3.3521821921	0
37	0	0.903161	0.822704	3.3521821921	1
38	1	0.625128	0.822704	3.3521821921	1
39	0	0.670296	0.822704	3.3521821921	0
40	0	0.830846	0.822704	3.3521821921	0
41	0	0.830659	0.822704	3.3521821921	1
42	1	2.098425	0.822704	3.3521821921	0
43	0	0.568554	0.822704	3.3521821921	1
44	0	0.763611	0.822704	3.3521821921	1
45	0	0.870527	0.822704	3.3521821921	0
46	0	0.873446	0.822704	3.3521821921	0
47	0	0.851325	0.822704	3.3521821921	0
48	0	0.640951	0.822704	3.3521821921	1
49	1	0.704666	0.822704	3.3521821921	1
50	0	0.991663	0.822704	3.3521821921	0
51	0	0.722399	0.822704	3.3521821921	0
52	0	2.175258	0.822704	3.3521821921	1
53	1	0.765066	0.822704	3.3521821921	0
54	0	0.906399	0.822704	3.3521821921	1
55	1	0.961877	0.822704	3.3521821921	0
56	0	0.828445	0.822704	3.3521821921	0
57	0	0.913692	0.822704	3.3521821921	0
58	1	0.542529	0.822704	3.3521821921	1
59	0	0.632123	0.822704	3.3521821921	1
60	0	0.944716	0.822704	3.3521821921	0
61	0	0.561604	0.822704	3.3521821921	0
62	0	0.675498	0.822704	3.3521821921	1
63	0	1.776349	0.822704	3.3521821921	1
64	1	0.635620	0.822704	3.3521821921	0
65	0	1.657716	0.822704	3.3521821921	1
66	0	1.014272	0.822704	3.3521821921	1
67	0	0.816289	0.822704	3.3521821921	0
68	1	0.519671	0.822704	3.3521821921	1
69	0	0.894207	0.822704	3.3521821921	0
70	1	0.687757	0.822704	3.3521821921	1
71	0	2.343639	0.822704	3.3521821921	1
72	0	1.436315	0.822704	3.3521821921	1
73	0	0.543963	0.822704	3.3521821921	1
74	0	0.599090	0.822704	3.3521821921	0
75	1	3.474481	0.822704	3.3521821921	0
76	0	0.838148	0.822704	3.3521821921	1
77	0	0.654435	0.822704	3.3521821921	1
78	0	2.140175	0.822704	3.3521821921	0
79	0	0.761356	0.822704	3.3521821921	0
80	0	0.652503	0.822704	3.3521821921	1
81	1	1.095413	0.822704	3.3521821921	0
82	0	0.551474	0.822704	3.3521821921	1
83	1	0.735699	0.822704	3.3521821921	1
84	0	1.020627	0.822704	3.3521821921	0
85	0	1.840615	0.822704	3.3521821921	0
86	0	0.885377	0.822704	3.3521821921	1
87	0	0.932347	0.822704	3.3521821921	0
88	1	0.932725	0.822704	3.3521821921	0
89	0	0.581558	0.822704	3.3521821921	1
90	1	1.585433	0.822704	3.3521821921	1
91	1	0.624490	0.822704	3.3521821921	1
92	0	1.558595	0.822704	3.3521821921	0
93	1	1.728234	0.822704	3.3521821921	0
94	0	2.211120	0.822704	3.3521821921	0
95	0	0.782733	0.822704	3.3521821921	1
96	1	0.617837	0.822704	3.3521821921	1
97	0	0.686500	0.822704	3.3521821921	1
98	0	0.865071	0.822704	3.3521821921	0
99	0	0.630947	0.822704	3.3521821921	0
100	0	0.976061	0.822704	3.3521821921	0
101	0	1.147378	0.822704	3.3521821921	1
102	1	1.567125	0.822704	3.3521821921	0
103	0	0.839844	0.822704	3.3521821921	0
104	0	0.657332	0.822704	3.3521821921	1
105	1	2.048908	0.822704	3.3521821921	1
106	0	0.535839	0.822704	3.3521821921	1
107	1	0.966651	0.822704	3.3521821921	0
108	0	0.669653	0.822704	3.3521821921	0
109	1	0.610102	0.822704	3.3521821921	0
110	1	0.801878	0.822704	3.3521821921	1
111	0	0.619431	0.822704	3.3521821921	1
112	0	0.556536	0.822704	3.3521821921	0
113	0	1.051052	0.822704	3.3521821921	1
114	0	0.538175	0.822704	3.3521821921	1
115	1	1.648017	0.822704	3.3521821921	0
116	0	0.686402	0.822704	3.3521821921	0
117	1	1.609745	0.822704	3.3521821921	1
118	0	0.876547	0.822704	3.3521821921	1
119	1	0.810721	0.822704	3.3521821921	1
120	0	0.548684	0.822704	3.3521821921	1
121	0	0.954921	0.822704	3.3521821921	0
122	0	0.521111	0.822704	3.3521821921	1
123	1	0.840611	0.822704	3.3521821921	0
124	0	2.073874	0.822704	3.3521821921	0
125	0	0.529367	0.822704	3.3521821921	0
126	0	0.777666	0.822704	3.3521821921	0
127	1	0.927816	0.822704	3.3521821921	1
128	0	0.579590	0.822704	3.3521821921	0
129	0	1.295320	0.822704	3.3521821921	1
130	0	1.252015	0.822704	3.3521821921	1
131	0	0.728705	0.822704	3.3521821921	1
132	1	0.565160	0.822704	3.3521821921	0
133	0	0.638012	0.822704	3.3521821921	0
134	0	1.719883	0.822704	3.3521821921	0
135	1	0.679909	0.822704	3.3521821921	0
136	1	0.823868	0.822704	3.3521821921	1
