   1.0000000e+00   0.0000000e+00   3.2620000e+00   8.3330600e-01   2.9723914e+00   0.0000000e+00
   2.0000000e+00   0.0000000e+00   4.5147000e-01   8.3330600e-01   2.9723914e+00   1.0000000e+00
   3.0000000e+00   1.0000000e+00   6.7281700e-01   8.3330600e-01   2.9723914e+00   1.0000000e+00
   4.0000000e+00   0.0000000e+00   7.0463600e-01   8.3330600e-01   2.9723914e+00   1.0000000e+00
   5.0000000e+00   1.0000000e+00   6.2481700e-01   8.3330600e-01   2.9723914e+00   0.0000000e+00
   6.0000000e+00   0.0000000e+00   1.5240870e+00   8.3330600e-01   2.9723914e+00   0.0000000e+00
   7.0000000e+00   0.0000000e+00   6.6921100e-01   8.3330600e-01   2.9723914e+00   1.0000000e+00
   8.0000000e+00   0.0000000e+00   8.9205600e-01   8.3330600e-01   2.9723914e+00   1.0000000e+00
   9.0000000e+00   0.0000000e+00   1.2883370e+00   8.3330600e-01   2.9723914e+00   0.0000000e+00
   1.0000000e+01   1.0000000e+00   5.7111300e-01   8.3330600e-01   2.9723914e+00   1.0000000e+00
   1.1000000e+01   1.0000000e+00   5.8089400e-01   8.3330600e-01   2.9723914e+00   0.0000000e+00
   1.2000000e+01   0.0000000e+00   5.6476400e-01   8.3330600e-01   2.9723914e+00   1.0000000e+00
   1.3000000e+01   0.0000000e+00   6.6206000e-01   8.3330600e-01   2.9723914e+00   0.0000000e+00
   1.4000000e+01   0.0000000e+00   1.7083220e+00   8.3330600e-01   2.9723914e+00   1.0000000e+00
   1.5000000e+01   0.0000000e+00   1.1854950e+00   8.3330600e-01   2.9723914e+00   0.0000000e+00
   1.6000000e+01   0.0000000e+00   9.8729700e-01   8.3330600e-01   2.9723914e+00   0.0000000e+00
   1.7000000e+01   1.0000000e+00   6.4828100e-01   8.3330600e-01   2.9723914e+00   0.0000000e+00
   1.8000000e+01   0.0000000e+00   1.5219000e+00   8.3330600e-01   2.9723914e+00   0.0000000e+00
   1.9000000e+01   0.0000000e+00   6.3632500e-01   8.3330600e-01   2.9723914e+00   1.0000000e+00
   2.0000000e+01   0.0000000e+00   1.0500910e+00   8.3330600e-01   2.9723914e+00   1.0000000e+00
   2.1000000e+01   1.0000000e+00   8.2417100e-01   8.3330600e-01   2.9723914e+00   1.0000000e+00
   2.2000000e+01   0.0000000e+00   6.1410300e-01   8.3330600e-01   2.9723914e+00   0.0000000e+00
   2.3000000e+01   1.0000000e+00   4.6784100e-01   8.3330600e-01   2.9723914e+00   0.0000000e+00
   2.4000000e+01   0.0000000e+00   1.0910910e+00   8.3330600e-01   2.9723914e+00   0.0000000e+00
   2.5000000e+01   1.0000000e+00   6.1311000e-01   8.3330600e-01   2.9723914e+00   1.0000000e+00
   2.6000000e+01   0.0000000e+00   1.6380340e+00   8.3330600e-01   2.9723914e+00   1.0000000e+00
   2.7000000e+01   0.0000000e+00   6.4400700e-01   8.3330600e-01   2.9723914e+00   0.0000000e+00
   2.8000000e+01   0.0000000e+00   8.8113800e-01   8.3330600e-01   2.9723914e+00   1.0000000e+00
   2.9000000e+01   0.0000000e+00   5.8880800e-01   8.3330600e-01   2.9723914e+00   0.0000000e+00
   3.0000000e+01   1.0000000e+00   1.9869070e+00   8.3330600e-01   2.9723914e+00   0.0000000e+00
   3.1000000e+01   0.0000000e+00   7.5197900e-01   8.3330600e-01   2.9723914e+00   0.0000000e+00
   3.2000000e+01   1.0000000e+00   5.8908700e-01   8.3330600e-01   2.9723914e+00   1.0000000e+00
   3.3000000e+01   0.0000000e+00   4.8328800e-01   8.3330600e-01   2.9723914e+00   1.0000000e+00
   3.4000000e+01   0.0000000e+00   6.5758200e-01   8.3330600e-01   2.9723914e+00   1.0000000e+00
   3.5000000e+01   0.0000000e+00   6.1458000e-01   8.3330600e-01   2.9723914e+00   1.0000000e+00
   3.6000000e+01   1.0000000e+00   7.3211700e-01   8.3330600e-01   2.9723914e+00   1.0000000e+00
   3.7000000e+01   0.0000000e+00   7.4483300e-01   8.3330600e-01   2.9723914e+00   0.0000000e+00
   3.8000000e+01   0.0000000e+00   4.5928200e-01   8.3330600e-01   2.9723914e+00   1.0000000e+00
   3.9000000e+01   0.0000000e+00   5.3684700e-01   8.3330600e-01   2.9723914e+00   0.0000000e+00
   4.0000000e+01   1.0000000e+00   6.1672900e-01   8.3330600e-01   2.9723914e+00   0.0000000e+00
   4.1000000e+01   0.0000000e+00   7.4210100e-01   8.3330600e-01   2.9723914e+00   0.0000000e+00
   4.2000000e+01   1.0000000e+00   7.0461000e-01   8.3330600e-01   2.9723914e+00   1.0000000e+00
   4.3000000e+01   0.0000000e+00   4.5050500e-01   8.3330600e-01   2.9723914e+00   1.0000000e+00
   4.4000000e+01   0.0000000e+00   1.9373060e+00   8.3330600e-01   2.9723914e+00   0.0000000e+00
   4.5000000e+01   1.0000000e+00   1.7164090e+00   8.3330600e-01   2.9723914e+00   0.0000000e+00
   4.6000000e+01   0.0000000e+00   1.4753150e+00   8.3330600e-01   2.9723914e+00   0.0000000e+00
   4.7000000e+01   1.0000000e+00   6.0117100e-01   8.3330600e-01   2.9723914e+00   0.0000000e+00
   4.8000000e+01   0.0000000e+00   7.6688500e-01   8.3330600e-01   2.9723914e+00   1.0000000e+00
   4.9000000e+01   0.0000000e+00   8.2056900e-01   8.3330600e-01   2.9723914e+00   1.0000000e+00
   5.0000000e+01   0.0000000e+00   1.0986350e+00   8.3330600e-01   2.9723914e+00   1.0000000e+00
   5.1000000e+01   0.0000000e+00   1.7598230e+00   8.3330600e-01   2.9723914e+00   1.0000000e+00
   5.2000000e+01   0.0000000e+00   6.4193100e-01   8.3330600e-01   2.9723914e+00   1.0000000e+00
   5.3000000e+01   0.0000000e+00   8.6329100e-01   8.3330600e-01   2.9723914e+00   1.0000000e+00
   5.4000000e+01   0.0000000e+00   9.1034000e-01   8.3330600e-01   2.9723914e+00   0.0000000e+00
   5.5000000e+01   0.0000000e+00   1.1622880e+00   8.3330600e-01   2.9723914e+00   1.0000000e+00
   5.6000000e+01   1.0000000e+00   7.8977200e-01   8.3330600e-01   2.9723914e+00   1.0000000e+00
   5.7000000e+01   0.0000000e+00   1.3538690e+00   8.3330600e-01   2.9723914e+00   0.0000000e+00
   5.8000000e+01   1.0000000e+00   5.7308100e-01   8.3330600e-01   2.9723914e+00   0.0000000e+00
   5.9000000e+01   0.0000000e+00   7.0560600e-01   8.3330600e-01   2.9723914e+00   0.0000000e+00
   6.0000000e+01   1.0000000e+00   7.1990700e-01   8.3330600e-01   2.9723914e+00   1.0000000e+00
   6.1000000e+01   0.0000000e+00   1.5325240e+00   8.3330600e-01   2.9723914e+00   1.0000000e+00
   6.2000000e+01   0.0000000e+00   6.9825300e-01   8.3330600e-01   2.9723914e+00   0.0000000e+00
   6.3000000e+01   0.0000000e+00   2.5883390e+00   8.3330600e-01   2.9723914e+00   0.0000000e+00
   6.4000000e+01   1.0000000e+00   1.3183370e+00   8.3330600e-01   2.9723914e+00   1.0000000e+00
   6.5000000e+01   0.0000000e+00   4.4118400e-01   8.3330600e-01   2.9723914e+00   0.0000000e+00
   6.6000000e+01   0.0000000e+00   6.6079100e-01   8.3330600e-01   2.9723914e+00   1.0000000e+00
   6.7000000e+01   0.0000000e+00   4.4296400e-01   8.3330600e-01   2.9723914e+00   0.0000000e+00
   6.8000000e+01   0.0000000e+00   4.3841800e-01   8.3330600e-01   2.9723914e+00   0.0000000e+00
   6.9000000e+01   1.0000000e+00   1.4072880e+00   8.3330600e-01   2.9723914e+00   0.0000000e+00
   7.0000000e+01   0.0000000e+00   5.0679400e-01   8.3330600e-01   2.9723914e+00   0.0000000e+00
   7.1000000e+01   1.0000000e+00   2.0287290e+00   8.3330600e-01   2.9723914e+00   0.0000000e+00
   7.2000000e+01   1.0000000e+00   7.4452400e-01   8.3330600e-01   2.9723914e+00   1.0000000e+00
   7.3000000e+01   0.0000000e+00   1.2657600e+00   8.3330600e-01   2.9723914e+00   1.0000000e+00
   7.4000000e+01   0.0000000e+00   1.8362230e+00   8.3330600e-01   2.9723914e+00   1.0000000e+00
   7.5000000e+01   0.0000000e+00   7.3915000e-01   8.3330600e-01   2.9723914e+00   1.0000000e+00
   7.6000000e+01   1.0000000e+00   9.5995400e-01   8.3330600e-01   2.9723914e+00   0.0000000e+00
   7.7000000e+01   0.0000000e+00   8.5599400e-01   8.3330600e-01   2.9723914e+00   0.0000000e+00
   7.8000000e+01   0.0000000e+00   6.0575000e-01   8.3330600e-01   2.9723914e+00   1.0000000e+00
   7.9000000e+01   0.0000000e+00   5.5169500e-01   8.3330600e-01   2.9723914e+00   1.0000000e+00
   8.0000000e+01   1.0000000e+00   1.1481920e+00   8.3330600e-01   2.9723914e+00   1.0000000e+00
   8.1000000e+01   0.0000000e+00   1.8702270e+00   8.3330600e-01   2.9723914e+00   0.0000000e+00
   8.2000000e+01   1.0000000e+00   2.1764540e+00   8.3330600e-01   2.9723914e+00   1.0000000e+00
   8.3000000e+01   0.0000000e+00   9.6635100e-01   8.3330600e-01   2.9723914e+00   0.0000000e+00
   8.4000000e+01   0.0000000e+00   1.5160790e+00   8.3330600e-01   2.9723914e+00   1.0000000e+00
   8.5000000e+01   1.0000000e+00   7.0679600e-01   8.3330600e-01   2.9723914e+00   0.0000000e+00
   8.6000000e+01   0.0000000e+00   1.1044120e+00   8.3330600e-01   2.9723914e+00   1.0000000e+00
   8.7000000e+01   0.0000000e+00   8.5891600e-01   8.3330600e-01   2.9723914e+00   1.0000000e+00
   8.8000000e+01   0.0000000e+00   2.0397800e+00   8.3330600e-01   2.9723914e+00   1.0000000e+00
   8.9000000e+01   0.0000000e+00   6.8723500e-01   8.3330600e-01   2.9723914e+00   0.0000000e+00
   9.0000000e+01   1.0000000e+00   4.5102600e-01   8.3330600e-01   2.9723914e+00   1.0000000e+00
   9.1000000e+01   0.0000000e+00   6.1047700e-01   8.3330600e-01   2.9723914e+00   0.0000000e+00
   9.2000000e+01   0.0000000e+00   4.8948200e-01   8.3330600e-01   2.9723914e+00   0.0000000e+00
   9.3000000e+01   0.0000000e+00   5.5594800e-01   8.3330600e-01   2.9723914e+00   1.0000000e+00
   9.4000000e+01   0.0000000e+00   1.6290460e+00   8.3330600e-01   2.9723914e+00   0.0000000e+00
   9.5000000e+01   1.0000000e+00   5.1554100e-01   8.3330600e-01   2.9723914e+00   0.0000000e+00
   9.6000000e+01   0.0000000e+00   7.4982700e-01   8.3330600e-01   2.9723914e+00   0.0000000e+00
   9.7000000e+01   0.0000000e+00   6.2632300e-01   8.3330600e-01   2.9723914e+00   1.0000000e+00
   9.8000000e+01   0.0000000e+00   1.0420150e+00   8.3330600e-01   2.9723914e+00   0.0000000e+00
   9.9000000e+01   0.0000000e+00   4.3656200e-01   8.3330600e-01   2.9723914e+00   1.0000000e+00
   1.0000000e+02   1.0000000e+00   4.9153800e-01   8.3330600e-01   2.9723914e+00   1.0000000e+00
   1.0100000e+02   0.0000000e+00   6.3105300e-01   8.3330600e-01   2.9723914e+00   0.0000000e+00
   1.0200000e+02   1.0000000e+00   6.3949000e-01   8.3330600e-01   2.9723914e+00   0.0000000e+00
   1.0300000e+02   0.0000000e+00   6.3471200e-01   8.3330600e-01   2.9723914e+00   1.0000000e+00
   1.0400000e+02   0.0000000e+00   6.7861700e-01   8.3330600e-01   2.9723914e+00   1.0000000e+00
   1.0500000e+02   0.0000000e+00   1.0737140e+00   8.3330600e-01   2.9723914e+00   1.0000000e+00
   1.0600000e+02   1.0000000e+00   9.9286500e-01   8.3330600e-01   2.9723914e+00   0.0000000e+00
   1.0700000e+02   0.0000000e+00   6.7864200e-01   8.3330600e-01   2.9723914e+00   0.0000000e+00
   1.0800000e+02   0.0000000e+00   7.8880500e-01   8.3330600e-01   2.9723914e+00   1.0000000e+00
   1.0900000e+02   1.0000000e+00   8.3566900e-01   8.3330600e-01   2.9723914e+00   1.0000000e+00
   1.1000000e+02   0.0000000e+00   4.5590200e-01   8.3330600e-01   2.9723914e+00   0.0000000e+00
   1.1100000e+02   0.0000000e+00   6.0842900e-01   8.3330600e-01   2.9723914e+00   1.0000000e+00
   1.1200000e+02   0.0000000e+00   6.8019400e-01   8.3330600e-01   2.9723914e+00   0.0000000e+00
   1.1300000e+02   0.0000000e+00   6.0713300e-01   8.3330600e-01   2.9723914e+00   0.0000000e+00
   1.1400000e+02   1.0000000e+00   1.0455190e+00   8.3330600e-01   2.9723914e+00   0.0000000e+00
   1.1500000e+02   0.0000000e+00   1.3709110e+00   8.3330600e-01   2.9723914e+00   1.0000000e+00
   1.1600000e+02   0.0000000e+00   6.5026600e-01   8.3330600e-01   2.9723914e+00   0.0000000e+00
   1.1700000e+02   0.0000000e+00   4.8599600e-01   8.3330600e-01   2.9723914e+00   1.0000000e+00
   1.1800000e+02   0.0000000e+00   5.7558400e-01   8.3330600e-01   2.9723914e+00   1.0000000e+00
   1.1900000e+02   1.0000000e+00   1.3321060e+00   8.3330600e-01   2.9723914e+00   1.0000000e+00
   1.2000000e+02   0.0000000e+00   2.0169920e+00   8.3330600e-01   2.9723914e+00   1.0000000e+00
   1.2100000e+02   0.0000000e+00   2.2000830e+00   8.3330600e-01   2.9723914e+00   0.0000000e+00
   1.2200000e+02   0.0000000e+00   5.2497300e-01   8.3330600e-01   2.9723914e+00   0.0000000e+00
   1.2300000e+02   1.0000000e+00   9.5071100e-01   8.3330600e-01   2.9723914e+00   1.0000000e+00
   1.2400000e+02   0.0000000e+00   5.3113500e-01   8.3330600e-01   2.9723914e+00   0.0000000e+00
   1.2500000e+02   1.0000000e+00   1.2962500e+00   8.3330600e-01   2.9723914e+00   0.0000000e+00
   1.2600000e+02   0.0000000e+00   5.2331400e-01   8.3330600e-01   2.9723914e+00   0.0000000e+00
   1.2700000e+02   0.0000000e+00   6.1624600e-01   8.3330600e-01   2.9723914e+00   0.0000000e+00
   1.2800000e+02   0.0000000e+00   1.4746080e+00   8.3330600e-01   2.9723914e+00   1.0000000e+00
   1.2900000e+02   1.0000000e+00   6.2206300e-01   8.3330600e-01   2.9723914e+00   1.0000000e+00
   1.3000000e+02   0.0000000e+00   8.3809000e-01   8.3330600e-01   2.9723914e+00   1.0000000e+00
   1.3100000e+02   0.0000000e+00   1.5708250e+00   8.3330600e-01   2.9723914e+00   1.0000000e+00
   1.3200000e+02   1.0000000e+00   5.2035400e-01   8.3330600e-01   2.9723914e+00   0.0000000e+00
   1.3300000e+02   1.0000000e+00   5.5949100e-01   8.3330600e-01   2.9723914e+00   0.0000000e+00
   1.3400000e+02   0.0000000e+00   8.6913200e-01   8.3330600e-01   2.9723914e+00   0.0000000e+00
   1.3500000e+02   1.0000000e+00   4.9444600e-01   8.3330600e-01   2.9723914e+00   1.0000000e+00
   1.3600000e+02   0.0000000e+00   9.5586000e-01   8.3330600e-01   2.9723914e+00   0.0000000e+00
