1	0	0.927864	0.828349	2.9152209629	0
2	0	0.516585	0.828349	2.9152209629	0
3	0	1.282071	0.828349	2.9152209629	1
4	0	0.808691	0.828349	2.9152209629	1
5	0	1.913021	0.828349	2.9152209629	1
6	1	0.876623	0.828349	2.9152209629	1
7	1	0.987704	0.828349	2.9152209629	0
8	0	1.657254	0.828349	2.9152209629	1
9	0	0.624180	0.828349	2.9152209629	0
10	0	0.995273	0.828349	2.9152209629	1
11	0	0.825700	0.828349	2.9152209629	1
12	0	1.331131	0.828349	2.9152209629	0
13	0	1.089228	0.828349	2.9152209629	0
14	1	0.946650	0.828349	2.9152209629	1
15	0	0.718838	0.828349	2.9152209629	0
16	0	0.597126	0.828349	2.9152209629	0
17	1	0.953725	0.828349	2.9152209629	0
18	0	0.546709	0.828349	2.9152209629	0
19	0	0.913278	0.828349	2.9152209629	1
20	1	0.981880	0.828349	2.9152209629	0
21	0	0.662271	0.828349	2.9152209629	0
22	1	0.777745	0.828349	2.9152209629	1
23	0	0.505326	0.828349	2.9152209629	1
24	1	0.580185	0.828349	2.9152209629	0
25	0	1.070005	0.828349	2.9152209629	0
26	0	0.635499	0.828349	2.9152209629	1
27	0	0.648422	0.828349	2.9152209629	1
28	1	0.884942	0.828349	2.9152209629	1
29	0	0.691929	0.828349	2.9152209629	0
30	1	0.696868	0.828349	2.9152209629	0
31	0	0.645433	0.828349	2.9152209629	1
32	0	0.798959	0.828349	2.9152209629	0
33	0	0.653823	0.828349	2.9152209629	1
34	0	1.011112	0.828349	2.9152209629	1
35	0	0.826818	0.828349	2.9152209629	0
36	1	0.938676	0.828349	2.9152209629	1
37	0	0.674997	0.828349	2.9152209629	0
38	0	1.094007	0.828349	2.9152209629	0
39	1	2.631660	0.828349	2.9152209629	1
40	0	0.627437	0.828349	2.9152209629	0
41	0	0.680823	0.828349	2.9152209629	0
42	0	0.707220	0.828349	2.9152209629	1
43	1	0.857555	0.828349	2.9152209629	0
44	0	0.747882	0.828349	2.9152209629	0
45	0	0.510548	0.828349	2.9152209629	0
46	0	0.677572	0.828349	2.9152209629	0
47	1	0.800236	0.828349	2.9152209629	1
48	0	0.874279	0.828349	2.9152209629	1
49	0	2.105016	0.828349	2.9152209629	1
50	0	0.603109	0.828349	2.9152209629	1
51	1	1.110525	0.828349	2.9152209629	0
52	0	0.834056	0.828349	2.9152209629	1
53	0	2.130707	0.828349	2.9152209629	1
54	1	0.684200	0.828349	2.9152209629	0
55	0	1.002832	0.828349	2.9152209629	0
56	0	0.606145	0.828349	2.9152209629	0
57	0	1.472954	0.828349	2.9152209629	1
58	1	0.988044	0.828349	2.9152209629	1
59	0	0.520977	0.828349	2.9152209629	1
60	0	1.173211	0.828349	2.9152209629	1
61	0	0.652524	0.828349	2.9152209629	0
62	0	0.742443	0.828349	2.9152209629	1
63	0	0.518597	0.828349	2.9152209629	1
64	1	2.804805	0.828349	2.9152209629	0
65	0	1.016916	0.828349	2.9152209629	0
66	0	0.804625	0.828349	2.9152209629	1
67	0	0.759798	0.828349	2.9152209629	0
68	1	1.102311	0.828349	2.9152209629	1
69	1	0.901262	0.828349	2.9152209629	1
70	0	0.949710	0.828349	2.9152209629	1
71	0	0.619377	0.828349	2.9152209629	1
72	0	1.481973	0.828349	2.9152209629	0
73	0	0.674084	0.828349	2.9152209629	0
74	1	2.764147	0.828349	2.9152209629	0
75	0	0.667630	0.828349	2.9152209629	0
76	0	0.978694	0.828349	2.9152209629	1
77	1	0.543891	0.828349	2.9152209629	0
78	0	0.556100	0.828349	2.9152209629	0
79	0	0.502730	0.828349	2.9152209629	1
80	1	0.591425	0.828349	2.9152209629	1
81	0	1.079295	0.828349	2.9152209629	0
82	0	0.564551	0.828349	2.9152209629	1
83	0	2.148759	0.828349	2.9152209629	0
84	0	1.106225	0.828349	2.9152209629	0
85	0	0.995798	0.828349	2.9152209629	0
86	1	0.762059	0.828349	2.9152209629	0
87	0	1.186534	0.828349	2.9152209629	0
88	1	1.728949	0.828349	2.9152209629	1
89	0	1.851635	0.828349	2.9152209629	0
90	1	0.674502	0.828349	2.9152209629	1
91	0	1.467607	0.828349	2.9152209629	0
92	0	2.291853	0.828349	2.9152209629	1
93	0	0.620287	0.828349	2.9152209629	1
94	1	1.191868	0.828349	2.9152209629	0
95	0	2.072884	0.828349	2.9152209629	1
96	0	1.388658	0.828349	2.9152209629	1
97	0	0.518656	0.828349	2.9152209629	0
98	1	1.694374	0.828349	2.9152209629	1
99	1	0.868475	0.828349	2.9152209629	0
100	0	1.379879	0.828349	2.9152209629	1
101	0	1.261571	0.828349	2.9152209629	1
102	1	1.700304	0.828349	2.9152209629	1
103	0	0.629834	0.828349	2.9152209629	0
104	0	0.552330	0.828349	2.9152209629	0
105	0	0.648747	0.828349	2.9152209629	0
106	0	0.614570	0.828349	2.9152209629	1
107	0	0.845901	0.828349	2.9152209629	1
108	1	1.642019	0.828349	2.9152209629	0
109	0	0.708385	0.828349	2.9152209629	1
110	1	0.533016	0.828349	2.9152209629	0
111	0	0.582395	0.828349	2.9152209629	0
112	1	0.686735	0.828349	2.9152209629	1
113	0	2.267767	0.828349	2.9152209629	0
114	0	2.047660	0.828349	2.9152209629	1
115	1	1.188983	0.828349	2.9152209629	0
116	0	1.166806	0.828349	2.9152209629	0
117	0	1.215644	0.828349	2.9152209629	1
118	0	0.741356	0.828349	2.9152209629	1
119	0	0.530002	0.828349	2.9152209629	1
120	0	0.578213	0.828349	2.9152209629	0
121	0	0.663855	0.828349	2.9152209629	1
122	0	0.607972	0.828349	2.9152209629	1
123	1	1.114360	0.828349	2.9152209629	1
124	0	1.096240	0.828349	2.9152209629	1
125	0	0.552749	0.828349	2.9152209629	0
126	1	0.806907	0.828349	2.9152209629	1
127	0	0.700232	0.828349	2.9152209629	0
128	1	0.515185	0.828349	2.9152209629	0
129	0	1.261359	0.828349	2.9152209629	0
130	1	0.828575	0.828349	2.9152209629	1
131	0	1.994842	0.828349	2.9152209629	0
132	0	1.323019	0.828349	2.9152209629	1
133	1	0.557497	0.828349	2.9152209629	0
134	0	1.286755	0.828349	2.9152209629	1
135	1	0.770813	0.828349	2.9152209629	0
136	1	0.913975	0.828349	2.9152209629	1
