   1.0000000e+00   0.0000000e+00   8.0598000e-01   8.2040200e-01   3.1107818e+00   0.0000000e+00
   2.0000000e+00   0.0000000e+00   8.3851400e-01   8.2040200e-01   3.1107818e+00   1.0000000e+00
   3.0000000e+00   1.0000000e+00   1.1795930e+00   8.2040200e-01   3.1107818e+00   0.0000000e+00
   4.0000000e+00   0.0000000e+00   6.3283300e-01   8.2040200e-01   3.1107818e+00   1.0000000e+00
   5.0000000e+00   1.0000000e+00   1.2183530e+00   8.2040200e-01   3.1107818e+00   1.0000000e+00
   6.0000000e+00   0.0000000e+00   1.8675090e+00   8.2040200e-01   3.1107818e+00   1.0000000e+00
   7.0000000e+00   0.0000000e+00   1.0476510e+00   8.2040200e-01   3.1107818e+00   0.0000000e+00
   8.0000000e+00   0.0000000e+00   1.3626300e+00   8.2040200e-01   3.1107818e+00   0.0000000e+00
   9.0000000e+00   1.0000000e+00   1.3104450e+00   8.2040200e-01   3.1107818e+00   0.0000000e+00
   1.0000000e+01   0.0000000e+00   4.6812000e-01   8.2040200e-01   3.1107818e+00   1.0000000e+00
   1.1000000e+01   0.0000000e+00   3.2532080e+00   8.2040200e-01   3.1107818e+00   0.0000000e+00
   1.2000000e+01   0.0000000e+00   7.4091800e-01   8.2040200e-01   3.1107818e+00   1.0000000e+00
   1.3000000e+01   0.0000000e+00   9.4102100e-01   8.2040200e-01   3.1107818e+00   0.0000000e+00
   1.4000000e+01   0.0000000e+00   5.1313300e-01   8.2040200e-01   3.1107818e+00   1.0000000e+00
   1.5000000e+01   1.0000000e+00   8.1295200e-01   8.2040200e-01   3.1107818e+00   1.0000000e+00
   1.6000000e+01   0.0000000e+00   1.5682060e+00   8.2040200e-01   3.1107818e+00   0.0000000e+00
   1.7000000e+01   0.0000000e+00   7.7909900e-01   8.2040200e-01   3.1107818e+00   1.0000000e+00
   1.8000000e+01   0.0000000e+00   1.1659330e+00   8.2040200e-01   3.1107818e+00   0.0000000e+00
   1.9000000e+01   1.0000000e+00   1.1958030e+00   8.2040200e-01   3.1107818e+00   1.0000000e+00
   2.0000000e+01   1.0000000e+00   1.4307010e+00   8.2040200e-01   3.1107818e+00   0.0000000e+00
   2.1000000e+01   0.0000000e+00   4.3635400e-01   8.2040200e-01   3.1107818e+00   0.0000000e+00
   2.2000000e+01   1.0000000e+00   5.4563700e-01   8.2040200e-01   3.1107818e+00   1.0000000e+00
   2.3000000e+01   0.0000000e+00   5.6529700e-01   8.2040200e-01   3.1107818e+00   0.0000000e+00
   2.4000000e+01   0.0000000e+00   2.0121610e+00   8.2040200e-01   3.1107818e+00   1.0000000e+00
   2.5000000e+01   0.0000000e+00   6.8211100e-01   8.2040200e-01   3.1107818e+00   0.0000000e+00
   2.6000000e+01   0.0000000e+00   8.2683000e-01   8.2040200e-01   3.1107818e+00   1.0000000e+00
   2.7000000e+01   1.0000000e+00   5.7184100e-01   8.2040200e-01   3.1107818e+00   0.0000000e+00
   2.8000000e+01   0.0000000e+00   5.0609100e-01   8.2040200e-01   3.1107818e+00   1.0000000e+00
   2.9000000e+01   1.0000000e+00   1.6801730e+00   8.2040200e-01   3.1107818e+00   1.0000000e+00
   3.0000000e+01   0.0000000e+00   8.2459800e-01   8.2040200e-01   3.1107818e+00   1.0000000e+00
   3.1000000e+01   0.0000000e+00   8.0093300e-01   8.2040200e-01   3.1107818e+00   0.0000000e+00
   3.2000000e+01   0.0000000e+00   5.4650700e-01   8.2040200e-01   3.1107818e+00   1.0000000e+00
   3.3000000e+01   0.0000000e+00   1.7966430e+00   8.2040200e-01   3.1107818e+00   0.0000000e+00
   3.4000000e+01   1.0000000e+00   6.0819000e-01   8.2040200e-01   3.1107818e+00   0.0000000e+00
   3.5000000e+01   0.0000000e+00   1.0822460e+00   8.2040200e-01   3.1107818e+00   0.0000000e+00
   3.6000000e+01   0.0000000e+00   8.5372600e-01   8.2040200e-01   3.1107818e+00   0.0000000e+00
   3.7000000e+01   0.0000000e+00   6.2947200e-01   8.2040200e-01   3.1107818e+00   1.0000000e+00
   3.8000000e+01   0.0000000e+00   6.8893100e-01   8.2040200e-01   3.1107818e+00   0.0000000e+00
   3.9000000e+01   0.0000000e+00   5.6505300e-01   8.2040200e-01   3.1107818e+00   1.0000000e+00
   4.0000000e+01   1.0000000e+00   1.6129250e+00   8.2040200e-01   3.1107818e+00   0.0000000e+00
   4.1000000e+01   0.0000000e+00   9.1317100e-01   8.2040200e-01   3.1107818e+00   1.0000000e+00
   4.2000000e+01   0.0000000e+00   8.7551600e-01   8.2040200e-01   3.1107818e+00   0.0000000e+00
   4.3000000e+01   1.0000000e+00   5.9941700e-01   8.2040200e-01   3.1107818e+00   1.0000000e+00
   4.4000000e+01   1.0000000e+00   8.2756700e-01   8.2040200e-01   3.1107818e+00   0.0000000e+00
   4.5000000e+01   0.0000000e+00   8.1927500e-01   8.2040200e-01   3.1107818e+00   0.0000000e+00
   4.6000000e+01   0.0000000e+00   1.0225820e+00   8.2040200e-01   3.1107818e+00   1.0000000e+00
   4.7000000e+01   1.0000000e+00   8.5326200e-01   8.2040200e-01   3.1107818e+00   1.0000000e+00
   4.8000000e+01   0.0000000e+00   7.2282200e-01   8.2040200e-01   3.1107818e+00   1.0000000e+00
   4.9000000e+01   0.0000000e+00   8.2521700e-01   8.2040200e-01   3.1107818e+00   1.0000000e+00
   5.0000000e+01   1.0000000e+00   4.7339800e-01   8.2040200e-01   3.1107818e+00   1.0000000e+00
   5.1000000e+01   0.0000000e+00   1.1349440e+00   8.2040200e-01   3.1107818e+00   1.0000000e+00
   5.2000000e+01   0.0000000e+00   5.6301100e-01   8.2040200e-01   3.1107818e+00   0.0000000e+00
   5.3000000e+01   1.0000000e+00   6.8892300e-01   8.2040200e-01   3.1107818e+00   0.0000000e+00
   5.4000000e+01   0.0000000e+00   6.8358400e-01   8.2040200e-01   3.1107818e+00   0.0000000e+00
   5.5000000e+01   0.0000000e+00   7.7914900e-01   8.2040200e-01   3.1107818e+00   0.0000000e+00
   5.6000000e+01   1.0000000e+00   9.1204100e-01   8.2040200e-01   3.1107818e+00   1.0000000e+00
   5.7000000e+01   1.0000000e+00   6.2514400e-01   8.2040200e-01   3.1107818e+00   0.0000000e+00
   5.8000000e+01   0.0000000e+00   1.0798740e+00   8.2040200e-01   3.1107818e+00   0.0000000e+00
   5.9000000e+01   0.0000000e+00   5.3904700e-01   8.2040200e-01   3.1107818e+00   1.0000000e+00
   6.0000000e+01   1.0000000e+00   2.2241440e+00   8.2040200e-01   3.1107818e+00   0.0000000e+00
   6.1000000e+01   0.0000000e+00   8.8769700e-01   8.2040200e-01   3.1107818e+00   0.0000000e+00
   6.2000000e+01   0.0000000e+00   5.4893100e-01   8.2040200e-01   3.1107818e+00   0.0000000e+00
   6.3000000e+01   0.0000000e+00   6.5561400e-01   8.2040200e-01   3.1107818e+00   0.0000000e+00
   6.4000000e+01   0.0000000e+00   1.0695140e+00   8.2040200e-01   3.1107818e+00   1.0000000e+00
   6.5000000e+01   1.0000000e+00   6.1907400e-01   8.2040200e-01   3.1107818e+00   1.0000000e+00
   6.6000000e+01   0.0000000e+00   6.1352900e-01   8.2040200e-01   3.1107818e+00   1.0000000e+00
   6.7000000e+01   1.0000000e+00   7.0417900e-01   8.2040200e-01   3.1107818e+00   1.0000000e+00
   6.8000000e+01   0.0000000e+00   1.0261410e+00   8.2040200e-01   3.1107818e+00   1.0000000e+00
   6.9000000e+01   1.0000000e+00   1.1960210e+00   8.2040200e-01   3.1107818e+00   0.0000000e+00
   7.0000000e+01   0.0000000e+00   1.7975610e+00   8.2040200e-01   3.1107818e+00   1.0000000e+00
   7.1000000e+01   0.0000000e+00   7.8888100e-01   8.2040200e-01   3.1107818e+00   1.0000000e+00
   7.2000000e+01   0.0000000e+00   1.7330020e+00   8.2040200e-01   3.1107818e+00   1.0000000e+00
   7.3000000e+01   0.0000000e+00   8.3456600e-01   8.2040200e-01   3.1107818e+00   0.0000000e+00
   7.4000000e+01   0.0000000e+00   4.8077300e-01   8.2040200e-01   3.1107818e+00   0.0000000e+00
   7.5000000e+01   1.0000000e+00   9.1621500e-01   8.2040200e-01   3.1107818e+00   1.0000000e+00
   7.6000000e+01   0.0000000e+00   7.7017800e-01   8.2040200e-01   3.1107818e+00   1.0000000e+00
   7.7000000e+01   0.0000000e+00   5.1679300e-01   8.2040200e-01   3.1107818e+00   1.0000000e+00
   7.8000000e+01   0.0000000e+00   5.7921300e-01   8.2040200e-01   3.1107818e+00   1.0000000e+00
   7.9000000e+01   0.0000000e+00   1.3937190e+00   8.2040200e-01   3.1107818e+00   0.0000000e+00
   8.0000000e+01   1.0000000e+00   7.4969600e-01   8.2040200e-01   3.1107818e+00   0.0000000e+00
   8.1000000e+01   0.0000000e+00   1.0713280e+00   8.2040200e-01   3.1107818e+00   1.0000000e+00
   8.2000000e+01   1.0000000e+00   4.9435200e-01   8.2040200e-01   3.1107818e+00   0.0000000e+00
   8.3000000e+01   0.0000000e+00   4.4915300e-01   8.2040200e-01   3.1107818e+00   0.0000000e+00
   8.4000000e+01   0.0000000e+00   7.0844200e-01   8.2040200e-01   3.1107818e+00   0.0000000e+00
   8.5000000e+01   1.0000000e+00   9.2072900e-01   8.2040200e-01   3.1107818e+00   1.0000000e+00
   8.6000000e+01   0.0000000e+00   8.0625600e-01   8.2040200e-01   3.1107818e+00   1.0000000e+00
   8.7000000e+01   0.0000000e+00   4.8362100e-01   8.2040200e-01   3.1107818e+00   1.0000000e+00
   8.8000000e+01   0.0000000e+00   5.4465400e-01   8.2040200e-01   3.1107818e+00   1.0000000e+00
   8.9000000e+01   0.0000000e+00   7.3683500e-01   8.2040200e-01   3.1107818e+00   1.0000000e+00
   9.0000000e+01   0.0000000e+00   4.8419400e-01   8.2040200e-01   3.1107818e+00   0.0000000e+00
   9.1000000e+01   1.0000000e+00   6.9235800e-01   8.2040200e-01   3.1107818e+00   0.0000000e+00
   9.2000000e+01   0.0000000e+00   4.9493600e-01   8.2040200e-01   3.1107818e+00   0.0000000e+00
   9.3000000e+01   1.0000000e+00   4.7608100e-01   8.2040200e-01   3.1107818e+00   1.0000000e+00
   9.4000000e+01   0.0000000e+00   1.1750270e+00   8.2040200e-01   3.1107818e+00   1.0000000e+00
   9.5000000e+01   0.0000000e+00   7.9916400e-01   8.2040200e-01   3.1107818e+00   0.0000000e+00
   9.6000000e+01   0.0000000e+00   9.5387000e-01   8.2040200e-01   3.1107818e+00   0.0000000e+00
   9.7000000e+01   1.0000000e+00   6.4749600e-01   8.2040200e-01   3.1107818e+00   0.0000000e+00
   9.8000000e+01   0.0000000e+00   8.2903700e-01   8.2040200e-01   3.1107818e+00   0.0000000e+00
   9.9000000e+01   1.0000000e+00   8.1793500e-01   8.2040200e-01   3.1107818e+00   1.0000000e+00
   1.0000000e+02   0.0000000e+00   8.9937900e-01   8.2040200e-01   3.1107818e+00   0.0000000e+00
   1.0100000e+02   1.0000000e+00   1.4308360e+00   8.2040200e-01   3.1107818e+00   1.0000000e+00
   1.0200000e+02   0.0000000e+00   5.9447000e-01   8.2040200e-01   3.1107818e+00   0.0000000e+00
   1.0300000e+02   0.0000000e+00   1.7722220e+00   8.2040200e-01   3.1107818e+00   1.0000000e+00
   1.0400000e+02   0.0000000e+00   1.5873760e+00   8.2040200e-01   3.1107818e+00   0.0000000e+00
   1.0500000e+02   1.0000000e+00   6.7336400e-01   8.2040200e-01   3.1107818e+00   0.0000000e+00
   1.0600000e+02   0.0000000e+00   2.7346250e+00   8.2040200e-01   3.1107818e+00   0.0000000e+00
   1.0700000e+02   0.0000000e+00   4.8674900e-01   8.2040200e-01   3.1107818e+00   1.0000000e+00
   1.0800000e+02   0.0000000e+00   1.1404360e+00   8.2040200e-01   3.1107818e+00   0.0000000e+00
   1.0900000e+02   0.0000000e+00   2.0070370e+00   8.2040200e-01   3.1107818e+00   0.0000000e+00
   1.1000000e+02   1.0000000e+00   6.3108200e-01   8.2040200e-01   3.1107818e+00   1.0000000e+00
   1.1100000e+02   0.0000000e+00   5.1838000e-01   8.2040200e-01   3.1107818e+00   1.0000000e+00
   1.1200000e+02   0.0000000e+00   4.6408700e-01   8.2040200e-01   3.1107818e+00   0.0000000e+00
   1.1300000e+02   0.0000000e+00   1.1081480e+00   8.2040200e-01   3.1107818e+00   0.0000000e+00
   1.1400000e+02   1.0000000e+00   6.9822100e-01   8.2040200e-01   3.1107818e+00   0.0000000e+00
   1.1500000e+02   0.0000000e+00   6.8790600e-01   8.2040200e-01   3.1107818e+00   0.0000000e+00
   1.1600000e+02   1.0000000e+00   1.1940250e+00   8.2040200e-01   3.1107818e+00   0.0000000e+00
   1.1700000e+02   0.0000000e+00   7.1836600e-01   8.2040200e-01   3.1107818e+00   1.0000000e+00
   1.1800000e+02   0.0000000e+00   1.2172550e+00   8.2040200e-01   3.1107818e+00   1.0000000e+00
   1.1900000e+02   0.0000000e+00   7.2850900e-01   8.2040200e-01   3.1107818e+00   1.0000000e+00
   1.2000000e+02   0.0000000e+00   8.5923900e-01   8.2040200e-01   3.1107818e+00   1.0000000e+00
   1.2100000e+02   1.0000000e+00   8.4085700e-01   8.2040200e-01   3.1107818e+00   1.0000000e+00
   1.2200000e+02   0.0000000e+00   1.4784400e+00   8.2040200e-01   3.1107818e+00   0.0000000e+00
   1.2300000e+02   1.0000000e+00   4.4883900e-01   8.2040200e-01   3.1107818e+00   0.0000000e+00
   1.2400000e+02   0.0000000e+00   8.9724700e-01   8.2040200e-01   3.1107818e+00   0.0000000e+00
   1.2500000e+02   0.0000000e+00   4.6949900e-01   8.2040200e-01   3.1107818e+00   0.0000000e+00
   1.2600000e+02   0.0000000e+00   7.7064700e-01   8.2040200e-01   3.1107818e+00   1.0000000e+00
   1.2700000e+02   0.0000000e+00   2.5974240e+00   8.2040200e-01   3.1107818e+00   1.0000000e+00
   1.2800000e+02   0.0000000e+00   1.0861690e+00   8.2040200e-01   3.1107818e+00   0.0000000e+00
   1.2900000e+02   0.0000000e+00   4.4951500e-01   8.2040200e-01   3.1107818e+00   1.0000000e+00
   1.3000000e+02   0.0000000e+00   2.1411390e+00   8.2040200e-01   3.1107818e+00   1.0000000e+00
   1.3100000e+02   1.0000000e+00   8.2741700e-01   8.2040200e-01   3.1107818e+00   1.0000000e+00
   1.3200000e+02   0.0000000e+00   4.9678000e-01   8.2040200e-01   3.1107818e+00   1.0000000e+00
   1.3300000e+02   0.0000000e+00   5.4653700e-01   8.2040200e-01   3.1107818e+00   1.0000000e+00
   1.3400000e+02   0.0000000e+00   1.1313640e+00   8.2040200e-01   3.1107818e+00   0.0000000e+00
   1.3500000e+02   1.0000000e+00   6.1071800e-01   8.2040200e-01   3.1107818e+00   1.0000000e+00
   1.3600000e+02   1.0000000e+00   6.1852300e-01   8.2040200e-01   3.1107818e+00   0.0000000e+00
