   1.0000000e+00   0.0000000e+00   6.4593400e-01   8.2139900e-01   3.0348057e+00   0.0000000e+00
   2.0000000e+00   0.0000000e+00   7.9260900e-01   8.2139900e-01   3.0348057e+00   0.0000000e+00
   3.0000000e+00   0.0000000e+00   2.0435110e+00   8.2139900e-01   3.0348057e+00   0.0000000e+00
   4.0000000e+00   1.0000000e+00   5.3094800e-01   8.2139900e-01   3.0348057e+00   0.0000000e+00
   5.0000000e+00   0.0000000e+00   4.8148900e-01   8.2139900e-01   3.0348057e+00   0.0000000e+00
   6.0000000e+00   0.0000000e+00   8.4899000e-01   8.2139900e-01   3.0348057e+00   1.0000000e+00
   7.0000000e+00   0.0000000e+00   5.0889300e-01   8.2139900e-01   3.0348057e+00   1.0000000e+00
   8.0000000e+00   1.0000000e+00   5.2557600e-01   8.2139900e-01   3.0348057e+00   1.0000000e+00
   9.0000000e+00   0.0000000e+00   4.4016500e-01   8.2139900e-01   3.0348057e+00   1.0000000e+00
   1.0000000e+01   1.0000000e+00   5.7550200e-01   8.2139900e-01   3.0348057e+00   0.0000000e+00
   1.1000000e+01   0.0000000e+00   5.9788100e-01   8.2139900e-01   3.0348057e+00   0.0000000e+00
   1.2000000e+01   0.0000000e+00   4.7371000e-01   8.2139900e-01   3.0348057e+00   0.0000000e+00
   1.3000000e+01   0.0000000e+00   1.3990030e+00   8.2139900e-01   3.0348057e+00   0.0000000e+00
   1.4000000e+01   1.0000000e+00   9.3664900e-01   8.2139900e-01   3.0348057e+00   1.0000000e+00
   1.5000000e+01   0.0000000e+00   6.5083000e-01   8.2139900e-01   3.0348057e+00   1.0000000e+00
   1.6000000e+01   0.0000000e+00   7.1505300e-01   8.2139900e-01   3.0348057e+00   1.0000000e+00
   1.7000000e+01   0.0000000e+00   7.7971000e-01   8.2139900e-01   3.0348057e+00   0.0000000e+00
   1.8000000e+01   1.0000000e+00   7.2079800e-01   8.2139900e-01   3.0348057e+00   1.0000000e+00
   1.9000000e+01   0.0000000e+00   1.5452570e+00   8.2139900e-01   3.0348057e+00   1.0000000e+00
   2.0000000e+01   0.0000000e+00   4.9697500e-01   8.2139900e-01   3.0348057e+00   1.0000000e+00
   2.1000000e+01   0.0000000e+00   1.1944740e+00   8.2139900e-01   3.0348057e+00   1.0000000e+00
   2.2000000e+01   0.0000000e+00   7.5854700e-01   8.2139900e-01   3.0348057e+00   1.0000000e+00
   2.3000000e+01   1.0000000e+00   6.7722800e-01   8.2139900e-01   3.0348057e+00   0.0000000e+00
   2.4000000e+01   0.0000000e+00   4.6137400e-01   8.2139900e-01   3.0348057e+00   0.0000000e+00
   2.5000000e+01   0.0000000e+00   8.7058200e-01   8.2139900e-01   3.0348057e+00   1.0000000e+00
   2.6000000e+01   0.0000000e+00   7.9146000e-01   8.2139900e-01   3.0348057e+00   0.0000000e+00
   2.7000000e+01   1.0000000e+00   2.2539480e+00   8.2139900e-01   3.0348057e+00   1.0000000e+00
   2.8000000e+01   1.0000000e+00   1.2444980e+00   8.2139900e-01   3.0348057e+00   0.0000000e+00
   2.9000000e+01   0.0000000e+00   1.1024940e+00   8.2139900e-01   3.0348057e+00   0.0000000e+00
   3.0000000e+01   0.0000000e+00   1.1885190e+00   8.2139900e-01   3.0348057e+00   1.0000000e+00
   3.1000000e+01   1.0000000e+00   5.7808400e-01   8.2139900e-01   3.0348057e+00   1.0000000e+00
   3.2000000e+01   0.0000000e+00   1.3169010e+00   8.2139900e-01   3.0348057e+00   1.0000000e+00
   3.3000000e+01   0.0000000e+00   4.3614700e-01   8.2139900e-01   3.0348057e+00   0.0000000e+00
   3.4000000e+01   1.0000000e+00   4.9479000e-01   8.2139900e-01   3.0348057e+00   0.0000000e+00
   3.5000000e+01   0.0000000e+00   1.3418490e+00   8.2139900e-01   3.0348057e+00   0.0000000e+00
   3.6000000e+01   0.0000000e+00   8.9952500e-01   8.2139900e-01   3.0348057e+00   1.0000000e+00
   3.7000000e+01   0.0000000e+00   6.7543400e-01   8.2139900e-01   3.0348057e+00   0.0000000e+00
   3.8000000e+01   0.0000000e+00   1.5157030e+00   8.2139900e-01   3.0348057e+00   0.0000000e+00
   3.9000000e+01   1.0000000e+00   6.3727800e-01   8.2139900e-01   3.0348057e+00   0.0000000e+00
   4.0000000e+01   0.0000000e+00   6.4600300e-01   8.2139900e-01   3.0348057e+00   1.0000000e+00
   4.1000000e+01   0.0000000e+00   6.8048100e-01   8.2139900e-01   3.0348057e+00   0.0000000e+00
   4.2000000e+01   1.0000000e+00   1.2864320e+00   8.2139900e-01   3.0348057e+00   1.0000000e+00
   4.3000000e+01   0.0000000e+00   1.3027390e+00   8.2139900e-01   3.0348057e+00   0.0000000e+00
   4.4000000e+01   0.0000000e+00   1.3350780e+00   8.2139900e-01   3.0348057e+00   0.0000000e+00
   4.5000000e+01   1.0000000e+00   8.2771200e-01   8.2139900e-01   3.0348057e+00   0.0000000e+00
   4.6000000e+01   0.0000000e+00   4.5370900e-01   8.2139900e-01   3.0348057e+00   0.0000000e+00
   4.7000000e+01   1.0000000e+00   4.8265300e-01   8.2139900e-01   3.0348057e+00   1.0000000e+00
   4.8000000e+01   0.0000000e+00   1.3712380e+00   8.2139900e-01   3.0348057e+00   1.0000000e+00
   4.9000000e+01   1.0000000e+00   1.0950630e+00   8.2139900e-01   3.0348057e+00   1.0000000e+00
   5.0000000e+01   0.0000000e+00   1.4197520e+00   8.2139900e-01   3.0348057e+00   0.0000000e+00
   5.1000000e+01   1.0000000e+00   6.2241800e-01   8.2139900e-01   3.0348057e+00   0.0000000e+00
   5.2000000e+01   0.0000000e+00   7.1709300e-01   8.2139900e-01   3.0348057e+00   1.0000000e+00
   5.3000000e+01   1.0000000e+00   5.7038500e-01   8.2139900e-01   3.0348057e+00   1.0000000e+00
   5.4000000e+01   0.0000000e+00   7.5437400e-01   8.2139900e-01   3.0348057e+00   1.0000000e+00
   5.5000000e+01   0.0000000e+00   8.0674000e-01   8.2139900e-01   3.0348057e+00   0.0000000e+00
   5.6000000e+01   0.0000000e+00   7.6874800e-01   8.2139900e-01   3.0348057e+00   1.0000000e+00
   5.7000000e+01   0.0000000e+00   7.4730400e-01   8.2139900e-01   3.0348057e+00   1.0000000e+00
   5.8000000e+01   0.0000000e+00   6.5199100e-01   8.2139900e-01   3.0348057e+00   0.0000000e+00
   5.9000000e+01   1.0000000e+00   8.5154900e-01   8.2139900e-01   3.0348057e+00   0.0000000e+00
   6.0000000e+01   0.0000000e+00   7.7155000e-01   8.2139900e-01   3.0348057e+00   1.0000000e+00
   6.1000000e+01   0.0000000e+00   1.9080470e+00   8.2139900e-01   3.0348057e+00   0.0000000e+00
   6.2000000e+01   0.0000000e+00   8.8347100e-01   8.2139900e-01   3.0348057e+00   1.0000000e+00
   6.3000000e+01   1.0000000e+00   1.9122780e+00   8.2139900e-01   3.0348057e+00   0.0000000e+00
   6.4000000e+01   0.0000000e+00   5.8582600e-01   8.2139900e-01   3.0348057e+00   1.0000000e+00
   6.5000000e+01   1.0000000e+00   9.3951300e-01   8.2139900e-01   3.0348057e+00   1.0000000e+00
   6.6000000e+01   0.0000000e+00   6.2512600e-01   8.2139900e-01   3.0348057e+00   0.0000000e+00
   6.7000000e+01   1.0000000e+00   7.6568800e-01   8.2139900e-01   3.0348057e+00   1.0000000e+00
   6.8000000e+01   0.0000000e+00   7.7146000e-01   8.2139900e-01   3.0348057e+00   1.0000000e+00
   6.9000000e+01   0.0000000e+00   5.2618400e-01   8.2139900e-01   3.0348057e+00   1.0000000e+00
   7.0000000e+01   0.0000000e+00   8.8792700e-01   8.2139900e-01   3.0348057e+00   0.0000000e+00
   7.1000000e+01   0.0000000e+00   1.7280050e+00   8.2139900e-01   3.0348057e+00   0.0000000e+00
   7.2000000e+01   0.0000000e+00   1.2585220e+00   8.2139900e-01   3.0348057e+00   1.0000000e+00
   7.3000000e+01   1.0000000e+00   1.5441350e+00   8.2139900e-01   3.0348057e+00   0.0000000e+00
   7.4000000e+01   0.0000000e+00   5.3399000e-01   8.2139900e-01   3.0348057e+00   1.0000000e+00
   7.5000000e+01   1.0000000e+00   1.0315300e+00   8.2139900e-01   3.0348057e+00   1.0000000e+00
   7.6000000e+01   1.0000000e+00   8.2648700e-01   8.2139900e-01   3.0348057e+00   0.0000000e+00
   7.7000000e+01   0.0000000e+00   5.6562200e-01   8.2139900e-01   3.0348057e+00   1.0000000e+00
   7.8000000e+01   0.0000000e+00   6.3119900e-01   8.2139900e-01   3.0348057e+00   0.0000000e+00
   7.9000000e+01   0.0000000e+00   7.8982400e-01   8.2139900e-01   3.0348057e+00   1.0000000e+00
   8.0000000e+01   1.0000000e+00   7.6650600e-01   8.2139900e-01   3.0348057e+00   0.0000000e+00
   8.1000000e+01   0.0000000e+00   3.0686200e+00   8.2139900e-01   3.0348057e+00   0.0000000e+00
   8.2000000e+01   1.0000000e+00   9.0668600e-01   8.2139900e-01   3.0348057e+00   1.0000000e+00
   8.3000000e+01   0.0000000e+00   4.7336200e-01   8.2139900e-01   3.0348057e+00   0.0000000e+00
   8.4000000e+01   0.0000000e+00   6.7750500e-01   8.2139900e-01   3.0348057e+00   1.0000000e+00
   8.5000000e+01   0.0000000e+00   1.2359430e+00   8.2139900e-01   3.0348057e+00   0.0000000e+00
   8.6000000e+01   0.0000000e+00   4.7683300e-01   8.2139900e-01   3.0348057e+00   0.0000000e+00
   8.7000000e+01   0.0000000e+00   2.0953420e+00   8.2139900e-01   3.0348057e+00   0.0000000e+00
   8.8000000e+01   1.0000000e+00   4.3653600e-01   8.2139900e-01   3.0348057e+00   0.0000000e+00
   8.9000000e+01   0.0000000e+00   1.7128160e+00   8.2139900e-01   3.0348057e+00   1.0000000e+00
   9.0000000e+01   0.0000000e+00   2.0734440e+00   8.2139900e-01   3.0348057e+00   1.0000000e+00
   9.1000000e+01   1.0000000e+00   6.3159300e-01   8.2139900e-01   3.0348057e+00   1.0000000e+00
   9.2000000e+01   0.0000000e+00   6.0337900e-01   8.2139900e-01   3.0348057e+00   0.0000000e+00
   9.3000000e+01   0.0000000e+00   6.0100700e-01   8.2139900e-01   3.0348057e+00   1.0000000e+00
   9.4000000e+01   0.0000000e+00   1.3183210e+00   8.2139900e-01   3.0348057e+00   0.0000000e+00
   9.5000000e+01   0.0000000e+00   1.1948310e+00   8.2139900e-01   3.0348057e+00   1.0000000e+00
   9.6000000e+01   0.0000000e+00   4.4598500e-01   8.2139900e-01   3.0348057e+00   1.0000000e+00
   9.7000000e+01   1.0000000e+00   6.5406500e-01   8.2139900e-01   3.0348057e+00   0.0000000e+00
   9.8000000e+01   0.0000000e+00   5.0006900e-01   8.2139900e-01   3.0348057e+00   0.0000000e+00
   9.9000000e+01   0.0000000e+00   1.7535790e+00   8.2139900e-01   3.0348057e+00   1.0000000e+00
   1.0000000e+02   0.0000000e+00   1.1310710e+00   8.2139900e-01   3.0348057e+00   0.0000000e+00
   1.0100000e+02   0.0000000e+00   8.4652100e-01   8.2139900e-01   3.0348057e+00   1.0000000e+00
   1.0200000e+02   1.0000000e+00   6.6376100e-01   8.2139900e-01   3.0348057e+00   1.0000000e+00
   1.0300000e+02   0.0000000e+00   5.5158500e-01   8.2139900e-01   3.0348057e+00   1.0000000e+00
   1.0400000e+02   0.0000000e+00   4.4818400e-01   8.2139900e-01   3.0348057e+00   1.0000000e+00
   1.0500000e+02   0.0000000e+00   4.3798300e-01   8.2139900e-01   3.0348057e+00   0.0000000e+00
   1.0600000e+02   0.0000000e+00   2.0934460e+00   8.2139900e-01   3.0348057e+00   1.0000000e+00
   1.0700000e+02   0.0000000e+00   5.6543300e-01   8.2139900e-01   3.0348057e+00   1.0000000e+00
   1.0800000e+02   1.0000000e+00   5.3296300e-01   8.2139900e-01   3.0348057e+00   1.0000000e+00
   1.0900000e+02   0.0000000e+00   6.8188400e-01   8.2139900e-01   3.0348057e+00   0.0000000e+00
   1.1000000e+02   1.0000000e+00   8.1114300e-01   8.2139900e-01   3.0348057e+00   0.0000000e+00
   1.1100000e+02   0.0000000e+00   1.8124160e+00   8.2139900e-01   3.0348057e+00   1.0000000e+00
   1.1200000e+02   0.0000000e+00   5.9524400e-01   8.2139900e-01   3.0348057e+00   1.0000000e+00
   1.1300000e+02   1.0000000e+00   9.1230800e-01   8.2139900e-01   3.0348057e+00   1.0000000e+00
   1.1400000e+02   0.0000000e+00   1.3696500e+00   8.2139900e-01   3.0348057e+00   0.0000000e+00
   1.1500000e+02   0.0000000e+00   8.1114200e-01   8.2139900e-01   3.0348057e+00   1.0000000e+00
   1.1600000e+02   0.0000000e+00   8.0191500e-01   8.2139900e-01   3.0348057e+00   0.0000000e+00
   1.1700000e+02   1.0000000e+00   1.0919280e+00   8.2139900e-01   3.0348057e+00   0.0000000e+00
   1.1800000e+02   0.0000000e+00   1.2185900e+00   8.2139900e-01   3.0348057e+00   0.0000000e+00
   1.1900000e+02   1.0000000e+00   9.6441400e-01   8.2139900e-01   3.0348057e+00   0.0000000e+00
   1.2000000e+02   0.0000000e+00   5.7565200e-01   8.2139900e-01   3.0348057e+00   0.0000000e+00
   1.2100000e+02   0.0000000e+00   1.5463160e+00   8.2139900e-01   3.0348057e+00   1.0000000e+00
   1.2200000e+02   1.0000000e+00   5.2129600e-01   8.2139900e-01   3.0348057e+00   1.0000000e+00
   1.2300000e+02   0.0000000e+00   1.1464960e+00   8.2139900e-01   3.0348057e+00   0.0000000e+00
   1.2400000e+02   1.0000000e+00   4.9292800e-01   8.2139900e-01   3.0348057e+00   0.0000000e+00
   1.2500000e+02   0.0000000e+00   1.0239570e+00   8.2139900e-01   3.0348057e+00   1.0000000e+00
   1.2600000e+02   0.0000000e+00   1.0412080e+00   8.2139900e-01   3.0348057e+00   0.0000000e+00
   1.2700000e+02   0.0000000e+00   5.3539400e-01   8.2139900e-01   3.0348057e+00   0.0000000e+00
   1.2800000e+02   0.0000000e+00   5.6915200e-01   8.2139900e-01   3.0348057e+00   0.0000000e+00
   1.2900000e+02   0.0000000e+00   5.5353400e-01   8.2139900e-01   3.0348057e+00   0.0000000e+00
   1.3000000e+02   0.0000000e+00   1.4384100e+00   8.2139900e-01   3.0348057e+00   0.0000000e+00
   1.3100000e+02   1.0000000e+00   1.1196290e+00   8.2139900e-01   3.0348057e+00   1.0000000e+00
   1.3200000e+02   1.0000000e+00   6.8811300e-01   8.2139900e-01   3.0348057e+00   1.0000000e+00
   1.3300000e+02   0.0000000e+00   1.4037800e+00   8.2139900e-01   3.0348057e+00   1.0000000e+00
   1.3400000e+02   0.0000000e+00   2.0246860e+00   8.2139900e-01   3.0348057e+00   1.0000000e+00
   1.3500000e+02   0.0000000e+00   9.5620300e-01   8.2139900e-01   3.0348057e+00   1.0000000e+00
   1.3600000e+02   1.0000000e+00   5.2907500e-01   8.2139900e-01   3.0348057e+00   0.0000000e+00
