1	0	0.708393	0.821190	2.6518727287	1
2	0	1.425637	0.821190	2.6518727287	1
3	0	0.607436	0.821190	2.6518727287	1
4	1	1.013459	0.821190	2.6518727287	0
5	0	0.959242	0.821190	2.6518727287	1
6	1	1.187730	0.821190	2.6518727287	1
7	0	0.681528	0.821190	2.6518727287	0
8	0	0.519608	0.821190	2.6518727287	1
9	1	0.775919	0.821190	2.6518727287	0
10	0	0.526429	0.821190	2.6518727287	1
11	0	1.323500	0.821190	2.6518727287	0
12	0	0.838369	0.821190	2.6518727287	0
13	0	0.608942	0.821190	2.6518727287	1
14	0	0.580802	0.821190	2.6518727287	1
15	0	1.251021	0.821190	2.6518727287	0
16	1	1.816048	0.821190	2.6518727287	1
17	0	0.575916	0.821190	2.6518727287	0
18	1	0.513683	0.821190	2.6518727287	1
19	0	1.010476	0.821190	2.6518727287	0
20	1	0.657840	0.821190	2.6518727287	0
21	0	0.989597	0.821190	2.6518727287	0
22	0	1.580197	0.821190	2.6518727287	0
23	0	0.725042	0.821190	2.6518727287	1
24	0	0.967300	0.821190	2.6518727287	0
25	0	0.504865	0.821190	2.6518727287	0
26	1	0.805102	0.821190	2.6518727287	1
27	0	0.933514	0.821190	2.6518727287	0
28	0	1.373174	0.821190	2.6518727287	1
29	0	0.566508	0.821190	2.6518727287	1
30	1	0.691559	0.821190	2.6518727287	0
31	0	1.594625	0.821190	2.6518727287	0
32	0	0.625835	0.821190	2.6518727287	0
33	0	0.766536	0.821190	2.6518727287	1
34	1	0.912496	0.821190	2.6518727287	1
35	0	2.138793	0.821190	2.6518727287	0
36	1	0.922921	0.821190	2.6518727287	0
37	0	0.515101	0.821190	2.6518727287	0
38	0	0.853170	0.821190	2.6518727287	1
39	0	0.811912	0.821190	2.6518727287	1
40	0	1.483233	0.821190	2.6518727287	0
41	1	2.594395	0.821190	2.6518727287	0
42	1	1.078490	0.821190	2.6518727287	1
43	0	0.574194	0.821190	2.6518727287	1
44	0	0.568223	0.821190	2.6518727287	1
45	0	0.741226	0.821190	2.6518727287	1
46	0	1.513803	0.821190	2.6518727287	0
47	1	0.556923	0.821190	2.6518727287	0
48	0	0.889415	0.821190	2.6518727287	1
49	1	0.539696	0.821190	2.6518727287	1
50	0	2.098269	0.821190	2.6518727287	0
51	1	0.988502	0.821190	2.6518727287	1
52	0	0.520144	0.821190	2.6518727287	1
53	0	0.663481	0.821190	2.6518727287	0
54	1	1.694480	0.821190	2.6518727287	0
55	0	0.730095	0.821190	2.6518727287	1
56	0	2.507601	0.821190	2.6518727287	0
57	1	0.540923	0.821190	2.6518727287	1
58	0	0.612626	0.821190	2.6518727287	0
59	1	0.971246	0.821190	2.6518727287	0
60	0	0.606451	0.821190	2.6518727287	0
61	0	1.226665	0.821190	2.6518727287	1
62	0	0.675488	0.821190	2.6518727287	1
63	0	1.284727	0.821190	2.6518727287	1
64	0	1.414386	0.821190	2.6518727287	0
65	1	1.009909	0.821190	2.6518727287	0
66	0	1.518460	0.821190	2.6518727287	1
67	1	2.331131	0.821190	2.6518727287	1
68	0	0.839918	0.821190	2.6518727287	0
69	0	1.600498	0.821190	2.6518727287	0
70	0	0.519454	0.821190	2.6518727287	0
71	1	1.171518	0.821190	2.6518727287	1
72	1	0.738132	0.821190	2.6518727287	0
73	0	0.777771	0.821190	2.6518727287	1
74	0	0.638219	0.821190	2.6518727287	1
75	1	0.501749	0.821190	2.6518727287	1
76	0	1.207447	0.821190	2.6518727287	1
77	0	0.526211	0.821190	2.6518727287	0
78	1	0.686880	0.821190	2.6518727287	0
79	0	0.556276	0.821190	2.6518727287	1
80	0	0.712868	0.821190	2.6518727287	0
81	1	0.629043	0.821190	2.6518727287	0
82	0	1.561824	0.821190	2.6518727287	1
83	0	0.781080	0.821190	2.6518727287	1
84	0	0.632815	0.821190	2.6518727287	1
85	0	0.723307	0.821190	2.6518727287	0
86	0	0.662920	0.821190	2.6518727287	0
87	1	0.502638	0.821190	2.6518727287	1
88	0	1.810964	0.821190	2.6518727287	0
89	0	1.623029	0.821190	2.6518727287	1
90	0	1.278585	0.821190	2.6518727287	1
91	1	0.626019	0.821190	2.6518727287	0
92	0	0.530888	0.821190	2.6518727287	1
93	0	0.619944	0.821190	2.6518727287	1
94	1	0.654585	0.821190	2.6518727287	1
95	0	0.507418	0.821190	2.6518727287	0
96	0	1.164941	0.821190	2.6518727287	1
97	1	0.636242	0.821190	2.6518727287	0
98	0	0.757497	0.821190	2.6518727287	0
99	1	0.577081	0.821190	2.6518727287	1
100	0	2.172671	0.821190	2.6518727287	0
101	0	0.951185	0.821190	2.6518727287	0
102	0	1.362365	0.821190	2.6518727287	0
103	0	0.936103	0.821190	2.6518727287	1
104	0	1.816155	0.821190	2.6518727287	1
105	0	0.515492	0.821190	2.6518727287	0
106	1	0.552205	0.821190	2.6518727287	1
107	0	0.864202	0.821190	2.6518727287	0
108	0	0.721710	0.821190	2.6518727287	1
109	0	1.414482	0.821190	2.6518727287	1
110	1	1.344153	0.821190	2.6518727287	0
111	1	0.702763	0.821190	2.6518727287	1
112	0	1.338160	0.821190	2.6518727287	1
113	1	0.576616	0.821190	2.6518727287	0
114	0	0.598753	0.821190	2.6518727287	0
115	0	1.032642	0.821190	2.6518727287	0
116	0	1.056857	0.821190	2.6518727287	0
117	0	0.804565	0.821190	2.6518727287	1
118	1	1.702086	0.821190	2.6518727287	0
119	0	1.362847	0.821190	2.6518727287	1
120	0	1.558957	0.821190	2.6518727287	0
121	0	1.024651	0.821190	2.6518727287	1
122	0	1.286944	0.821190	2.6518727287	1
123	0	0.921000	0.821190	2.6518727287	0
124	1	0.720257	0.821190	2.6518727287	1
125	0	0.676390	0.821190	2.6518727287	1
126	0	1.010329	0.821190	2.6518727287	0
127	0	1.439601	0.821190	2.6518727287	1
128	0	1.749446	0.821190	2.6518727287	0
129	0	1.069235	0.821190	2.6518727287	1
130	1	0.554158	0.821190	2.6518727287	0
131	0	0.628758	0.821190	2.6518727287	0
132	1	1.101356	0.821190	2.6518727287	1
133	0	3.790789	0.821190	2.6518727287	0
134	0	0.892916	0.821190	2.6518727287	0
135	1	0.575116	0.821190	2.6518727287	1
136	1	0.621919	0.821190	2.6518727287	0
