1	0	0.757561	0.826867	3.6789722379	0
2	0	1.060730	0.826867	3.6789722379	0
3	0	0.657252	0.826867	3.6789722379	1
4	1	1.153531	0.826867	3.6789722379	0
5	0	0.644619	0.826867	3.6789722379	0
6	1	0.674367	0.826867	3.6789722379	1
7	0	1.228468	0.826867	3.6789722379	0
8	0	0.759481	0.826867	3.6789722379	0
9	0	2.637966	0.826867	3.6789722379	1
10	1	1.482917	0.826867	3.6789722379	0
11	0	0.679955	0.826867	3.6789722379	1
12	0	1.611797	0.826867	3.6789722379	1
13	1	0.616291	0.826867	3.6789722379	1
14	0	1.579976	0.826867	3.6789722379	1
15	0	1.802114	0.826867	3.6789722379	1
16	0	0.537670	0.826867	3.6789722379	1
17	1	0.528132	0.826867	3.6789722379	1
18	0	1.538562	0.826867	3.6789722379	1
19	0	1.865237	0.826867	3.6789722379	0
20	0	0.789064	0.826867	3.6789722379	0
21	0	0.558998	0.826867	3.6789722379	0
22	1	1.517637	0.826867	3.6789722379	0
23	0	1.827073	0.826867	3.6789722379	0
24	1	1.085307	0.826867	3.6789722379	1
25	0	0.810893	0.826867	3.6789722379	0
26	0	0.882316	0.826867	3.6789722379	1
27	0	0.589562	0.826867	3.6789722379	1
28	0	0.793317	0.826867	3.6789722379	0
29	1	0.681276	0.826867	3.6789722379	0
30	0	1.409186	0.826867	3.6789722379	0
31	0	1.437180	0.826867	3.6789722379	0
32	0	1.231758	0.826867	3.6789722379	1
33	0	1.396139	0.826867	3.6789722379	1
34	1	0.702744	0.826867	3.6789722379	1
35	0	0.580607	0.826867	3.6789722379	0
36	1	0.506104	0.826867	3.6789722379	0
37	0	0.530621	0.826867	3.6789722379	1
38	0	0.545504	0.826867	3.6789722379	0
39	1	0.661728	0.826867	3.6789722379	0
40	0	1.201391	0.826867	3.6789722379	1
41	0	1.116377	0.826867	3.6789722379	0
42	1	1.861329	0.826867	3.6789722379	1
43	0	0.575241	0.826867	3.6789722379	1
44	0	1.776369	0.826867	3.6789722379	1
45	0	0.800354	0.826867	3.6789722379	0
46	0	1.213919	0.826867	3.6789722379	0
47	0	0.577471	0.826867	3.6789722379	0
48	1	2.652669	0.826867	3.6789722379	0
49	0	0.818910	0.826867	3.6789722379	1
50	1	1.048012	0.826867	3.6789722379	1
51	0	0.515119	0.826867	3.6789722379	1
52	0	1.615620	0.826867	3.6789722379	0
53	1	1.093038	0.826867	3.6789722379	1
54	0	0.770981	0.826867	3.6789722379	0
55	1	0.660486	0.826867	3.6789722379	0
56	1	0.537465	0.826867	3.6789722379	1
57	0	0.616995	0.826867	3.6789722379	1
58	0	0.784721	0.826867	3.6789722379	1
59	1	0.827840	0.826867	3.6789722379	0
60	0	0.754635	0.826867	3.6789722379	0
61	1	0.615084	0.826867	3.6789722379	0
62	0	1.238168	0.826867	3.6789722379	0
63	0	0.919202	0.826867	3.6789722379	1
64	0	1.013158	0.826867	3.6789722379	0
65	0	0.853056	0.826867	3.6789722379	1
66	1	0.754200	0.826867	3.6789722379	1
67	0	1.047554	0.826867	3.6789722379	1
68	1	2.130788	0.826867	3.6789722379	1
69	0	0.606385	0.826867	3.6789722379	0
70	0	0.919698	0.826867	3.6789722379	1
71	1	0.703210	0.826867	3.6789722379	0
72	0	0.612117	0.826867	3.6789722379	1
73	0	0.572231	0.826867	3.6789722379	0
74	0	0.815988	0.826867	3.6789722379	1
75	1	0.797070	0.826867	3.6789722379	1
76	0	1.669889	0.826867	3.6789722379	0
77	0	0.808062	0.826867	3.6789722379	1
78	1	0.798962	0.826867	3.6789722379	0
79	0	0.705965	0.826867	3.6789722379	0
80	1	0.843142	0.826867	3.6789722379	0
81	0	0.992117	0.826867	3.6789722379	0
82	0	0.544633	0.826867	3.6789722379	1
83	0	0.994653	0.826867	3.6789722379	1
84	0	0.970307	0.826867	3.6789722379	1
85	0	1.238182	0.826867	3.6789722379	0
86	1	0.519972	0.826867	3.6789722379	1
87	0	1.019599	0.826867	3.6789722379	0
88	0	0.605449	0.826867	3.6789722379	1
89	0	0.701470	0.826867	3.6789722379	0
90	0	0.527800	0.826867	3.6789722379	0
91	0	0.665186	0.826867	3.6789722379	0
92	1	0.513364	0.826867	3.6789722379	0
93	0	0.670407	0.826867	3.6789722379	0
94	1	0.738473	0.826867	3.6789722379	1
95	0	1.200405	0.826867	3.6789722379	1
96	1	0.521473	0.826867	3.6789722379	0
97	0	0.858068	0.826867	3.6789722379	1
98	1	0.694059	0.826867	3.6789722379	1
99	0	1.142371	0.826867	3.6789722379	1
100	0	0.709606	0.826867	3.6789722379	1
101	0	0.619097	0.826867	3.6789722379	0
102	1	1.193234	0.826867	3.6789722379	1
103	0	2.734608	0.826867	3.6789722379	0
104	0	1.400837	0.826867	3.6789722379	1
105	0	0.509443	0.826867	3.6789722379	0
106	0	1.692539	0.826867	3.6789722379	1
107	0	0.840034	0.826867	3.6789722379	0
108	1	1.547141	0.826867	3.6789722379	0
109	1	0.876118	0.826867	3.6789722379	1
110	0	2.020436	0.826867	3.6789722379	1
111	1	0.504101	0.826867	3.6789722379	0
112	0	0.614745	0.826867	3.6789722379	0
113	0	1.654142	0.826867	3.6789722379	0
114	0	1.214476	0.826867	3.6789722379	1
115	0	1.228437	0.826867	3.6789722379	0
116	1	1.843532	0.826867	3.6789722379	0
117	0	1.450819	0.826867	3.6789722379	1
118	1	1.400036	0.826867	3.6789722379	1
119	0	0.552766	0.826867	3.6789722379	1
120	0	2.197313	0.826867	3.6789722379	1
121	1	1.016263	0.826867	3.6789722379	0
122	0	1.116024	0.826867	3.6789722379	1
123	0	0.795150	0.826867	3.6789722379	1
124	1	0.950427	0.826867	3.6789722379	1
125	0	0.644931	0.826867	3.6789722379	1
126	0	1.048610	0.826867	3.6789722379	0
127	0	0.827323	0.826867	3.6789722379	1
128	0	0.787274	0.826867	3.6789722379	0
129	0	1.202685	0.826867	3.6789722379	0
130	0	0.523593	0.826867	3.6789722379	0
131	0	0.907693	0.826867	3.6789722379	1
132	0	0.603077	0.826867	3.6789722379	1
133	0	0.684529	0.826867	3.6789722379	0
134	1	0.894948	0.826867	3.6789722379	1
135	1	0.578956	0.826867	3.6789722379	0
136	0	0.900556	0.826867	3.6789722379	0
