1	0	2.238260	0.831247	3.4186536420	0
2	0	0.702834	0.831247	3.4186536420	0
3	1	1.390291	0.831247	3.4186536420	1
4	0	1.575828	0.831247	3.4186536420	0
5	1	1.210032	0.831247	3.4186536420	0
6	1	0.516040	0.831247	3.4186536420	1
7	0	0.848969	0.831247	3.4186536420	1
8	0	0.534293	0.831247	3.4186536420	1
9	0	0.722148	0.831247	3.4186536420	1
10	0	1.126766	0.831247	3.4186536420	0
11	0	2.203454	0.831247	3.4186536420	0
12	1	1.141005	0.831247	3.4186536420	0
13	1	0.587875	0.831247	3.4186536420	0
14	0	0.808623	0.831247	3.4186536420	0
15	0	0.963993	0.831247	3.4186536420	1
16	0	0.586259	0.831247	3.4186536420	1
17	0	1.585744	0.831247	3.4186536420	1
18	0	0.515841	0.831247	3.4186536420	0
19	1	0.724418	0.831247	3.4186536420	1
20	0	1.658242	0.831247	3.4186536420	0
21	1	1.038364	0.831247	3.4186536420	0
22	0	1.108850	0.831247	3.4186536420	0
23	0	0.777840	0.831247	3.4186536420	0
24	0	0.524799	0.831247	3.4186536420	1
25	0	1.700978	0.831247	3.4186536420	1
26	0	0.876011	0.831247	3.4186536420	1
27	1	0.607339	0.831247	3.4186536420	1
28	0	0.524102	0.831247	3.4186536420	0
29	1	0.558308	0.831247	3.4186536420	0
30	0	0.819731	0.831247	3.4186536420	1
31	0	1.590222	0.831247	3.4186536420	1
32	1	0.636488	0.831247	3.4186536420	1
33	0	0.876012	0.831247	3.4186536420	0
34	0	1.037974	0.831247	3.4186536420	1
35	0	0.611362	0.831247	3.4186536420	1
36	1	0.874063	0.831247	3.4186536420	1
37	1	0.593797	0.831247	3.4186536420	0
38	0	0.659931	0.831247	3.4186536420	0
39	0	0.625116	0.831247	3.4186536420	0
40	0	0.885892	0.831247	3.4186536420	1
41	0	1.186512	0.831247	3.4186536420	0
42	1	0.845895	0.831247	3.4186536420	1
43	0	1.235469	0.831247	3.4186536420	1
44	1	1.011852	0.831247	3.4186536420	0
45	0	0.799111	0.831247	3.4186536420	0
46	1	0.565805	0.831247	3.4186536420	0
47	0	1.102825	0.831247	3.4186536420	1
48	0	0.851083	0.831247	3.4186536420	0
49	0	0.544518	0.831247	3.4186536420	0
50	1	0.906745	0.831247	3.4186536420	1
51	0	0.699453	0.831247	3.4186536420	1
52	0	0.906005	0.831247	3.4186536420	0
53	0	0.521152	0.831247	3.4186536420	0
54	0	0.967593	0.831247	3.4186536420	0
55	1	1.044195	0.831247	3.4186536420	0
56	0	1.069817	0.831247	3.4186536420	1
57	0	1.057976	0.831247	3.4186536420	0
58	0	1.708521	0.831247	3.4186536420	1
59	1	0.515457	0.831247	3.4186536420	1
60	0	0.841300	0.831247	3.4186536420	0
61	0	3.069681	0.831247	3.4186536420	1
62	0	1.721485	0.831247	3.4186536420	1
63	0	0.637628	0.831247	3.4186536420	1
64	0	1.257213	0.831247	3.4186536420	0
65	0	0.621356	0.831247	3.4186536420	0
66	0	0.717839	0.831247	3.4186536420	1
67	0	0.908253	0.831247	3.4186536420	1
68	1	0.646116	0.831247	3.4186536420	1
69	0	0.736520	0.831247	3.4186536420	0
70	1	0.914332	0.831247	3.4186536420	0
71	0	0.519842	0.831247	3.4186536420	1
72	0	0.976320	0.831247	3.4186536420	1
73	0	1.029645	0.831247	3.4186536420	0
74	1	1.300186	0.831247	3.4186536420	0
75	0	0.581347	0.831247	3.4186536420	1
76	0	0.797117	0.831247	3.4186536420	0
77	0	2.070497	0.831247	3.4186536420	0
78	0	0.743412	0.831247	3.4186536420	0
79	0	0.936749	0.831247	3.4186536420	0
80	0	1.693011	0.831247	3.4186536420	1
81	0	0.568325	0.831247	3.4186536420	1
82	0	0.667361	0.831247	3.4186536420	0
83	1	0.818507	0.831247	3.4186536420	1
84	0	0.912833	0.831247	3.4186536420	1
85	1	0.795175	0.831247	3.4186536420	0
86	0	0.528356	0.831247	3.4186536420	0
87	1	1.308416	0.831247	3.4186536420	1
88	0	2.006807	0.831247	3.4186536420	1
89	0	0.696481	0.831247	3.4186536420	1
90	0	0.644138	0.831247	3.4186536420	0
91	0	0.512760	0.831247	3.4186536420	1
92	1	0.551882	0.831247	3.4186536420	1
93	0	1.003143	0.831247	3.4186536420	0
94	0	0.932108	0.831247	3.4186536420	1
95	1	0.796517	0.831247	3.4186536420	0
96	0	2.125372	0.831247	3.4186536420	0
97	0	0.653083	0.831247	3.4186536420	1
98	1	0.921611	0.831247	3.4186536420	1
99	0	0.901106	0.831247	3.4186536420	0
100	0	0.666957	0.831247	3.4186536420	1
101	1	2.080514	0.831247	3.4186536420	0
102	0	0.501739	0.831247	3.4186536420	1
103	0	0.593190	0.831247	3.4186536420	0
104	1	0.579137	0.831247	3.4186536420	1
105	0	0.885911	0.831247	3.4186536420	0
106	0	1.531823	0.831247	3.4186536420	0
107	1	1.141961	0.831247	3.4186536420	0
108	0	1.182785	0.831247	3.4186536420	1
109	1	0.976295	0.831247	3.4186536420	0
110	0	1.350974	0.831247	3.4186536420	0
111	1	0.647598	0.831247	3.4186536420	1
112	0	0.583130	0.831247	3.4186536420	0
113	0	1.563583	0.831247	3.4186536420	1
114	0	0.688769	0.831247	3.4186536420	0
115	1	0.589320	0.831247	3.4186536420	0
116	0	0.526320	0.831247	3.4186536420	0
117	0	0.974085	0.831247	3.4186536420	1
118	0	1.640328	0.831247	3.4186536420	0
119	0	2.030771	0.831247	3.4186536420	1
120	1	2.036043	0.831247	3.4186536420	1
121	0	1.618733	0.831247	3.4186536420	1
122	0	0.763008	0.831247	3.4186536420	0
123	1	0.934936	0.831247	3.4186536420	1
124	0	0.630877	0.831247	3.4186536420	1
125	1	0.829342	0.831247	3.4186536420	0
126	0	0.555746	0.831247	3.4186536420	0
127	0	0.827632	0.831247	3.4186536420	1
128	0	0.869023	0.831247	3.4186536420	1
129	1	0.672822	0.831247	3.4186536420	1
130	0	0.563436	0.831247	3.4186536420	1
131	1	2.175439	0.831247	3.4186536420	0
132	0	2.380758	0.831247	3.4186536420	0
133	0	1.433566	0.831247	3.4186536420	1
134	0	0.927719	0.831247	3.4186536420	1
135	1	1.188324	0.831247	3.4186536420	0
136	1	0.685494	0.831247	3.4186536420	1
