1	0	1.582307	0.820479	2.7835670479	0
2	0	0.525399	0.820479	2.7835670479	0
3	0	1.432886	0.820479	2.7835670479	1
4	0	0.956982	0.820479	2.7835670479	1
5	1	0.850290	0.820479	2.7835670479	1
6	0	0.949896	0.820479	2.7835670479	1
7	1	0.655265	0.820479	2.7835670479	0
8	0	0.582607	0.820479	2.7835670479	1
9	0	0.752754	0.820479	2.7835670479	1
10	0	2.128251	0.820479	2.7835670479	1
11	1	0.911090	0.820479	2.7835670479	1
12	0	1.468849	0.820479	2.7835670479	1
13	1	1.180495	0.820479	2.7835670479	0
14	0	0.586657	0.820479	2.7835670479	1
15	0	0.533865	0.820479	2.7835670479	0
16	0	0.848372	0.820479	2.7835670479	0
17	0	1.109808	0.820479	2.7835670479	1
18	1	1.132655	0.820479	2.7835670479	0
19	0	0.782791	0.820479	2.7835670479	0
20	1	0.855245	0.820479	2.7835670479	1
21	0	1.323063	0.820479	2.7835670479	0
22	0	0.669057	0.820479	2.7835670479	0
23	0	0.686214	0.820479	2.7835670479	0
24	0	0.825215	0.820479	2.7835670479	1
25	0	0.712643	0.820479	2.7835670479	0
26	0	1.139060	0.820479	2.7835670479	0
27	0	0.947277	0.820479	2.7835670479	0
28	1	0.895672	0.820479	2.7835670479	0
29	1	0.713522	0.820479	2.7835670479	1
30	0	1.702700	0.820479	2.7835670479	0
31	0	0.777006	0.820479	2.7835670479	1
32	0	0.947908	0.820479	2.7835670479	1
33	0	1.617352	0.820479	2.7835670479	1
34	1	1.158938	0.820479	2.7835670479	0
35	0	1.059533	0.820479	2.7835670479	0
36	1	0.544583	0.820479	2.7835670479	1
37	0	0.750860	0.820479	2.7835670479	0
38	1	1.359808	0.820479	2.7835670479	1
39	0	0.919431	0.820479	2.7835670479	0
40	1	2.241824	0.820479	2.7835670479	0
41	0	1.083966	0.820479	2.7835670479	0
42	0	0.933266	0.820479	2.7835670479	1
43	0	0.732873	0.820479	2.7835670479	1
44	0	2.053095	0.820479	2.7835670479	1
45	0	1.058437	0.820479	2.7835670479	1
46	1	0.638381	0.820479	2.7835670479	1
47	0	1.082228	0.820479	2.7835670479	0
48	0	1.741819	0.820479	2.7835670479	1
49	1	0.577888	0.820479	2.7835670479	0
50	0	2.659230	0.820479	2.7835670479	1
51	0	0.647573	0.820479	2.7835670479	0
52	0	0.507174	0.820479	2.7835670479	1
53	0	0.921668	0.820479	2.7835670479	0
54	0	0.607195	0.820479	2.7835670479	0
55	1	1.289526	0.820479	2.7835670479	0
56	0	0.542767	0.820479	2.7835670479	1
57	1	0.709690	0.820479	2.7835670479	1
58	0	0.736268	0.820479	2.7835670479	0
59	1	1.134997	0.820479	2.7835670479	0
60	0	0.577802	0.820479	2.7835670479	1
61	0	1.059181	0.820479	2.7835670479	1
62	1	1.492843	0.820479	2.7835670479	1
63	0	0.821983	0.820479	2.7835670479	0
64	0	1.238085	0.820479	2.7835670479	0
65	0	0.816884	0.820479	2.7835670479	1
66	1	0.631574	0.820479	2.7835670479	1
67	0	0.741988	0.820479	2.7835670479	0
68	0	2.140500	0.820479	2.7835670479	0
69	1	2.458549	0.820479	2.7835670479	0
70	0	0.761198	0.820479	2.7835670479	0
71	0	0.688036	0.820479	2.7835670479	0
72	0	0.541669	0.820479	2.7835670479	0
73	0	0.632595	0.820479	2.7835670479	0
74	0	0.556799	0.820479	2.7835670479	1
75	0	0.598536	0.820479	2.7835670479	1
76	0	1.054972	0.820479	2.7835670479	1
77	0	0.678719	0.820479	2.7835670479	0
78	1	0.566622	0.820479	2.7835670479	0
79	1	0.694615	0.820479	2.7835670479	1
80	0	1.925396	0.820479	2.7835670479	0
81	0	1.110971	0.820479	2.7835670479	1
82	0	0.892616	0.820479	2.7835670479	1
83	1	0.843574	0.820479	2.7835670479	0
84	0	0.698149	0.820479	2.7835670479	0
85	0	1.037017	0.820479	2.7835670479	1
86	1	0.522086	0.820479	2.7835670479	1
87	0	0.773242	0.820479	2.7835670479	1
88	0	0.544108	0.820479	2.7835670479	1
89	1	1.093415	0.820479	2.7835670479	1
90	0	2.676374	0.820479	2.7835670479	0
91	1	0.525873	0.820479	2.7835670479	0
92	0	0.600543	0.820479	2.7835670479	1
93	0	0.651117	0.820479	2.7835670479	0
94	0	1.143183	0.820479	2.7835670479	1
95	0	0.535940	0.820479	2.7835670479	0
96	1	2.060904	0.820479	2.7835670479	1
97	0	0.746258	0.820479	2.7835670479	1
98	0	1.298284	0.820479	2.7835670479	0
99	0	1.222383	0.820479	2.7835670479	1
100	1	0.705190	0.820479	2.7835670479	0
101	0	1.247196	0.820479	2.7835670479	0
102	0	0.736580	0.820479	2.7835670479	1
103	1	0.604686	0.820479	2.7835670479	1
104	1	0.691458	0.820479	2.7835670479	0
105	0	2.259106	0.820479	2.7835670479	1
106	0	0.554432	0.820479	2.7835670479	0
107	0	0.966225	0.820479	2.7835670479	1
108	1	0.954898	0.820479	2.7835670479	0
109	0	0.772698	0.820479	2.7835670479	0
110	0	0.501908	0.820479	2.7835670479	0
111	0	1.157251	0.820479	2.7835670479	1
112	1	0.846291	0.820479	2.7835670479	1
113	0	0.584676	0.820479	2.7835670479	0
114	1	0.683296	0.820479	2.7835670479	0
115	0	1.009562	0.820479	2.7835670479	0
116	0	0.707596	0.820479	2.7835670479	0
117	0	1.621712	0.820479	2.7835670479	0
118	0	1.227936	0.820479	2.7835670479	0
119	1	0.861392	0.820479	2.7835670479	1
120	0	1.041890	0.820479	2.7835670479	1
121	0	1.406766	0.820479	2.7835670479	0
122	0	1.111058	0.820479	2.7835670479	0
123	1	0.979057	0.820479	2.7835670479	1
124	0	0.905155	0.820479	2.7835670479	1
125	1	1.762655	0.820479	2.7835670479	0
126	0	0.812099	0.820479	2.7835670479	1
127	0	0.614339	0.820479	2.7835670479	1
128	0	0.712462	0.820479	2.7835670479	0
129	0	2.003040	0.820479	2.7835670479	1
130	1	1.250834	0.820479	2.7835670479	1
131	0	0.559072	0.820479	2.7835670479	1
132	1	0.595176	0.820479	2.7835670479	0
133	0	0.889613	0.820479	2.7835670479	1
134	0	0.734192	0.820479	2.7835670479	1
135	1	0.869885	0.820479	2.7835670479	0
136	1	0.927860	0.820479	2.7835670479	1
