   1.0000000e+00   0.0000000e+00   3.3446200e+00   8.2631400e-01   3.6833911e+00   0.0000000e+00
   2.0000000e+00   0.0000000e+00   5.1983400e-01   8.2631400e-01   3.6833911e+00   0.0000000e+00
   3.0000000e+00   1.0000000e+00   1.3843350e+00   8.2631400e-01   3.6833911e+00   0.0000000e+00
   4.0000000e+00   0.0000000e+00   6.3817400e-01   8.2631400e-01   3.6833911e+00   0.0000000e+00
   5.0000000e+00   0.0000000e+00   1.4351870e+00   8.2631400e-01   3.6833911e+00   1.0000000e+00
   6.0000000e+00   0.0000000e+00   1.9802000e+00   8.2631400e-01   3.6833911e+00   1.0000000e+00
   7.0000000e+00   1.0000000e+00   9.1785500e-01   8.2631400e-01   3.6833911e+00   1.0000000e+00
   8.0000000e+00   0.0000000e+00   2.4379180e+00   8.2631400e-01   3.6833911e+00   0.0000000e+00
   9.0000000e+00   1.0000000e+00   4.5046900e-01   8.2631400e-01   3.6833911e+00   0.0000000e+00
   1.0000000e+01   0.0000000e+00   4.4901000e-01   8.2631400e-01   3.6833911e+00   1.0000000e+00
   1.1000000e+01   1.0000000e+00   6.0956100e-01   8.2631400e-01   3.6833911e+00   1.0000000e+00
   1.2000000e+01   1.0000000e+00   4.5726200e-01   8.2631400e-01   3.6833911e+00   1.0000000e+00
   1.3000000e+01   0.0000000e+00   7.1270100e-01   8.2631400e-01   3.6833911e+00   0.0000000e+00
   1.4000000e+01   0.0000000e+00   7.7612200e-01   8.2631400e-01   3.6833911e+00   1.0000000e+00
   1.5000000e+01   0.0000000e+00   7.9850600e-01   8.2631400e-01   3.6833911e+00   0.0000000e+00
   1.6000000e+01   1.0000000e+00   5.9540500e-01   8.2631400e-01   3.6833911e+00   0.0000000e+00
   1.7000000e+01   0.0000000e+00   1.5149580e+00   8.2631400e-01   3.6833911e+00   0.0000000e+00
   1.8000000e+01   0.0000000e+00   7.6579400e-01   8.2631400e-01   3.6833911e+00   1.0000000e+00
   1.9000000e+01   0.0000000e+00   5.0508600e-01   8.2631400e-01   3.6833911e+00   1.0000000e+00
   2.0000000e+01   0.0000000e+00   9.1086400e-01   8.2631400e-01   3.6833911e+00   0.0000000e+00
   2.1000000e+01   0.0000000e+00   4.6212000e-01   8.2631400e-01   3.6833911e+00   0.0000000e+00
   2.2000000e+01   0.0000000e+00   1.0035770e+00   8.2631400e-01   3.6833911e+00   0.0000000e+00
   2.3000000e+01   1.0000000e+00   1.6210880e+00   8.2631400e-01   3.6833911e+00   1.0000000e+00
   2.4000000e+01   0.0000000e+00   8.2007800e-01   8.2631400e-01   3.6833911e+00   0.0000000e+00
   2.5000000e+01   0.0000000e+00   7.0716300e-01   8.2631400e-01   3.6833911e+00   1.0000000e+00
   2.6000000e+01   1.0000000e+00   1.4315900e+00   8.2631400e-01   3.6833911e+00   0.0000000e+00
   2.7000000e+01   1.0000000e+00   2.9940360e+00   8.2631400e-01   3.6833911e+00   1.0000000e+00
   2.8000000e+01   0.0000000e+00   1.2963280e+00   8.2631400e-01   3.6833911e+00   0.0000000e+00
   2.9000000e+01   0.0000000e+00   5.0864800e-01   8.2631400e-01   3.6833911e+00   1.0000000e+00
   3.0000000e+01   0.0000000e+00   4.4307400e-01   8.2631400e-01   3.6833911e+00   1.0000000e+00
   3.1000000e+01   0.0000000e+00   1.3057360e+00   8.2631400e-01   3.6833911e+00   1.0000000e+00
   3.2000000e+01   0.0000000e+00   1.4072910e+00   8.2631400e-01   3.6833911e+00   1.0000000e+00
   3.3000000e+01   1.0000000e+00   7.9293300e-01   8.2631400e-01   3.6833911e+00   0.0000000e+00
   3.4000000e+01   0.0000000e+00   5.8952300e-01   8.2631400e-01   3.6833911e+00   1.0000000e+00
   3.5000000e+01   1.0000000e+00   4.9705700e-01   8.2631400e-01   3.6833911e+00   0.0000000e+00
   3.6000000e+01   0.0000000e+00   6.8880200e-01   8.2631400e-01   3.6833911e+00   0.0000000e+00
   3.7000000e+01   0.0000000e+00   9.6871200e-01   8.2631400e-01   3.6833911e+00   1.0000000e+00
   3.8000000e+01   0.0000000e+00   7.8625500e-01   8.2631400e-01   3.6833911e+00   1.0000000e+00
   3.9000000e+01   0.0000000e+00   1.6866690e+00   8.2631400e-01   3.6833911e+00   1.0000000e+00
   4.0000000e+01   0.0000000e+00   5.7765600e-01   8.2631400e-01   3.6833911e+00   0.0000000e+00
   4.1000000e+01   1.0000000e+00   1.1027400e+00   8.2631400e-01   3.6833911e+00   1.0000000e+00
   4.2000000e+01   0.0000000e+00   5.5911800e-01   8.2631400e-01   3.6833911e+00   0.0000000e+00
   4.3000000e+01   1.0000000e+00   8.1464300e-01   8.2631400e-01   3.6833911e+00   0.0000000e+00
   4.4000000e+01   0.0000000e+00   5.0087100e-01   8.2631400e-01   3.6833911e+00   0.0000000e+00
   4.5000000e+01   0.0000000e+00   1.2335340e+00   8.2631400e-01   3.6833911e+00   0.0000000e+00
   4.6000000e+01   1.0000000e+00   9.7089700e-01   8.2631400e-01   3.6833911e+00   1.0000000e+00
   4.7000000e+01   0.0000000e+00   8.4137000e-01   8.2631400e-01   3.6833911e+00   0.0000000e+00
   4.8000000e+01   0.0000000e+00   7.0948000e-01   8.2631400e-01   3.6833911e+00   1.0000000e+00
   4.9000000e+01   0.0000000e+00   1.0711470e+00   8.2631400e-01   3.6833911e+00   1.0000000e+00
   5.0000000e+01   1.0000000e+00   5.5800300e-01   8.2631400e-01   3.6833911e+00   1.0000000e+00
   5.1000000e+01   0.0000000e+00   9.3862300e-01   8.2631400e-01   3.6833911e+00   0.0000000e+00
   5.2000000e+01   0.0000000e+00   4.8499400e-01   8.2631400e-01   3.6833911e+00   0.0000000e+00
   5.3000000e+01   0.0000000e+00   9.1414800e-01   8.2631400e-01   3.6833911e+00   1.0000000e+00
   5.4000000e+01   1.0000000e+00   4.8901300e-01   8.2631400e-01   3.6833911e+00   0.0000000e+00
   5.5000000e+01   0.0000000e+00   7.8983900e-01   8.2631400e-01   3.6833911e+00   0.0000000e+00
   5.6000000e+01   1.0000000e+00   1.4179920e+00   8.2631400e-01   3.6833911e+00   1.0000000e+00
   5.7000000e+01   0.0000000e+00   4.3764900e-01   8.2631400e-01   3.6833911e+00   1.0000000e+00
   5.8000000e+01   0.0000000e+00   1.6092940e+00   8.2631400e-01   3.6833911e+00   0.0000000e+00
   5.9000000e+01   0.0000000e+00   2.4627800e+00   8.2631400e-01   3.6833911e+00   1.0000000e+00
   6.0000000e+01   1.0000000e+00   8.7810800e-01   8.2631400e-01   3.6833911e+00   0.0000000e+00
   6.1000000e+01   0.0000000e+00   8.3298700e-01   8.2631400e-01   3.6833911e+00   1.0000000e+00
   6.2000000e+01   0.0000000e+00   7.7383300e-01   8.2631400e-01   3.6833911e+00   1.0000000e+00
   6.3000000e+01   0.0000000e+00   7.0313700e-01   8.2631400e-01   3.6833911e+00   1.0000000e+00
   6.4000000e+01   1.0000000e+00   4.3913200e-01   8.2631400e-01   3.6833911e+00   0.0000000e+00
   6.5000000e+01   0.0000000e+00   1.4620720e+00   8.2631400e-01   3.6833911e+00   0.0000000e+00
   6.6000000e+01   0.0000000e+00   6.1557200e-01   8.2631400e-01   3.6833911e+00   1.0000000e+00
   6.7000000e+01   0.0000000e+00   1.0953430e+00   8.2631400e-01   3.6833911e+00   0.0000000e+00
   6.8000000e+01   0.0000000e+00   9.7254800e-01   8.2631400e-01   3.6833911e+00   1.0000000e+00
   6.9000000e+01   1.0000000e+00   6.9474500e-01   8.2631400e-01   3.6833911e+00   1.0000000e+00
   7.0000000e+01   0.0000000e+00   7.9143200e-01   8.2631400e-01   3.6833911e+00   0.0000000e+00
   7.1000000e+01   0.0000000e+00   1.1134070e+00   8.2631400e-01   3.6833911e+00   1.0000000e+00
   7.2000000e+01   0.0000000e+00   7.7722400e-01   8.2631400e-01   3.6833911e+00   0.0000000e+00
   7.3000000e+01   0.0000000e+00   1.4851410e+00   8.2631400e-01   3.6833911e+00   0.0000000e+00
   7.4000000e+01   0.0000000e+00   9.2093000e-01   8.2631400e-01   3.6833911e+00   0.0000000e+00
   7.5000000e+01   1.0000000e+00   4.6660800e-01   8.2631400e-01   3.6833911e+00   1.0000000e+00
   7.6000000e+01   0.0000000e+00   1.9242440e+00   8.2631400e-01   3.6833911e+00   1.0000000e+00
   7.7000000e+01   1.0000000e+00   6.5704800e-01   8.2631400e-01   3.6833911e+00   0.0000000e+00
   7.8000000e+01   0.0000000e+00   7.2894900e-01   8.2631400e-01   3.6833911e+00   1.0000000e+00
   7.9000000e+01   0.0000000e+00   7.2472700e-01   8.2631400e-01   3.6833911e+00   0.0000000e+00
   8.0000000e+01   0.0000000e+00   8.4967900e-01   8.2631400e-01   3.6833911e+00   0.0000000e+00
   8.1000000e+01   0.0000000e+00   7.0313700e-01   8.2631400e-01   3.6833911e+00   1.0000000e+00
   8.2000000e+01   0.0000000e+00   7.7130200e-01   8.2631400e-01   3.6833911e+00   1.0000000e+00
   8.3000000e+01   1.0000000e+00   4.8488400e-01   8.2631400e-01   3.6833911e+00   1.0000000e+00
   8.4000000e+01   0.0000000e+00   1.0890380e+00   8.2631400e-01   3.6833911e+00   0.0000000e+00
   8.5000000e+01   0.0000000e+00   5.9440100e-01   8.2631400e-01   3.6833911e+00   1.0000000e+00
   8.6000000e+01   0.0000000e+00   1.1739330e+00   8.2631400e-01   3.6833911e+00   0.0000000e+00
   8.7000000e+01   0.0000000e+00   8.9371800e-01   8.2631400e-01   3.6833911e+00   0.0000000e+00
   8.8000000e+01   0.0000000e+00   5.5879300e-01   8.2631400e-01   3.6833911e+00   0.0000000e+00
   8.9000000e+01   1.0000000e+00   1.0855300e+00   8.2631400e-01   3.6833911e+00   0.0000000e+00
   9.0000000e+01   0.0000000e+00   6.1762100e-01   8.2631400e-01   3.6833911e+00   0.0000000e+00
   9.1000000e+01   0.0000000e+00   8.4734200e-01   8.2631400e-01   3.6833911e+00   1.0000000e+00
   9.2000000e+01   0.0000000e+00   2.2413550e+00   8.2631400e-01   3.6833911e+00   1.0000000e+00
   9.3000000e+01   1.0000000e+00   7.0954800e-01   8.2631400e-01   3.6833911e+00   0.0000000e+00
   9.4000000e+01   0.0000000e+00   7.2523300e-01   8.2631400e-01   3.6833911e+00   0.0000000e+00
   9.5000000e+01   1.0000000e+00   1.3168590e+00   8.2631400e-01   3.6833911e+00   1.0000000e+00
   9.6000000e+01   0.0000000e+00   1.0635060e+00   8.2631400e-01   3.6833911e+00   1.0000000e+00
   9.7000000e+01   1.0000000e+00   9.1300200e-01   8.2631400e-01   3.6833911e+00   0.0000000e+00
   9.8000000e+01   0.0000000e+00   1.8948070e+00   8.2631400e-01   3.6833911e+00   1.0000000e+00
   9.9000000e+01   0.0000000e+00   5.6189800e-01   8.2631400e-01   3.6833911e+00   1.0000000e+00
   1.0000000e+02   1.0000000e+00   9.0046100e-01   8.2631400e-01   3.6833911e+00   1.0000000e+00
   1.0100000e+02   0.0000000e+00   8.2149400e-01   8.2631400e-01   3.6833911e+00   1.0000000e+00
   1.0200000e+02   1.0000000e+00   6.6306100e-01   8.2631400e-01   3.6833911e+00   0.0000000e+00
   1.0300000e+02   0.0000000e+00   1.0226220e+00   8.2631400e-01   3.6833911e+00   0.0000000e+00
   1.0400000e+02   1.0000000e+00   4.3938100e-01   8.2631400e-01   3.6833911e+00   1.0000000e+00
   1.0500000e+02   1.0000000e+00   5.6180900e-01   8.2631400e-01   3.6833911e+00   1.0000000e+00
   1.0600000e+02   0.0000000e+00   7.7133500e-01   8.2631400e-01   3.6833911e+00   1.0000000e+00
   1.0700000e+02   0.0000000e+00   1.3819950e+00   8.2631400e-01   3.6833911e+00   1.0000000e+00
   1.0800000e+02   0.0000000e+00   7.3267500e-01   8.2631400e-01   3.6833911e+00   0.0000000e+00
   1.0900000e+02   0.0000000e+00   5.7884200e-01   8.2631400e-01   3.6833911e+00   1.0000000e+00
   1.1000000e+02   0.0000000e+00   4.6418800e-01   8.2631400e-01   3.6833911e+00   0.0000000e+00
   1.1100000e+02   0.0000000e+00   1.0442100e+00   8.2631400e-01   3.6833911e+00   0.0000000e+00
   1.1200000e+02   0.0000000e+00   7.2604500e-01   8.2631400e-01   3.6833911e+00   0.0000000e+00
   1.1300000e+02   1.0000000e+00   4.6760400e-01   8.2631400e-01   3.6833911e+00   0.0000000e+00
   1.1400000e+02   0.0000000e+00   8.5195300e-01   8.2631400e-01   3.6833911e+00   0.0000000e+00
   1.1500000e+02   1.0000000e+00   1.5702150e+00   8.2631400e-01   3.6833911e+00   1.0000000e+00
   1.1600000e+02   0.0000000e+00   5.7381500e-01   8.2631400e-01   3.6833911e+00   0.0000000e+00
   1.1700000e+02   1.0000000e+00   9.5416700e-01   8.2631400e-01   3.6833911e+00   0.0000000e+00
   1.1800000e+02   0.0000000e+00   9.9186700e-01   8.2631400e-01   3.6833911e+00   1.0000000e+00
   1.1900000e+02   0.0000000e+00   4.8702200e-01   8.2631400e-01   3.6833911e+00   1.0000000e+00
   1.2000000e+02   1.0000000e+00   7.7133800e-01   8.2631400e-01   3.6833911e+00   0.0000000e+00
   1.2100000e+02   0.0000000e+00   8.8699000e-01   8.2631400e-01   3.6833911e+00   0.0000000e+00
   1.2200000e+02   0.0000000e+00   4.6429800e-01   8.2631400e-01   3.6833911e+00   1.0000000e+00
   1.2300000e+02   1.0000000e+00   6.5394500e-01   8.2631400e-01   3.6833911e+00   1.0000000e+00
   1.2400000e+02   0.0000000e+00   4.6662500e-01   8.2631400e-01   3.6833911e+00   1.0000000e+00
   1.2500000e+02   0.0000000e+00   1.4565350e+00   8.2631400e-01   3.6833911e+00   0.0000000e+00
   1.2600000e+02   1.0000000e+00   6.3578700e-01   8.2631400e-01   3.6833911e+00   0.0000000e+00
   1.2700000e+02   0.0000000e+00   4.5442800e-01   8.2631400e-01   3.6833911e+00   0.0000000e+00
   1.2800000e+02   0.0000000e+00   5.4965100e-01   8.2631400e-01   3.6833911e+00   1.0000000e+00
   1.2900000e+02   0.0000000e+00   1.2630970e+00   8.2631400e-01   3.6833911e+00   1.0000000e+00
   1.3000000e+02   0.0000000e+00   7.7796300e-01   8.2631400e-01   3.6833911e+00   0.0000000e+00
   1.3100000e+02   1.0000000e+00   5.9006800e-01   8.2631400e-01   3.6833911e+00   1.0000000e+00
   1.3200000e+02   0.0000000e+00   1.4454850e+00   8.2631400e-01   3.6833911e+00   0.0000000e+00
   1.3300000e+02   0.0000000e+00   5.3757800e-01   8.2631400e-01   3.6833911e+00   1.0000000e+00
   1.3400000e+02   0.0000000e+00   1.0177000e+00   8.2631400e-01   3.6833911e+00   1.0000000e+00
   1.3500000e+02   1.0000000e+00   1.6150580e+00   8.2631400e-01   3.6833911e+00   1.0000000e+00
   1.3600000e+02   1.0000000e+00   7.1759400e-01   8.2631400e-01   3.6833911e+00   0.0000000e+00
