   1.0000000e+00   0.0000000e+00   2.0007160e+00   8.2277700e-01   3.1703806e+00   1.0000000e+00
   2.0000000e+00   0.0000000e+00   1.0880960e+00   8.2277700e-01   3.1703806e+00   1.0000000e+00
   3.0000000e+00   1.0000000e+00   5.0830500e-01   8.2277700e-01   3.1703806e+00   1.0000000e+00
   4.0000000e+00   0.0000000e+00   5.2180800e-01   8.2277700e-01   3.1703806e+00   1.0000000e+00
   5.0000000e+00   1.0000000e+00   5.5165300e-01   8.2277700e-01   3.1703806e+00   0.0000000e+00
   6.0000000e+00   0.0000000e+00   8.3285900e-01   8.2277700e-01   3.1703806e+00   0.0000000e+00
   7.0000000e+00   0.0000000e+00   4.8942100e-01   8.2277700e-01   3.1703806e+00   0.0000000e+00
   8.0000000e+00   0.0000000e+00   1.3849950e+00   8.2277700e-01   3.1703806e+00   1.0000000e+00
   9.0000000e+00   0.0000000e+00   1.8934800e+00   8.2277700e-01   3.1703806e+00   1.0000000e+00
   1.0000000e+01   0.0000000e+00   7.4006800e-01   8.2277700e-01   3.1703806e+00   0.0000000e+00
   1.1000000e+01   1.0000000e+00   4.6138400e-01   8.2277700e-01   3.1703806e+00   1.0000000e+00
   1.2000000e+01   0.0000000e+00   7.5673500e-01   8.2277700e-01   3.1703806e+00   0.0000000e+00
   1.3000000e+01   0.0000000e+00   6.8081300e-01   8.2277700e-01   3.1703806e+00   1.0000000e+00
   1.4000000e+01   1.0000000e+00   8.3692800e-01   8.2277700e-01   3.1703806e+00   0.0000000e+00
   1.5000000e+01   1.0000000e+00   8.4597100e-01   8.2277700e-01   3.1703806e+00   0.0000000e+00
   1.6000000e+01   0.0000000e+00   1.1247530e+00   8.2277700e-01   3.1703806e+00   0.0000000e+00
   1.7000000e+01   1.0000000e+00   5.3993400e-01   8.2277700e-01   3.1703806e+00   1.0000000e+00
   1.8000000e+01   0.0000000e+00   5.7978100e-01   8.2277700e-01   3.1703806e+00   1.0000000e+00
   1.9000000e+01   0.0000000e+00   5.5272700e-01   8.2277700e-01   3.1703806e+00   1.0000000e+00
   2.0000000e+01   0.0000000e+00   7.0172600e-01   8.2277700e-01   3.1703806e+00   1.0000000e+00
   2.1000000e+01   0.0000000e+00   2.6341020e+00   8.2277700e-01   3.1703806e+00   0.0000000e+00
   2.2000000e+01   0.0000000e+00   4.4584800e-01   8.2277700e-01   3.1703806e+00   0.0000000e+00
   2.3000000e+01   0.0000000e+00   9.7058600e-01   8.2277700e-01   3.1703806e+00   1.0000000e+00
   2.4000000e+01   1.0000000e+00   7.1390800e-01   8.2277700e-01   3.1703806e+00   0.0000000e+00
   2.5000000e+01   0.0000000e+00   7.8713800e-01   8.2277700e-01   3.1703806e+00   1.0000000e+00
   2.6000000e+01   1.0000000e+00   8.3932100e-01   8.2277700e-01   3.1703806e+00   1.0000000e+00
   2.7000000e+01   0.0000000e+00   4.7381600e-01   8.2277700e-01   3.1703806e+00   0.0000000e+00
   2.8000000e+01   0.0000000e+00   4.6197200e-01   8.2277700e-01   3.1703806e+00   0.0000000e+00
   2.9000000e+01   0.0000000e+00   4.6295600e-01   8.2277700e-01   3.1703806e+00   1.0000000e+00
   3.0000000e+01   0.0000000e+00   5.2390300e-01   8.2277700e-01   3.1703806e+00   0.0000000e+00
   3.1000000e+01   0.0000000e+00   7.3194400e-01   8.2277700e-01   3.1703806e+00   0.0000000e+00
   3.2000000e+01   0.0000000e+00   5.4912900e-01   8.2277700e-01   3.1703806e+00   0.0000000e+00
   3.3000000e+01   0.0000000e+00   7.1630800e-01   8.2277700e-01   3.1703806e+00   1.0000000e+00
   3.4000000e+01   1.0000000e+00   8.3254500e-01   8.2277700e-01   3.1703806e+00   0.0000000e+00
   3.5000000e+01   0.0000000e+00   1.9206150e+00   8.2277700e-01   3.1703806e+00   0.0000000e+00
   3.6000000e+01   0.0000000e+00   6.9694200e-01   8.2277700e-01   3.1703806e+00   0.0000000e+00
   3.7000000e+01   0.0000000e+00   2.6333390e+00   8.2277700e-01   3.1703806e+00   0.0000000e+00
   3.8000000e+01   1.0000000e+00   1.5803330e+00   8.2277700e-01   3.1703806e+00   1.0000000e+00
   3.9000000e+01   0.0000000e+00   8.8391300e-01   8.2277700e-01   3.1703806e+00   0.0000000e+00
   4.0000000e+01   1.0000000e+00   6.5886800e-01   8.2277700e-01   3.1703806e+00   1.0000000e+00
   4.1000000e+01   0.0000000e+00   6.5883700e-01   8.2277700e-01   3.1703806e+00   1.0000000e+00
   4.2000000e+01   0.0000000e+00   5.2860400e-01   8.2277700e-01   3.1703806e+00   0.0000000e+00
   4.3000000e+01   0.0000000e+00   1.1768940e+00   8.2277700e-01   3.1703806e+00   1.0000000e+00
   4.4000000e+01   0.0000000e+00   6.2846400e-01   8.2277700e-01   3.1703806e+00   1.0000000e+00
   4.5000000e+01   1.0000000e+00   5.9899000e-01   8.2277700e-01   3.1703806e+00   0.0000000e+00
   4.6000000e+01   0.0000000e+00   6.3699000e-01   8.2277700e-01   3.1703806e+00   1.0000000e+00
   4.7000000e+01   1.0000000e+00   5.3507200e-01   8.2277700e-01   3.1703806e+00   1.0000000e+00
   4.8000000e+01   0.0000000e+00   4.8311700e-01   8.2277700e-01   3.1703806e+00   1.0000000e+00
   4.9000000e+01   0.0000000e+00   5.9309800e-01   8.2277700e-01   3.1703806e+00   0.0000000e+00
   5.0000000e+01   0.0000000e+00   8.2611000e-01   8.2277700e-01   3.1703806e+00   0.0000000e+00
   5.1000000e+01   1.0000000e+00   4.5649100e-01   8.2277700e-01   3.1703806e+00   0.0000000e+00
   5.2000000e+01   0.0000000e+00   5.9579700e-01   8.2277700e-01   3.1703806e+00   0.0000000e+00
   5.3000000e+01   0.0000000e+00   6.0019000e-01   8.2277700e-01   3.1703806e+00   0.0000000e+00
   5.4000000e+01   0.0000000e+00   7.3050600e-01   8.2277700e-01   3.1703806e+00   1.0000000e+00
   5.5000000e+01   0.0000000e+00   6.6904600e-01   8.2277700e-01   3.1703806e+00   0.0000000e+00
   5.6000000e+01   1.0000000e+00   2.0572050e+00   8.2277700e-01   3.1703806e+00   0.0000000e+00
   5.7000000e+01   0.0000000e+00   1.0298330e+00   8.2277700e-01   3.1703806e+00   1.0000000e+00
   5.8000000e+01   0.0000000e+00   4.8820200e-01   8.2277700e-01   3.1703806e+00   1.0000000e+00
   5.9000000e+01   0.0000000e+00   1.4021130e+00   8.2277700e-01   3.1703806e+00   0.0000000e+00
   6.0000000e+01   1.0000000e+00   7.8775500e-01   8.2277700e-01   3.1703806e+00   1.0000000e+00
   6.1000000e+01   0.0000000e+00   6.2194100e-01   8.2277700e-01   3.1703806e+00   0.0000000e+00
   6.2000000e+01   0.0000000e+00   7.1066300e-01   8.2277700e-01   3.1703806e+00   1.0000000e+00
   6.3000000e+01   0.0000000e+00   1.2484520e+00   8.2277700e-01   3.1703806e+00   1.0000000e+00
   6.4000000e+01   1.0000000e+00   1.3783710e+00   8.2277700e-01   3.1703806e+00   0.0000000e+00
   6.5000000e+01   0.0000000e+00   9.7510900e-01   8.2277700e-01   3.1703806e+00   1.0000000e+00
   6.6000000e+01   0.0000000e+00   1.3875320e+00   8.2277700e-01   3.1703806e+00   1.0000000e+00
   6.7000000e+01   1.0000000e+00   5.6514600e-01   8.2277700e-01   3.1703806e+00   1.0000000e+00
   6.8000000e+01   0.0000000e+00   8.1669200e-01   8.2277700e-01   3.1703806e+00   0.0000000e+00
   6.9000000e+01   1.0000000e+00   1.0720140e+00   8.2277700e-01   3.1703806e+00   1.0000000e+00
   7.0000000e+01   0.0000000e+00   5.5360300e-01   8.2277700e-01   3.1703806e+00   0.0000000e+00
   7.1000000e+01   0.0000000e+00   5.7938400e-01   8.2277700e-01   3.1703806e+00   1.0000000e+00
   7.2000000e+01   1.0000000e+00   9.2317800e-01   8.2277700e-01   3.1703806e+00   0.0000000e+00
   7.3000000e+01   0.0000000e+00   1.3583750e+00   8.2277700e-01   3.1703806e+00   1.0000000e+00
   7.4000000e+01   0.0000000e+00   5.8080600e-01   8.2277700e-01   3.1703806e+00   0.0000000e+00
   7.5000000e+01   0.0000000e+00   6.7343500e-01   8.2277700e-01   3.1703806e+00   1.0000000e+00
   7.6000000e+01   0.0000000e+00   6.8479000e-01   8.2277700e-01   3.1703806e+00   1.0000000e+00
   7.7000000e+01   1.0000000e+00   1.1950130e+00   8.2277700e-01   3.1703806e+00   0.0000000e+00
   7.8000000e+01   0.0000000e+00   1.1932280e+00   8.2277700e-01   3.1703806e+00   1.0000000e+00
   7.9000000e+01   0.0000000e+00   1.2048120e+00   8.2277700e-01   3.1703806e+00   0.0000000e+00
   8.0000000e+01   0.0000000e+00   1.2305850e+00   8.2277700e-01   3.1703806e+00   0.0000000e+00
   8.1000000e+01   0.0000000e+00   9.2339800e-01   8.2277700e-01   3.1703806e+00   1.0000000e+00
   8.2000000e+01   0.0000000e+00   7.5269400e-01   8.2277700e-01   3.1703806e+00   0.0000000e+00
   8.3000000e+01   1.0000000e+00   1.4076520e+00   8.2277700e-01   3.1703806e+00   1.0000000e+00
   8.4000000e+01   0.0000000e+00   1.9448540e+00   8.2277700e-01   3.1703806e+00   1.0000000e+00
   8.5000000e+01   0.0000000e+00   2.3093230e+00   8.2277700e-01   3.1703806e+00   1.0000000e+00
   8.6000000e+01   0.0000000e+00   1.1761370e+00   8.2277700e-01   3.1703806e+00   0.0000000e+00
   8.7000000e+01   0.0000000e+00   5.9150400e-01   8.2277700e-01   3.1703806e+00   0.0000000e+00
   8.8000000e+01   1.0000000e+00   7.9344200e-01   8.2277700e-01   3.1703806e+00   0.0000000e+00
   8.9000000e+01   0.0000000e+00   8.7033000e-01   8.2277700e-01   3.1703806e+00   1.0000000e+00
   9.0000000e+01   0.0000000e+00   4.8785800e-01   8.2277700e-01   3.1703806e+00   1.0000000e+00
   9.1000000e+01   0.0000000e+00   1.2189740e+00   8.2277700e-01   3.1703806e+00   1.0000000e+00
   9.2000000e+01   1.0000000e+00   8.9683900e-01   8.2277700e-01   3.1703806e+00   1.0000000e+00
   9.3000000e+01   0.0000000e+00   7.3127600e-01   8.2277700e-01   3.1703806e+00   0.0000000e+00
   9.4000000e+01   1.0000000e+00   6.5496100e-01   8.2277700e-01   3.1703806e+00   1.0000000e+00
   9.5000000e+01   0.0000000e+00   2.2112110e+00   8.2277700e-01   3.1703806e+00   0.0000000e+00
   9.6000000e+01   1.0000000e+00   8.0800300e-01   8.2277700e-01   3.1703806e+00   0.0000000e+00
   9.7000000e+01   1.0000000e+00   5.1264800e-01   8.2277700e-01   3.1703806e+00   1.0000000e+00
   9.8000000e+01   0.0000000e+00   5.9722400e-01   8.2277700e-01   3.1703806e+00   0.0000000e+00
   9.9000000e+01   0.0000000e+00   7.4164000e-01   8.2277700e-01   3.1703806e+00   1.0000000e+00
   1.0000000e+02   0.0000000e+00   7.5016200e-01   8.2277700e-01   3.1703806e+00   0.0000000e+00
   1.0100000e+02   0.0000000e+00   4.5746800e-01   8.2277700e-01   3.1703806e+00   0.0000000e+00
   1.0200000e+02   0.0000000e+00   6.2386300e-01   8.2277700e-01   3.1703806e+00   0.0000000e+00
   1.0300000e+02   1.0000000e+00   1.8505530e+00   8.2277700e-01   3.1703806e+00   0.0000000e+00
   1.0400000e+02   0.0000000e+00   8.7411900e-01   8.2277700e-01   3.1703806e+00   1.0000000e+00
   1.0500000e+02   1.0000000e+00   4.8369000e-01   8.2277700e-01   3.1703806e+00   1.0000000e+00
   1.0600000e+02   0.0000000e+00   6.1049800e-01   8.2277700e-01   3.1703806e+00   0.0000000e+00
   1.0700000e+02   1.0000000e+00   5.6445400e-01   8.2277700e-01   3.1703806e+00   0.0000000e+00
   1.0800000e+02   0.0000000e+00   6.4089600e-01   8.2277700e-01   3.1703806e+00   0.0000000e+00
   1.0900000e+02   1.0000000e+00   8.4735500e-01   8.2277700e-01   3.1703806e+00   0.0000000e+00
   1.1000000e+02   0.0000000e+00   1.2683520e+00   8.2277700e-01   3.1703806e+00   1.0000000e+00
   1.1100000e+02   0.0000000e+00   5.6163900e-01   8.2277700e-01   3.1703806e+00   0.0000000e+00
   1.1200000e+02   0.0000000e+00   6.4942500e-01   8.2277700e-01   3.1703806e+00   1.0000000e+00
   1.1300000e+02   0.0000000e+00   1.7329770e+00   8.2277700e-01   3.1703806e+00   1.0000000e+00
   1.1400000e+02   0.0000000e+00   4.8815800e-01   8.2277700e-01   3.1703806e+00   0.0000000e+00
   1.1500000e+02   0.0000000e+00   5.0980900e-01   8.2277700e-01   3.1703806e+00   1.0000000e+00
   1.1600000e+02   0.0000000e+00   5.5115900e-01   8.2277700e-01   3.1703806e+00   1.0000000e+00
   1.1700000e+02   0.0000000e+00   2.9277470e+00   8.2277700e-01   3.1703806e+00   1.0000000e+00
   1.1800000e+02   1.0000000e+00   1.3045820e+00   8.2277700e-01   3.1703806e+00   1.0000000e+00
   1.1900000e+02   0.0000000e+00   8.4032700e-01   8.2277700e-01   3.1703806e+00   1.0000000e+00
   1.2000000e+02   1.0000000e+00   9.7253500e-01   8.2277700e-01   3.1703806e+00   0.0000000e+00
   1.2100000e+02   0.0000000e+00   1.7795990e+00   8.2277700e-01   3.1703806e+00   1.0000000e+00
   1.2200000e+02   0.0000000e+00   8.8135500e-01   8.2277700e-01   3.1703806e+00   0.0000000e+00
   1.2300000e+02   1.0000000e+00   1.0125090e+00   8.2277700e-01   3.1703806e+00   1.0000000e+00
   1.2400000e+02   0.0000000e+00   1.2008470e+00   8.2277700e-01   3.1703806e+00   0.0000000e+00
   1.2500000e+02   1.0000000e+00   1.4276140e+00   8.2277700e-01   3.1703806e+00   1.0000000e+00
   1.2600000e+02   0.0000000e+00   6.9937100e-01   8.2277700e-01   3.1703806e+00   0.0000000e+00
   1.2700000e+02   1.0000000e+00   4.5881000e-01   8.2277700e-01   3.1703806e+00   0.0000000e+00
   1.2800000e+02   0.0000000e+00   6.9395700e-01   8.2277700e-01   3.1703806e+00   1.0000000e+00
   1.2900000e+02   0.0000000e+00   3.0910680e+00   8.2277700e-01   3.1703806e+00   0.0000000e+00
   1.3000000e+02   1.0000000e+00   1.4780030e+00   8.2277700e-01   3.1703806e+00   1.0000000e+00
   1.3100000e+02   1.0000000e+00   8.9625800e-01   8.2277700e-01   3.1703806e+00   0.0000000e+00
   1.3200000e+02   0.0000000e+00   7.0166500e-01   8.2277700e-01   3.1703806e+00   0.0000000e+00
   1.3300000e+02   0.0000000e+00   5.0390900e-01   8.2277700e-01   3.1703806e+00   0.0000000e+00
   1.3400000e+02   0.0000000e+00   7.1004500e-01   8.2277700e-01   3.1703806e+00   1.0000000e+00
   1.3500000e+02   1.0000000e+00   8.5224200e-01   8.2277700e-01   3.1703806e+00   0.0000000e+00
   1.3600000e+02   1.0000000e+00   5.8693300e-01   8.2277700e-01   3.1703806e+00   1.0000000e+00
