   1.0000000e+00   0.0000000e+00   3.7338500e+00   8.2633300e-01   3.0960670e+00   0.0000000e+00
   2.0000000e+00   0.0000000e+00   8.5091800e-01   8.2633300e-01   3.0960670e+00   0.0000000e+00
   3.0000000e+00   1.0000000e+00   4.7527600e-01   8.2633300e-01   3.0960670e+00   1.0000000e+00
   4.0000000e+00   0.0000000e+00   1.2196040e+00   8.2633300e-01   3.0960670e+00   0.0000000e+00
   5.0000000e+00   1.0000000e+00   9.2329100e-01   8.2633300e-01   3.0960670e+00   0.0000000e+00
   6.0000000e+00   1.0000000e+00   4.4921100e-01   8.2633300e-01   3.0960670e+00   1.0000000e+00
   7.0000000e+00   0.0000000e+00   6.6822500e-01   8.2633300e-01   3.0960670e+00   0.0000000e+00
   8.0000000e+00   0.0000000e+00   4.5103400e-01   8.2633300e-01   3.0960670e+00   0.0000000e+00
   9.0000000e+00   1.0000000e+00   4.5836900e-01   8.2633300e-01   3.0960670e+00   0.0000000e+00
   1.0000000e+01   0.0000000e+00   6.8680000e-01   8.2633300e-01   3.0960670e+00   1.0000000e+00
   1.1000000e+01   1.0000000e+00   1.7909370e+00   8.2633300e-01   3.0960670e+00   0.0000000e+00
   1.2000000e+01   0.0000000e+00   5.4211400e-01   8.2633300e-01   3.0960670e+00   1.0000000e+00
   1.3000000e+01   0.0000000e+00   7.7076000e-01   8.2633300e-01   3.0960670e+00   1.0000000e+00
   1.4000000e+01   0.0000000e+00   7.3219500e-01   8.2633300e-01   3.0960670e+00   0.0000000e+00
   1.5000000e+01   0.0000000e+00   4.6026900e-01   8.2633300e-01   3.0960670e+00   1.0000000e+00
   1.6000000e+01   1.0000000e+00   1.7718540e+00   8.2633300e-01   3.0960670e+00   1.0000000e+00
   1.7000000e+01   0.0000000e+00   8.0074000e-01   8.2633300e-01   3.0960670e+00   0.0000000e+00
   1.8000000e+01   0.0000000e+00   7.6693100e-01   8.2633300e-01   3.0960670e+00   0.0000000e+00
   1.9000000e+01   1.0000000e+00   1.1055770e+00   8.2633300e-01   3.0960670e+00   0.0000000e+00
   2.0000000e+01   0.0000000e+00   1.3153400e+00   8.2633300e-01   3.0960670e+00   1.0000000e+00
   2.1000000e+01   0.0000000e+00   7.4085800e-01   8.2633300e-01   3.0960670e+00   1.0000000e+00
   2.2000000e+01   0.0000000e+00   9.0793900e-01   8.2633300e-01   3.0960670e+00   0.0000000e+00
   2.3000000e+01   0.0000000e+00   5.7868300e-01   8.2633300e-01   3.0960670e+00   1.0000000e+00
   2.4000000e+01   1.0000000e+00   1.3404580e+00   8.2633300e-01   3.0960670e+00   1.0000000e+00
   2.5000000e+01   0.0000000e+00   7.1745100e-01   8.2633300e-01   3.0960670e+00   1.0000000e+00
   2.6000000e+01   0.0000000e+00   6.0859800e-01   8.2633300e-01   3.0960670e+00   0.0000000e+00
   2.7000000e+01   0.0000000e+00   2.0361290e+00   8.2633300e-01   3.0960670e+00   0.0000000e+00
   2.8000000e+01   1.0000000e+00   1.0278010e+00   8.2633300e-01   3.0960670e+00   0.0000000e+00
   2.9000000e+01   0.0000000e+00   6.0854500e-01   8.2633300e-01   3.0960670e+00   1.0000000e+00
   3.0000000e+01   1.0000000e+00   5.0765900e-01   8.2633300e-01   3.0960670e+00   1.0000000e+00
   3.1000000e+01   0.0000000e+00   2.1887360e+00   8.2633300e-01   3.0960670e+00   1.0000000e+00
   3.2000000e+01   0.0000000e+00   1.4762010e+00   8.2633300e-01   3.0960670e+00   0.0000000e+00
   3.3000000e+01   0.0000000e+00   8.3963400e-01   8.2633300e-01   3.0960670e+00   1.0000000e+00
   3.4000000e+01   0.0000000e+00   1.8204440e+00   8.2633300e-01   3.0960670e+00   1.0000000e+00
   3.5000000e+01   0.0000000e+00   5.1680200e-01   8.2633300e-01   3.0960670e+00   0.0000000e+00
   3.6000000e+01   1.0000000e+00   9.1205300e-01   8.2633300e-01   3.0960670e+00   1.0000000e+00
   3.7000000e+01   0.0000000e+00   4.5307200e-01   8.2633300e-01   3.0960670e+00   1.0000000e+00
   3.8000000e+01   1.0000000e+00   5.7276300e-01   8.2633300e-01   3.0960670e+00   0.0000000e+00
   3.9000000e+01   0.0000000e+00   8.7447800e-01   8.2633300e-01   3.0960670e+00   1.0000000e+00
   4.0000000e+01   0.0000000e+00   5.6606400e-01   8.2633300e-01   3.0960670e+00   0.0000000e+00
   4.1000000e+01   0.0000000e+00   5.0513200e-01   8.2633300e-01   3.0960670e+00   0.0000000e+00
   4.2000000e+01   0.0000000e+00   5.5501300e-01   8.2633300e-01   3.0960670e+00   1.0000000e+00
   4.3000000e+01   0.0000000e+00   6.6991200e-01   8.2633300e-01   3.0960670e+00   0.0000000e+00
   4.4000000e+01   0.0000000e+00   4.5945600e-01   8.2633300e-01   3.0960670e+00   1.0000000e+00
   4.5000000e+01   1.0000000e+00   8.9106400e-01   8.2633300e-01   3.0960670e+00   1.0000000e+00
   4.6000000e+01   1.0000000e+00   8.7512500e-01   8.2633300e-01   3.0960670e+00   0.0000000e+00
   4.7000000e+01   0.0000000e+00   1.1847980e+00   8.2633300e-01   3.0960670e+00   0.0000000e+00
   4.8000000e+01   0.0000000e+00   7.6361900e-01   8.2633300e-01   3.0960670e+00   1.0000000e+00
   4.9000000e+01   0.0000000e+00   1.0744940e+00   8.2633300e-01   3.0960670e+00   0.0000000e+00
   5.0000000e+01   0.0000000e+00   8.1992900e-01   8.2633300e-01   3.0960670e+00   1.0000000e+00
   5.1000000e+01   0.0000000e+00   7.9288400e-01   8.2633300e-01   3.0960670e+00   0.0000000e+00
   5.2000000e+01   0.0000000e+00   5.8382500e-01   8.2633300e-01   3.0960670e+00   0.0000000e+00
   5.3000000e+01   1.0000000e+00   8.2515600e-01   8.2633300e-01   3.0960670e+00   0.0000000e+00
   5.4000000e+01   0.0000000e+00   1.6624420e+00   8.2633300e-01   3.0960670e+00   1.0000000e+00
   5.5000000e+01   0.0000000e+00   1.4744740e+00   8.2633300e-01   3.0960670e+00   0.0000000e+00
   5.6000000e+01   0.0000000e+00   1.1009260e+00   8.2633300e-01   3.0960670e+00   0.0000000e+00
   5.7000000e+01   1.0000000e+00   6.3951000e-01   8.2633300e-01   3.0960670e+00   1.0000000e+00
   5.8000000e+01   0.0000000e+00   5.8569600e-01   8.2633300e-01   3.0960670e+00   1.0000000e+00
   5.9000000e+01   0.0000000e+00   6.4257900e-01   8.2633300e-01   3.0960670e+00   1.0000000e+00
   6.0000000e+01   1.0000000e+00   7.6056400e-01   8.2633300e-01   3.0960670e+00   0.0000000e+00
   6.1000000e+01   0.0000000e+00   7.0018400e-01   8.2633300e-01   3.0960670e+00   0.0000000e+00
   6.2000000e+01   1.0000000e+00   6.6401000e-01   8.2633300e-01   3.0960670e+00   1.0000000e+00
   6.3000000e+01   0.0000000e+00   4.5126500e-01   8.2633300e-01   3.0960670e+00   1.0000000e+00
   6.4000000e+01   1.0000000e+00   5.8554600e-01   8.2633300e-01   3.0960670e+00   1.0000000e+00
   6.5000000e+01   0.0000000e+00   9.6078200e-01   8.2633300e-01   3.0960670e+00   1.0000000e+00
   6.6000000e+01   0.0000000e+00   6.3393100e-01   8.2633300e-01   3.0960670e+00   1.0000000e+00
   6.7000000e+01   0.0000000e+00   1.1276740e+00   8.2633300e-01   3.0960670e+00   0.0000000e+00
   6.8000000e+01   1.0000000e+00   8.8941800e-01   8.2633300e-01   3.0960670e+00   0.0000000e+00
   6.9000000e+01   0.0000000e+00   2.4697620e+00   8.2633300e-01   3.0960670e+00   1.0000000e+00
   7.0000000e+01   1.0000000e+00   2.5800070e+00   8.2633300e-01   3.0960670e+00   0.0000000e+00
   7.1000000e+01   0.0000000e+00   9.9940500e-01   8.2633300e-01   3.0960670e+00   1.0000000e+00
   7.2000000e+01   0.0000000e+00   1.5803760e+00   8.2633300e-01   3.0960670e+00   0.0000000e+00
   7.3000000e+01   0.0000000e+00   1.6491370e+00   8.2633300e-01   3.0960670e+00   1.0000000e+00
   7.4000000e+01   1.0000000e+00   8.1570100e-01   8.2633300e-01   3.0960670e+00   1.0000000e+00
   7.5000000e+01   0.0000000e+00   1.0430310e+00   8.2633300e-01   3.0960670e+00   0.0000000e+00
   7.6000000e+01   0.0000000e+00   1.1727850e+00   8.2633300e-01   3.0960670e+00   1.0000000e+00
   7.7000000e+01   0.0000000e+00   8.0061800e-01   8.2633300e-01   3.0960670e+00   0.0000000e+00
   7.8000000e+01   0.0000000e+00   4.6497600e-01   8.2633300e-01   3.0960670e+00   1.0000000e+00
   7.9000000e+01   1.0000000e+00   1.0051210e+00   8.2633300e-01   3.0960670e+00   0.0000000e+00
   8.0000000e+01   0.0000000e+00   7.7874900e-01   8.2633300e-01   3.0960670e+00   0.0000000e+00
   8.1000000e+01   0.0000000e+00   4.8186700e-01   8.2633300e-01   3.0960670e+00   1.0000000e+00
   8.2000000e+01   0.0000000e+00   5.4361500e-01   8.2633300e-01   3.0960670e+00   0.0000000e+00
   8.3000000e+01   0.0000000e+00   1.8585980e+00   8.2633300e-01   3.0960670e+00   0.0000000e+00
   8.4000000e+01   0.0000000e+00   1.1338650e+00   8.2633300e-01   3.0960670e+00   0.0000000e+00
   8.5000000e+01   1.0000000e+00   1.1006150e+00   8.2633300e-01   3.0960670e+00   1.0000000e+00
   8.6000000e+01   0.0000000e+00   1.1902300e+00   8.2633300e-01   3.0960670e+00   1.0000000e+00
   8.7000000e+01   0.0000000e+00   4.7641800e-01   8.2633300e-01   3.0960670e+00   0.0000000e+00
   8.8000000e+01   1.0000000e+00   4.6676600e-01   8.2633300e-01   3.0960670e+00   1.0000000e+00
   8.9000000e+01   0.0000000e+00   7.5996400e-01   8.2633300e-01   3.0960670e+00   1.0000000e+00
   9.0000000e+01   0.0000000e+00   5.2784200e-01   8.2633300e-01   3.0960670e+00   1.0000000e+00
   9.1000000e+01   0.0000000e+00   7.0346700e-01   8.2633300e-01   3.0960670e+00   0.0000000e+00
   9.2000000e+01   1.0000000e+00   1.5978050e+00   8.2633300e-01   3.0960670e+00   0.0000000e+00
   9.3000000e+01   0.0000000e+00   1.2301950e+00   8.2633300e-01   3.0960670e+00   1.0000000e+00
   9.4000000e+01   0.0000000e+00   1.0402220e+00   8.2633300e-01   3.0960670e+00   0.0000000e+00
   9.5000000e+01   0.0000000e+00   5.9307200e-01   8.2633300e-01   3.0960670e+00   0.0000000e+00
   9.6000000e+01   1.0000000e+00   8.2546400e-01   8.2633300e-01   3.0960670e+00   1.0000000e+00
   9.7000000e+01   0.0000000e+00   8.5118600e-01   8.2633300e-01   3.0960670e+00   0.0000000e+00
   9.8000000e+01   0.0000000e+00   6.8876800e-01   8.2633300e-01   3.0960670e+00   1.0000000e+00
   9.9000000e+01   1.0000000e+00   1.8964510e+00   8.2633300e-01   3.0960670e+00   0.0000000e+00
   1.0000000e+02   0.0000000e+00   4.8246800e-01   8.2633300e-01   3.0960670e+00   0.0000000e+00
   1.0100000e+02   1.0000000e+00   5.3539700e-01   8.2633300e-01   3.0960670e+00   1.0000000e+00
   1.0200000e+02   0.0000000e+00   4.7971700e-01   8.2633300e-01   3.0960670e+00   1.0000000e+00
   1.0300000e+02   0.0000000e+00   6.3370000e-01   8.2633300e-01   3.0960670e+00   1.0000000e+00
   1.0400000e+02   0.0000000e+00   8.0784300e-01   8.2633300e-01   3.0960670e+00   1.0000000e+00
   1.0500000e+02   1.0000000e+00   1.4262510e+00   8.2633300e-01   3.0960670e+00   0.0000000e+00
   1.0600000e+02   0.0000000e+00   1.3338140e+00   8.2633300e-01   3.0960670e+00   0.0000000e+00
   1.0700000e+02   1.0000000e+00   6.2487600e-01   8.2633300e-01   3.0960670e+00   0.0000000e+00
   1.0800000e+02   0.0000000e+00   5.6077200e-01   8.2633300e-01   3.0960670e+00   1.0000000e+00
   1.0900000e+02   0.0000000e+00   1.0215920e+00   8.2633300e-01   3.0960670e+00   0.0000000e+00
   1.1000000e+02   0.0000000e+00   1.1066400e+00   8.2633300e-01   3.0960670e+00   0.0000000e+00
   1.1100000e+02   1.0000000e+00   1.0494070e+00   8.2633300e-01   3.0960670e+00   1.0000000e+00
   1.1200000e+02   0.0000000e+00   9.9224600e-01   8.2633300e-01   3.0960670e+00   1.0000000e+00
   1.1300000e+02   0.0000000e+00   7.2672200e-01   8.2633300e-01   3.0960670e+00   0.0000000e+00
   1.1400000e+02   0.0000000e+00   1.1928120e+00   8.2633300e-01   3.0960670e+00   1.0000000e+00
   1.1500000e+02   0.0000000e+00   1.0447770e+00   8.2633300e-01   3.0960670e+00   1.0000000e+00
   1.1600000e+02   1.0000000e+00   5.3932600e-01   8.2633300e-01   3.0960670e+00   0.0000000e+00
   1.1700000e+02   0.0000000e+00   4.9547300e-01   8.2633300e-01   3.0960670e+00   0.0000000e+00
   1.1800000e+02   1.0000000e+00   5.2805700e-01   8.2633300e-01   3.0960670e+00   1.0000000e+00
   1.1900000e+02   0.0000000e+00   7.3775800e-01   8.2633300e-01   3.0960670e+00   0.0000000e+00
   1.2000000e+02   1.0000000e+00   5.7023000e-01   8.2633300e-01   3.0960670e+00   1.0000000e+00
   1.2100000e+02   0.0000000e+00   4.6339100e-01   8.2633300e-01   3.0960670e+00   1.0000000e+00
   1.2200000e+02   0.0000000e+00   6.1420900e-01   8.2633300e-01   3.0960670e+00   0.0000000e+00
   1.2300000e+02   1.0000000e+00   6.5175200e-01   8.2633300e-01   3.0960670e+00   0.0000000e+00
   1.2400000e+02   1.0000000e+00   4.9272200e-01   8.2633300e-01   3.0960670e+00   1.0000000e+00
   1.2500000e+02   0.0000000e+00   5.9996000e-01   8.2633300e-01   3.0960670e+00   1.0000000e+00
   1.2600000e+02   0.0000000e+00   7.2489300e-01   8.2633300e-01   3.0960670e+00   1.0000000e+00
   1.2700000e+02   0.0000000e+00   1.4745870e+00   8.2633300e-01   3.0960670e+00   1.0000000e+00
   1.2800000e+02   0.0000000e+00   1.6534500e+00   8.2633300e-01   3.0960670e+00   0.0000000e+00
   1.2900000e+02   0.0000000e+00   1.6170500e+00   8.2633300e-01   3.0960670e+00   0.0000000e+00
   1.3000000e+02   1.0000000e+00   6.3062400e-01   8.2633300e-01   3.0960670e+00   0.0000000e+00
   1.3100000e+02   0.0000000e+00   5.5064300e-01   8.2633300e-01   3.0960670e+00   0.0000000e+00
   1.3200000e+02   0.0000000e+00   1.9370330e+00   8.2633300e-01   3.0960670e+00   1.0000000e+00
   1.3300000e+02   0.0000000e+00   6.7546000e-01   8.2633300e-01   3.0960670e+00   1.0000000e+00
   1.3400000e+02   1.0000000e+00   4.6482700e-01   8.2633300e-01   3.0960670e+00   0.0000000e+00
   1.3500000e+02   0.0000000e+00   1.7102940e+00   8.2633300e-01   3.0960670e+00   0.0000000e+00
   1.3600000e+02   1.0000000e+00   5.3607900e-01   8.2633300e-01   3.0960670e+00   1.0000000e+00
