   1.0000000e+00   0.0000000e+00   1.9382430e+00   8.2454900e-01   3.0507042e+00   0.0000000e+00
   2.0000000e+00   0.0000000e+00   5.1399400e-01   8.2454900e-01   3.0507042e+00   0.0000000e+00
   3.0000000e+00   0.0000000e+00   8.9583100e-01   8.2454900e-01   3.0507042e+00   1.0000000e+00
   4.0000000e+00   1.0000000e+00   2.3730540e+00   8.2454900e-01   3.0507042e+00   1.0000000e+00
   5.0000000e+00   0.0000000e+00   7.0884200e-01   8.2454900e-01   3.0507042e+00   1.0000000e+00
   6.0000000e+00   1.0000000e+00   4.7542500e-01   8.2454900e-01   3.0507042e+00   0.0000000e+00
   7.0000000e+00   1.0000000e+00   4.7503500e-01   8.2454900e-01   3.0507042e+00   1.0000000e+00
   8.0000000e+00   0.0000000e+00   1.0333750e+00   8.2454900e-01   3.0507042e+00   1.0000000e+00
   9.0000000e+00   1.0000000e+00   5.3014300e-01   8.2454900e-01   3.0507042e+00   0.0000000e+00
   1.0000000e+01   0.0000000e+00   7.0183700e-01   8.2454900e-01   3.0507042e+00   0.0000000e+00
   1.1000000e+01   0.0000000e+00   5.7871800e-01   8.2454900e-01   3.0507042e+00   1.0000000e+00
   1.2000000e+01   0.0000000e+00   1.8112790e+00   8.2454900e-01   3.0507042e+00   1.0000000e+00
   1.3000000e+01   0.0000000e+00   7.8549800e-01   8.2454900e-01   3.0507042e+00   1.0000000e+00
   1.4000000e+01   1.0000000e+00   1.9581550e+00   8.2454900e-01   3.0507042e+00   0.0000000e+00
   1.5000000e+01   0.0000000e+00   4.3523100e-01   8.2454900e-01   3.0507042e+00   0.0000000e+00
   1.6000000e+01   0.0000000e+00   4.4290700e-01   8.2454900e-01   3.0507042e+00   1.0000000e+00
   1.7000000e+01   0.0000000e+00   9.2728900e-01   8.2454900e-01   3.0507042e+00   0.0000000e+00
   1.8000000e+01   0.0000000e+00   4.4424900e-01   8.2454900e-01   3.0507042e+00   1.0000000e+00
   1.9000000e+01   0.0000000e+00   6.8799900e-01   8.2454900e-01   3.0507042e+00   0.0000000e+00
   2.0000000e+01   0.0000000e+00   5.5275700e-01   8.2454900e-01   3.0507042e+00   1.0000000e+00
   2.1000000e+01   0.0000000e+00   6.5505600e-01   8.2454900e-01   3.0507042e+00   1.0000000e+00
   2.2000000e+01   1.0000000e+00   1.1400230e+00   8.2454900e-01   3.0507042e+00   1.0000000e+00
   2.3000000e+01   0.0000000e+00   4.5414000e-01   8.2454900e-01   3.0507042e+00   0.0000000e+00
   2.4000000e+01   1.0000000e+00   6.4123600e-01   8.2454900e-01   3.0507042e+00   0.0000000e+00
   2.5000000e+01   0.0000000e+00   1.1447370e+00   8.2454900e-01   3.0507042e+00   1.0000000e+00
   2.6000000e+01   0.0000000e+00   7.5003100e-01   8.2454900e-01   3.0507042e+00   0.0000000e+00
   2.7000000e+01   1.0000000e+00   8.1188200e-01   8.2454900e-01   3.0507042e+00   1.0000000e+00
   2.8000000e+01   0.0000000e+00   7.4729900e-01   8.2454900e-01   3.0507042e+00   0.0000000e+00
   2.9000000e+01   1.0000000e+00   1.1614330e+00   8.2454900e-01   3.0507042e+00   0.0000000e+00
   3.0000000e+01   0.0000000e+00   7.4655300e-01   8.2454900e-01   3.0507042e+00   0.0000000e+00
   3.1000000e+01   1.0000000e+00   6.9012400e-01   8.2454900e-01   3.0507042e+00   1.0000000e+00
   3.2000000e+01   0.0000000e+00   4.5151700e-01   8.2454900e-01   3.0507042e+00   0.0000000e+00
   3.3000000e+01   0.0000000e+00   8.6126500e-01   8.2454900e-01   3.0507042e+00   0.0000000e+00
   3.4000000e+01   1.0000000e+00   1.6262070e+00   8.2454900e-01   3.0507042e+00   1.0000000e+00
   3.5000000e+01   1.0000000e+00   4.4797700e-01   8.2454900e-01   3.0507042e+00   0.0000000e+00
   3.6000000e+01   0.0000000e+00   1.1195520e+00   8.2454900e-01   3.0507042e+00   1.0000000e+00
   3.7000000e+01   0.0000000e+00   6.9717400e-01   8.2454900e-01   3.0507042e+00   1.0000000e+00
   3.8000000e+01   0.0000000e+00   7.7618700e-01   8.2454900e-01   3.0507042e+00   1.0000000e+00
   3.9000000e+01   1.0000000e+00   9.0634700e-01   8.2454900e-01   3.0507042e+00   1.0000000e+00
   4.0000000e+01   0.0000000e+00   4.6734900e-01   8.2454900e-01   3.0507042e+00   1.0000000e+00
   4.1000000e+01   1.0000000e+00   7.0944000e-01   8.2454900e-01   3.0507042e+00   0.0000000e+00
   4.2000000e+01   0.0000000e+00   5.0037500e-01   8.2454900e-01   3.0507042e+00   1.0000000e+00
   4.3000000e+01   0.0000000e+00   1.5839750e+00   8.2454900e-01   3.0507042e+00   1.0000000e+00
   4.4000000e+01   0.0000000e+00   2.1113400e+00   8.2454900e-01   3.0507042e+00   0.0000000e+00
   4.5000000e+01   0.0000000e+00   7.3829600e-01   8.2454900e-01   3.0507042e+00   1.0000000e+00
   4.6000000e+01   1.0000000e+00   1.1536260e+00   8.2454900e-01   3.0507042e+00   0.0000000e+00
   4.7000000e+01   0.0000000e+00   1.4194920e+00   8.2454900e-01   3.0507042e+00   0.0000000e+00
   4.8000000e+01   0.0000000e+00   5.0180800e-01   8.2454900e-01   3.0507042e+00   0.0000000e+00
   4.9000000e+01   0.0000000e+00   2.9727360e+00   8.2454900e-01   3.0507042e+00   1.0000000e+00
   5.0000000e+01   1.0000000e+00   1.0829770e+00   8.2454900e-01   3.0507042e+00   1.0000000e+00
   5.1000000e+01   0.0000000e+00   1.5948350e+00   8.2454900e-01   3.0507042e+00   1.0000000e+00
   5.2000000e+01   1.0000000e+00   1.4203450e+00   8.2454900e-01   3.0507042e+00   0.0000000e+00
   5.3000000e+01   0.0000000e+00   4.5322000e-01   8.2454900e-01   3.0507042e+00   1.0000000e+00
   5.4000000e+01   0.0000000e+00   4.8119000e-01   8.2454900e-01   3.0507042e+00   1.0000000e+00
   5.5000000e+01   0.0000000e+00   1.1384980e+00   8.2454900e-01   3.0507042e+00   0.0000000e+00
   5.6000000e+01   1.0000000e+00   7.6789400e-01   8.2454900e-01   3.0507042e+00   1.0000000e+00
   5.7000000e+01   0.0000000e+00   1.0762050e+00   8.2454900e-01   3.0507042e+00   1.0000000e+00
   5.8000000e+01   0.0000000e+00   1.4203460e+00   8.2454900e-01   3.0507042e+00   0.0000000e+00
   5.9000000e+01   0.0000000e+00   8.4391700e-01   8.2454900e-01   3.0507042e+00   0.0000000e+00
   6.0000000e+01   0.0000000e+00   5.5854900e-01   8.2454900e-01   3.0507042e+00   0.0000000e+00
   6.1000000e+01   0.0000000e+00   1.2345970e+00   8.2454900e-01   3.0507042e+00   0.0000000e+00
   6.2000000e+01   1.0000000e+00   9.7496900e-01   8.2454900e-01   3.0507042e+00   1.0000000e+00
   6.3000000e+01   0.0000000e+00   6.7950000e-01   8.2454900e-01   3.0507042e+00   0.0000000e+00
   6.4000000e+01   0.0000000e+00   1.3902900e+00   8.2454900e-01   3.0507042e+00   0.0000000e+00
   6.5000000e+01   0.0000000e+00   6.4314300e-01   8.2454900e-01   3.0507042e+00   0.0000000e+00
   6.6000000e+01   1.0000000e+00   1.0536110e+00   8.2454900e-01   3.0507042e+00   0.0000000e+00
   6.7000000e+01   0.0000000e+00   7.3683800e-01   8.2454900e-01   3.0507042e+00   1.0000000e+00
   6.8000000e+01   0.0000000e+00   4.4209800e-01   8.2454900e-01   3.0507042e+00   0.0000000e+00
   6.9000000e+01   0.0000000e+00   9.1043300e-01   8.2454900e-01   3.0507042e+00   1.0000000e+00
   7.0000000e+01   0.0000000e+00   1.2813800e+00   8.2454900e-01   3.0507042e+00   1.0000000e+00
   7.1000000e+01   0.0000000e+00   1.0951620e+00   8.2454900e-01   3.0507042e+00   1.0000000e+00
   7.2000000e+01   0.0000000e+00   4.8969700e-01   8.2454900e-01   3.0507042e+00   1.0000000e+00
   7.3000000e+01   0.0000000e+00   4.6073800e-01   8.2454900e-01   3.0507042e+00   1.0000000e+00
   7.4000000e+01   0.0000000e+00   1.2727540e+00   8.2454900e-01   3.0507042e+00   0.0000000e+00
   7.5000000e+01   1.0000000e+00   8.4876200e-01   8.2454900e-01   3.0507042e+00   0.0000000e+00
   7.6000000e+01   0.0000000e+00   1.0670090e+00   8.2454900e-01   3.0507042e+00   1.0000000e+00
   7.7000000e+01   0.0000000e+00   7.3481900e-01   8.2454900e-01   3.0507042e+00   0.0000000e+00
   7.8000000e+01   0.0000000e+00   4.9236000e-01   8.2454900e-01   3.0507042e+00   0.0000000e+00
   7.9000000e+01   1.0000000e+00   1.1620600e+00   8.2454900e-01   3.0507042e+00   1.0000000e+00
   8.0000000e+01   0.0000000e+00   6.2091600e-01   8.2454900e-01   3.0507042e+00   0.0000000e+00
   8.1000000e+01   1.0000000e+00   8.3033200e-01   8.2454900e-01   3.0507042e+00   0.0000000e+00
   8.2000000e+01   0.0000000e+00   1.5044620e+00   8.2454900e-01   3.0507042e+00   0.0000000e+00
   8.3000000e+01   0.0000000e+00   2.1413750e+00   8.2454900e-01   3.0507042e+00   0.0000000e+00
   8.4000000e+01   0.0000000e+00   7.0447100e-01   8.2454900e-01   3.0507042e+00   0.0000000e+00
   8.5000000e+01   1.0000000e+00   6.8427100e-01   8.2454900e-01   3.0507042e+00   1.0000000e+00
   8.6000000e+01   0.0000000e+00   6.4648900e-01   8.2454900e-01   3.0507042e+00   1.0000000e+00
   8.7000000e+01   1.0000000e+00   1.1423510e+00   8.2454900e-01   3.0507042e+00   1.0000000e+00
   8.8000000e+01   0.0000000e+00   7.2731400e-01   8.2454900e-01   3.0507042e+00   0.0000000e+00
   8.9000000e+01   0.0000000e+00   9.4384400e-01   8.2454900e-01   3.0507042e+00   1.0000000e+00
   9.0000000e+01   0.0000000e+00   5.1541400e-01   8.2454900e-01   3.0507042e+00   0.0000000e+00
   9.1000000e+01   0.0000000e+00   6.7908600e-01   8.2454900e-01   3.0507042e+00   1.0000000e+00
   9.2000000e+01   0.0000000e+00   6.8043800e-01   8.2454900e-01   3.0507042e+00   0.0000000e+00
   9.3000000e+01   1.0000000e+00   5.0149400e-01   8.2454900e-01   3.0507042e+00   0.0000000e+00
   9.4000000e+01   0.0000000e+00   7.1527600e-01   8.2454900e-01   3.0507042e+00   1.0000000e+00
   9.5000000e+01   0.0000000e+00   1.0473920e+00   8.2454900e-01   3.0507042e+00   0.0000000e+00
   9.6000000e+01   1.0000000e+00   6.2442100e-01   8.2454900e-01   3.0507042e+00   1.0000000e+00
   9.7000000e+01   0.0000000e+00   9.9573700e-01   8.2454900e-01   3.0507042e+00   1.0000000e+00
   9.8000000e+01   0.0000000e+00   6.7606700e-01   8.2454900e-01   3.0507042e+00   1.0000000e+00
   9.9000000e+01   1.0000000e+00   2.3490050e+00   8.2454900e-01   3.0507042e+00   0.0000000e+00
   1.0000000e+02   0.0000000e+00   5.3599500e-01   8.2454900e-01   3.0507042e+00   0.0000000e+00
   1.0100000e+02   1.0000000e+00   8.7612500e-01   8.2454900e-01   3.0507042e+00   1.0000000e+00
   1.0200000e+02   0.0000000e+00   9.8603600e-01   8.2454900e-01   3.0507042e+00   0.0000000e+00
   1.0300000e+02   0.0000000e+00   7.8224700e-01   8.2454900e-01   3.0507042e+00   1.0000000e+00
   1.0400000e+02   1.0000000e+00   1.4430240e+00   8.2454900e-01   3.0507042e+00   0.0000000e+00
   1.0500000e+02   0.0000000e+00   2.0368320e+00   8.2454900e-01   3.0507042e+00   1.0000000e+00
   1.0600000e+02   0.0000000e+00   1.2204680e+00   8.2454900e-01   3.0507042e+00   0.0000000e+00
   1.0700000e+02   0.0000000e+00   7.0224200e-01   8.2454900e-01   3.0507042e+00   1.0000000e+00
   1.0800000e+02   0.0000000e+00   4.3898800e-01   8.2454900e-01   3.0507042e+00   1.0000000e+00
   1.0900000e+02   1.0000000e+00   6.2284400e-01   8.2454900e-01   3.0507042e+00   0.0000000e+00
   1.1000000e+02   1.0000000e+00   6.5060500e-01   8.2454900e-01   3.0507042e+00   1.0000000e+00
   1.1100000e+02   0.0000000e+00   1.8338150e+00   8.2454900e-01   3.0507042e+00   0.0000000e+00
   1.1200000e+02   1.0000000e+00   6.7904800e-01   8.2454900e-01   3.0507042e+00   0.0000000e+00
   1.1300000e+02   0.0000000e+00   1.2200410e+00   8.2454900e-01   3.0507042e+00   1.0000000e+00
   1.1400000e+02   0.0000000e+00   1.2840760e+00   8.2454900e-01   3.0507042e+00   0.0000000e+00
   1.1500000e+02   1.0000000e+00   4.8591200e-01   8.2454900e-01   3.0507042e+00   1.0000000e+00
   1.1600000e+02   0.0000000e+00   1.3482750e+00   8.2454900e-01   3.0507042e+00   1.0000000e+00
   1.1700000e+02   0.0000000e+00   4.7894400e-01   8.2454900e-01   3.0507042e+00   1.0000000e+00
   1.1800000e+02   0.0000000e+00   8.1398800e-01   8.2454900e-01   3.0507042e+00   0.0000000e+00
   1.1900000e+02   0.0000000e+00   7.8827900e-01   8.2454900e-01   3.0507042e+00   0.0000000e+00
   1.2000000e+02   1.0000000e+00   5.1249500e-01   8.2454900e-01   3.0507042e+00   1.0000000e+00
   1.2100000e+02   0.0000000e+00   9.5906500e-01   8.2454900e-01   3.0507042e+00   1.0000000e+00
   1.2200000e+02   0.0000000e+00   8.7109400e-01   8.2454900e-01   3.0507042e+00   0.0000000e+00
   1.2300000e+02   0.0000000e+00   4.3714400e-01   8.2454900e-01   3.0507042e+00   0.0000000e+00
   1.2400000e+02   0.0000000e+00   7.7452500e-01   8.2454900e-01   3.0507042e+00   0.0000000e+00
   1.2500000e+02   1.0000000e+00   8.2713100e-01   8.2454900e-01   3.0507042e+00   0.0000000e+00
   1.2600000e+02   0.0000000e+00   8.6273700e-01   8.2454900e-01   3.0507042e+00   1.0000000e+00
   1.2700000e+02   1.0000000e+00   4.7882800e-01   8.2454900e-01   3.0507042e+00   1.0000000e+00
   1.2800000e+02   0.0000000e+00   6.2581900e-01   8.2454900e-01   3.0507042e+00   0.0000000e+00
   1.2900000e+02   0.0000000e+00   1.0670720e+00   8.2454900e-01   3.0507042e+00   1.0000000e+00
   1.3000000e+02   0.0000000e+00   6.5322300e-01   8.2454900e-01   3.0507042e+00   1.0000000e+00
   1.3100000e+02   1.0000000e+00   3.2217150e+00   8.2454900e-01   3.0507042e+00   0.0000000e+00
   1.3200000e+02   0.0000000e+00   6.5560100e-01   8.2454900e-01   3.0507042e+00   0.0000000e+00
   1.3300000e+02   1.0000000e+00   5.8388000e-01   8.2454900e-01   3.0507042e+00   0.0000000e+00
   1.3400000e+02   0.0000000e+00   7.5863600e-01   8.2454900e-01   3.0507042e+00   0.0000000e+00
   1.3500000e+02   1.0000000e+00   6.9298100e-01   8.2454900e-01   3.0507042e+00   1.0000000e+00
   1.3600000e+02   0.0000000e+00   1.1548790e+00   8.2454900e-01   3.0507042e+00   1.0000000e+00
