1	0	2.196454	0.832429	3.1172589477	1
2	0	1.251100	0.832429	3.1172589477	0
3	1	1.186485	0.832429	3.1172589477	1
4	0	1.185873	0.832429	3.1172589477	1
5	0	0.796156	0.832429	3.1172589477	0
6	1	0.724484	0.832429	3.1172589477	0
7	1	0.783664	0.832429	3.1172589477	1
8	0	0.506306	0.832429	3.1172589477	0
9	0	0.683438	0.832429	3.1172589477	0
10	1	0.847547	0.832429	3.1172589477	0
11	0	0.591906	0.832429	3.1172589477	0
12	0	0.996097	0.832429	3.1172589477	0
13	0	0.584600	0.832429	3.1172589477	1
14	0	0.707517	0.832429	3.1172589477	1
15	1	0.580581	0.832429	3.1172589477	0
16	0	0.970038	0.832429	3.1172589477	1
17	1	0.912721	0.832429	3.1172589477	1
18	0	0.800492	0.832429	3.1172589477	0
19	0	0.616660	0.832429	3.1172589477	1
20	0	0.850186	0.832429	3.1172589477	0
21	0	0.604855	0.832429	3.1172589477	1
22	1	0.503454	0.832429	3.1172589477	0
23	0	1.102787	0.832429	3.1172589477	1
24	0	0.927661	0.832429	3.1172589477	1
25	1	1.525524	0.832429	3.1172589477	1
26	0	2.119802	0.832429	3.1172589477	0
27	1	0.714801	0.832429	3.1172589477	0
28	0	1.226021	0.832429	3.1172589477	0
29	1	0.705439	0.832429	3.1172589477	1
30	0	0.547485	0.832429	3.1172589477	0
31	1	0.605010	0.832429	3.1172589477	1
32	0	0.864584	0.832429	3.1172589477	1
33	1	1.183930	0.832429	3.1172589477	0
34	0	0.718873	0.832429	3.1172589477	1
35	1	1.041504	0.832429	3.1172589477	1
36	0	2.440996	0.832429	3.1172589477	1
37	0	1.326041	0.832429	3.1172589477	1
38	1	0.858047	0.832429	3.1172589477	0
39	0	0.686550	0.832429	3.1172589477	1
40	0	1.397981	0.832429	3.1172589477	1
41	0	0.524633	0.832429	3.1172589477	0
42	0	0.537900	0.832429	3.1172589477	1
43	0	0.999053	0.832429	3.1172589477	0
44	0	0.725332	0.832429	3.1172589477	0
45	0	0.991908	0.832429	3.1172589477	0
46	1	0.802743	0.832429	3.1172589477	0
47	0	1.627230	0.832429	3.1172589477	1
48	0	0.879326	0.832429	3.1172589477	1
49	0	1.008562	0.832429	3.1172589477	0
50	0	1.370215	0.832429	3.1172589477	0
51	1	0.715948	0.832429	3.1172589477	1
52	1	1.292095	0.832429	3.1172589477	0
53	0	0.587577	0.832429	3.1172589477	0
54	1	0.817963	0.832429	3.1172589477	1
55	0	0.526653	0.832429	3.1172589477	0
56	0	0.580624	0.832429	3.1172589477	0
57	0	2.374305	0.832429	3.1172589477	1
58	1	0.650074	0.832429	3.1172589477	1
59	0	0.558810	0.832429	3.1172589477	1
60	1	0.695918	0.832429	3.1172589477	0
61	0	0.500711	0.832429	3.1172589477	1
62	0	0.543002	0.832429	3.1172589477	1
63	0	0.565432	0.832429	3.1172589477	1
64	0	0.676073	0.832429	3.1172589477	0
65	0	0.696860	0.832429	3.1172589477	1
66	0	0.515126	0.832429	3.1172589477	0
67	1	0.597587	0.832429	3.1172589477	0
68	0	0.707226	0.832429	3.1172589477	0
69	1	2.035792	0.832429	3.1172589477	1
70	0	1.509711	0.832429	3.1172589477	0
71	0	1.327884	0.832429	3.1172589477	1
72	0	1.015263	0.832429	3.1172589477	0
73	0	1.062545	0.832429	3.1172589477	0
74	0	0.888090	0.832429	3.1172589477	1
75	1	1.968463	0.832429	3.1172589477	0
76	0	0.562924	0.832429	3.1172589477	1
77	0	2.540289	0.832429	3.1172589477	0
78	0	2.371134	0.832429	3.1172589477	1
79	0	0.616147	0.832429	3.1172589477	1
80	1	1.618196	0.832429	3.1172589477	1
81	0	0.938826	0.832429	3.1172589477	0
82	0	0.519031	0.832429	3.1172589477	0
83	0	0.533447	0.832429	3.1172589477	1
84	0	1.020710	0.832429	3.1172589477	0
85	1	0.531850	0.832429	3.1172589477	1
86	0	0.969074	0.832429	3.1172589477	1
87	0	0.541990	0.832429	3.1172589477	1
88	0	1.730691	0.832429	3.1172589477	1
89	1	1.940496	0.832429	3.1172589477	0
90	0	1.098749	0.832429	3.1172589477	0
91	0	0.613943	0.832429	3.1172589477	1
92	1	0.537434	0.832429	3.1172589477	1
93	0	1.665796	0.832429	3.1172589477	0
94	1	1.777304	0.832429	3.1172589477	0
95	0	1.129706	0.832429	3.1172589477	1
96	1	0.569466	0.832429	3.1172589477	1
97	0	0.949026	0.832429	3.1172589477	0
98	0	0.567482	0.832429	3.1172589477	0
99	0	1.448150	0.832429	3.1172589477	1
100	0	0.765794	0.832429	3.1172589477	0
101	1	0.560692	0.832429	3.1172589477	0
102	0	0.567013	0.832429	3.1172589477	0
103	1	0.565038	0.832429	3.1172589477	0
104	0	0.645825	0.832429	3.1172589477	1
105	0	1.353665	0.832429	3.1172589477	1
106	0	1.874688	0.832429	3.1172589477	1
107	0	1.280226	0.832429	3.1172589477	1
108	1	0.737300	0.832429	3.1172589477	1
109	0	0.721911	0.832429	3.1172589477	1
110	0	0.629142	0.832429	3.1172589477	0
111	0	0.699093	0.832429	3.1172589477	0
112	1	0.654779	0.832429	3.1172589477	0
113	0	0.622592	0.832429	3.1172589477	0
114	1	0.555211	0.832429	3.1172589477	1
115	1	0.567572	0.832429	3.1172589477	1
116	0	1.574165	0.832429	3.1172589477	0
117	0	1.727122	0.832429	3.1172589477	0
118	0	1.997646	0.832429	3.1172589477	1
119	0	0.756284	0.832429	3.1172589477	1
120	0	0.634573	0.832429	3.1172589477	0
121	0	1.136786	0.832429	3.1172589477	1
122	1	1.572201	0.832429	3.1172589477	0
123	0	0.796728	0.832429	3.1172589477	1
124	0	1.405159	0.832429	3.1172589477	1
125	1	1.378793	0.832429	3.1172589477	1
126	0	1.147444	0.832429	3.1172589477	1
127	0	1.421974	0.832429	3.1172589477	0
128	0	1.392911	0.832429	3.1172589477	1
129	1	0.549234	0.832429	3.1172589477	0
130	0	1.055501	0.832429	3.1172589477	0
131	0	0.711813	0.832429	3.1172589477	0
132	0	0.935709	0.832429	3.1172589477	0
133	0	1.376323	0.832429	3.1172589477	0
134	0	0.693871	0.832429	3.1172589477	0
135	1	1.318230	0.832429	3.1172589477	0
136	1	1.074843	0.832429	3.1172589477	1
