   1.0000000e+00   0.0000000e+00   5.3960800e-01   8.4855500e-01   3.2344412e+00   1.0000000e+00
   2.0000000e+00   0.0000000e+00   1.9293420e+00   8.4855500e-01   3.2344412e+00   0.0000000e+00
   3.0000000e+00   1.0000000e+00   7.9629800e-01   8.4855500e-01   3.2344412e+00   0.0000000e+00
   4.0000000e+00   0.0000000e+00   5.3725900e-01   8.4855500e-01   3.2344412e+00   0.0000000e+00
   5.0000000e+00   0.0000000e+00   4.7790000e-01   8.4855500e-01   3.2344412e+00   1.0000000e+00
   6.0000000e+00   1.0000000e+00   2.1838810e+00   8.4855500e-01   3.2344412e+00   1.0000000e+00
   7.0000000e+00   0.0000000e+00   9.6579900e-01   8.4855500e-01   3.2344412e+00   0.0000000e+00
   8.0000000e+00   1.0000000e+00   6.1116500e-01   8.4855500e-01   3.2344412e+00   0.0000000e+00
   9.0000000e+00   1.0000000e+00   1.3527020e+00   8.4855500e-01   3.2344412e+00   1.0000000e+00
   1.0000000e+01   0.0000000e+00   6.3055700e-01   8.4855500e-01   3.2344412e+00   1.0000000e+00
   1.1000000e+01   0.0000000e+00   5.9635500e-01   8.4855500e-01   3.2344412e+00   0.0000000e+00
   1.2000000e+01   0.0000000e+00   1.4167510e+00   8.4855500e-01   3.2344412e+00   1.0000000e+00
   1.3000000e+01   0.0000000e+00   7.6897000e-01   8.4855500e-01   3.2344412e+00   0.0000000e+00
   1.4000000e+01   0.0000000e+00   5.8177900e-01   8.4855500e-01   3.2344412e+00   0.0000000e+00
   1.5000000e+01   1.0000000e+00   7.6305700e-01   8.4855500e-01   3.2344412e+00   1.0000000e+00
   1.6000000e+01   0.0000000e+00   1.4950910e+00   8.4855500e-01   3.2344412e+00   1.0000000e+00
   1.7000000e+01   1.0000000e+00   5.2595400e-01   8.4855500e-01   3.2344412e+00   0.0000000e+00
   1.8000000e+01   0.0000000e+00   4.8853100e-01   8.4855500e-01   3.2344412e+00   0.0000000e+00
   1.9000000e+01   0.0000000e+00   1.6407000e+00   8.4855500e-01   3.2344412e+00   1.0000000e+00
   2.0000000e+01   0.0000000e+00   5.1722900e-01   8.4855500e-01   3.2344412e+00   0.0000000e+00
   2.1000000e+01   0.0000000e+00   7.1898900e-01   8.4855500e-01   3.2344412e+00   1.0000000e+00
   2.2000000e+01   1.0000000e+00   8.1462900e-01   8.4855500e-01   3.2344412e+00   1.0000000e+00
   2.3000000e+01   0.0000000e+00   4.3958400e-01   8.4855500e-01   3.2344412e+00   1.0000000e+00
   2.4000000e+01   0.0000000e+00   1.3007360e+00   8.4855500e-01   3.2344412e+00   1.0000000e+00
   2.5000000e+01   1.0000000e+00   1.5657460e+00   8.4855500e-01   3.2344412e+00   0.0000000e+00
   2.6000000e+01   0.0000000e+00   1.1062700e+00   8.4855500e-01   3.2344412e+00   1.0000000e+00
   2.7000000e+01   1.0000000e+00   2.0322830e+00   8.4855500e-01   3.2344412e+00   1.0000000e+00
   2.8000000e+01   0.0000000e+00   5.3060500e-01   8.4855500e-01   3.2344412e+00   1.0000000e+00
   2.9000000e+01   0.0000000e+00   8.1820400e-01   8.4855500e-01   3.2344412e+00   0.0000000e+00
   3.0000000e+01   1.0000000e+00   6.0631900e-01   8.4855500e-01   3.2344412e+00   0.0000000e+00
   3.1000000e+01   0.0000000e+00   1.5169520e+00   8.4855500e-01   3.2344412e+00   0.0000000e+00
   3.2000000e+01   0.0000000e+00   4.4514200e-01   8.4855500e-01   3.2344412e+00   1.0000000e+00
   3.3000000e+01   0.0000000e+00   5.5411800e-01   8.4855500e-01   3.2344412e+00   0.0000000e+00
   3.4000000e+01   0.0000000e+00   8.8240700e-01   8.4855500e-01   3.2344412e+00   0.0000000e+00
   3.5000000e+01   0.0000000e+00   7.6426100e-01   8.4855500e-01   3.2344412e+00   0.0000000e+00
   3.6000000e+01   0.0000000e+00   1.3885200e+00   8.4855500e-01   3.2344412e+00   1.0000000e+00
   3.7000000e+01   0.0000000e+00   5.8430900e-01   8.4855500e-01   3.2344412e+00   1.0000000e+00
   3.8000000e+01   1.0000000e+00   1.5112180e+00   8.4855500e-01   3.2344412e+00   0.0000000e+00
   3.9000000e+01   0.0000000e+00   1.5927420e+00   8.4855500e-01   3.2344412e+00   0.0000000e+00
   4.0000000e+01   0.0000000e+00   1.9965700e+00   8.4855500e-01   3.2344412e+00   1.0000000e+00
   4.1000000e+01   1.0000000e+00   1.0946050e+00   8.4855500e-01   3.2344412e+00   1.0000000e+00
   4.2000000e+01   0.0000000e+00   9.7109700e-01   8.4855500e-01   3.2344412e+00   1.0000000e+00
   4.3000000e+01   1.0000000e+00   7.2235300e-01   8.4855500e-01   3.2344412e+00   0.0000000e+00
   4.4000000e+01   0.0000000e+00   4.6559300e-01   8.4855500e-01   3.2344412e+00   0.0000000e+00
   4.5000000e+01   0.0000000e+00   1.4117470e+00   8.4855500e-01   3.2344412e+00   0.0000000e+00
   4.6000000e+01   0.0000000e+00   1.1806970e+00   8.4855500e-01   3.2344412e+00   0.0000000e+00
   4.7000000e+01   0.0000000e+00   1.0990850e+00   8.4855500e-01   3.2344412e+00   1.0000000e+00
   4.8000000e+01   0.0000000e+00   4.7042400e-01   8.4855500e-01   3.2344412e+00   1.0000000e+00
   4.9000000e+01   0.0000000e+00   1.5965260e+00   8.4855500e-01   3.2344412e+00   1.0000000e+00
   5.0000000e+01   0.0000000e+00   6.3184300e-01   8.4855500e-01   3.2344412e+00   1.0000000e+00
   5.1000000e+01   0.0000000e+00   1.3983820e+00   8.4855500e-01   3.2344412e+00   0.0000000e+00
   5.2000000e+01   1.0000000e+00   1.0957070e+00   8.4855500e-01   3.2344412e+00   1.0000000e+00
   5.3000000e+01   0.0000000e+00   9.7080100e-01   8.4855500e-01   3.2344412e+00   1.0000000e+00
   5.4000000e+01   1.0000000e+00   8.2307500e-01   8.4855500e-01   3.2344412e+00   1.0000000e+00
   5.5000000e+01   0.0000000e+00   4.7014400e-01   8.4855500e-01   3.2344412e+00   1.0000000e+00
   5.6000000e+01   1.0000000e+00   5.6842700e-01   8.4855500e-01   3.2344412e+00   0.0000000e+00
   5.7000000e+01   0.0000000e+00   1.0905830e+00   8.4855500e-01   3.2344412e+00   0.0000000e+00
   5.8000000e+01   0.0000000e+00   6.0140200e-01   8.4855500e-01   3.2344412e+00   1.0000000e+00
   5.9000000e+01   0.0000000e+00   7.6628200e-01   8.4855500e-01   3.2344412e+00   1.0000000e+00
   6.0000000e+01   1.0000000e+00   1.2404560e+00   8.4855500e-01   3.2344412e+00   1.0000000e+00
   6.1000000e+01   0.0000000e+00   1.5213040e+00   8.4855500e-01   3.2344412e+00   0.0000000e+00
   6.2000000e+01   0.0000000e+00   7.1418700e-01   8.4855500e-01   3.2344412e+00   1.0000000e+00
   6.3000000e+01   0.0000000e+00   5.1560800e-01   8.4855500e-01   3.2344412e+00   0.0000000e+00
   6.4000000e+01   0.0000000e+00   1.1246890e+00   8.4855500e-01   3.2344412e+00   0.0000000e+00
   6.5000000e+01   0.0000000e+00   6.1031700e-01   8.4855500e-01   3.2344412e+00   0.0000000e+00
   6.6000000e+01   1.0000000e+00   9.4978100e-01   8.4855500e-01   3.2344412e+00   0.0000000e+00
   6.7000000e+01   0.0000000e+00   7.7306100e-01   8.4855500e-01   3.2344412e+00   0.0000000e+00
   6.8000000e+01   1.0000000e+00   8.0344300e-01   8.4855500e-01   3.2344412e+00   0.0000000e+00
   6.9000000e+01   0.0000000e+00   4.7588000e-01   8.4855500e-01   3.2344412e+00   0.0000000e+00
   7.0000000e+01   1.0000000e+00   2.4210460e+00   8.4855500e-01   3.2344412e+00   1.0000000e+00
   7.1000000e+01   0.0000000e+00   7.8126400e-01   8.4855500e-01   3.2344412e+00   0.0000000e+00
   7.2000000e+01   1.0000000e+00   4.6322300e-01   8.4855500e-01   3.2344412e+00   1.0000000e+00
   7.3000000e+01   0.0000000e+00   1.1503540e+00   8.4855500e-01   3.2344412e+00   1.0000000e+00
   7.4000000e+01   0.0000000e+00   1.3481810e+00   8.4855500e-01   3.2344412e+00   1.0000000e+00
   7.5000000e+01   0.0000000e+00   4.6784800e-01   8.4855500e-01   3.2344412e+00   0.0000000e+00
   7.6000000e+01   0.0000000e+00   6.2627200e-01   8.4855500e-01   3.2344412e+00   1.0000000e+00
   7.7000000e+01   1.0000000e+00   9.5295400e-01   8.4855500e-01   3.2344412e+00   0.0000000e+00
   7.8000000e+01   0.0000000e+00   1.8041330e+00   8.4855500e-01   3.2344412e+00   0.0000000e+00
   7.9000000e+01   0.0000000e+00   5.2787100e-01   8.4855500e-01   3.2344412e+00   1.0000000e+00
   8.0000000e+01   1.0000000e+00   1.2209770e+00   8.4855500e-01   3.2344412e+00   1.0000000e+00
   8.1000000e+01   0.0000000e+00   8.3256400e-01   8.4855500e-01   3.2344412e+00   0.0000000e+00
   8.2000000e+01   0.0000000e+00   9.1509500e-01   8.4855500e-01   3.2344412e+00   1.0000000e+00
   8.3000000e+01   1.0000000e+00   5.5366600e-01   8.4855500e-01   3.2344412e+00   0.0000000e+00
   8.4000000e+01   0.0000000e+00   9.3525300e-01   8.4855500e-01   3.2344412e+00   0.0000000e+00
   8.5000000e+01   1.0000000e+00   5.4212600e-01   8.4855500e-01   3.2344412e+00   0.0000000e+00
   8.6000000e+01   0.0000000e+00   6.6881800e-01   8.4855500e-01   3.2344412e+00   0.0000000e+00
   8.7000000e+01   0.0000000e+00   5.6897800e-01   8.4855500e-01   3.2344412e+00   0.0000000e+00
   8.8000000e+01   1.0000000e+00   4.5284400e-01   8.4855500e-01   3.2344412e+00   1.0000000e+00
   8.9000000e+01   0.0000000e+00   1.1024740e+00   8.4855500e-01   3.2344412e+00   1.0000000e+00
   9.0000000e+01   0.0000000e+00   6.5322400e-01   8.4855500e-01   3.2344412e+00   1.0000000e+00
   9.1000000e+01   0.0000000e+00   1.4906550e+00   8.4855500e-01   3.2344412e+00   1.0000000e+00
   9.2000000e+01   0.0000000e+00   4.4168100e-01   8.4855500e-01   3.2344412e+00   1.0000000e+00
   9.3000000e+01   0.0000000e+00   1.4499210e+00   8.4855500e-01   3.2344412e+00   0.0000000e+00
   9.4000000e+01   0.0000000e+00   4.6241300e-01   8.4855500e-01   3.2344412e+00   0.0000000e+00
   9.5000000e+01   0.0000000e+00   6.0645600e-01   8.4855500e-01   3.2344412e+00   0.0000000e+00
   9.6000000e+01   1.0000000e+00   6.8293000e-01   8.4855500e-01   3.2344412e+00   0.0000000e+00
   9.7000000e+01   1.0000000e+00   4.4883100e-01   8.4855500e-01   3.2344412e+00   1.0000000e+00
   9.8000000e+01   0.0000000e+00   6.5681200e-01   8.4855500e-01   3.2344412e+00   1.0000000e+00
   9.9000000e+01   0.0000000e+00   4.5685800e-01   8.4855500e-01   3.2344412e+00   1.0000000e+00
   1.0000000e+02   0.0000000e+00   1.5999940e+00   8.4855500e-01   3.2344412e+00   0.0000000e+00
   1.0100000e+02   0.0000000e+00   7.9167800e-01   8.4855500e-01   3.2344412e+00   0.0000000e+00
   1.0200000e+02   0.0000000e+00   4.9061900e-01   8.4855500e-01   3.2344412e+00   1.0000000e+00
   1.0300000e+02   0.0000000e+00   5.2390200e-01   8.4855500e-01   3.2344412e+00   0.0000000e+00
   1.0400000e+02   1.0000000e+00   5.2568000e-01   8.4855500e-01   3.2344412e+00   0.0000000e+00
   1.0500000e+02   0.0000000e+00   1.2773460e+00   8.4855500e-01   3.2344412e+00   1.0000000e+00
   1.0600000e+02   1.0000000e+00   1.1030420e+00   8.4855500e-01   3.2344412e+00   1.0000000e+00
   1.0700000e+02   0.0000000e+00   4.7721800e-01   8.4855500e-01   3.2344412e+00   0.0000000e+00
   1.0800000e+02   0.0000000e+00   1.3968710e+00   8.4855500e-01   3.2344412e+00   1.0000000e+00
   1.0900000e+02   0.0000000e+00   9.7109000e-01   8.4855500e-01   3.2344412e+00   0.0000000e+00
   1.1000000e+02   1.0000000e+00   7.8794100e-01   8.4855500e-01   3.2344412e+00   1.0000000e+00
   1.1100000e+02   1.0000000e+00   7.7862200e-01   8.4855500e-01   3.2344412e+00   0.0000000e+00
   1.1200000e+02   0.0000000e+00   5.1458900e-01   8.4855500e-01   3.2344412e+00   0.0000000e+00
   1.1300000e+02   1.0000000e+00   7.5921000e-01   8.4855500e-01   3.2344412e+00   1.0000000e+00
   1.1400000e+02   0.0000000e+00   8.6646400e-01   8.4855500e-01   3.2344412e+00   1.0000000e+00
   1.1500000e+02   0.0000000e+00   9.6961000e-01   8.4855500e-01   3.2344412e+00   0.0000000e+00
   1.1600000e+02   0.0000000e+00   6.9299500e-01   8.4855500e-01   3.2344412e+00   0.0000000e+00
   1.1700000e+02   0.0000000e+00   7.3600800e-01   8.4855500e-01   3.2344412e+00   1.0000000e+00
   1.1800000e+02   0.0000000e+00   5.4372100e-01   8.4855500e-01   3.2344412e+00   0.0000000e+00
   1.1900000e+02   0.0000000e+00   2.9191800e+00   8.4855500e-01   3.2344412e+00   0.0000000e+00
   1.2000000e+02   1.0000000e+00   1.1260260e+00   8.4855500e-01   3.2344412e+00   0.0000000e+00
   1.2100000e+02   0.0000000e+00   6.5940400e-01   8.4855500e-01   3.2344412e+00   1.0000000e+00
   1.2200000e+02   0.0000000e+00   1.7657570e+00   8.4855500e-01   3.2344412e+00   0.0000000e+00
   1.2300000e+02   0.0000000e+00   1.4067770e+00   8.4855500e-01   3.2344412e+00   0.0000000e+00
   1.2400000e+02   1.0000000e+00   1.5210090e+00   8.4855500e-01   3.2344412e+00   0.0000000e+00
   1.2500000e+02   0.0000000e+00   5.5329300e-01   8.4855500e-01   3.2344412e+00   0.0000000e+00
   1.2600000e+02   1.0000000e+00   5.9204000e-01   8.4855500e-01   3.2344412e+00   1.0000000e+00
   1.2700000e+02   0.0000000e+00   4.7269200e-01   8.4855500e-01   3.2344412e+00   1.0000000e+00
   1.2800000e+02   1.0000000e+00   4.6425800e-01   8.4855500e-01   3.2344412e+00   0.0000000e+00
   1.2900000e+02   0.0000000e+00   1.2103600e+00   8.4855500e-01   3.2344412e+00   1.0000000e+00
   1.3000000e+02   1.0000000e+00   4.4219600e-01   8.4855500e-01   3.2344412e+00   1.0000000e+00
   1.3100000e+02   0.0000000e+00   1.6048530e+00   8.4855500e-01   3.2344412e+00   1.0000000e+00
   1.3200000e+02   0.0000000e+00   7.9884000e-01   8.4855500e-01   3.2344412e+00   1.0000000e+00
   1.3300000e+02   0.0000000e+00   1.3312480e+00   8.4855500e-01   3.2344412e+00   1.0000000e+00
   1.3400000e+02   0.0000000e+00   4.9321000e-01   8.4855500e-01   3.2344412e+00   1.0000000e+00
   1.3500000e+02   1.0000000e+00   5.0160100e-01   8.4855500e-01   3.2344412e+00   1.0000000e+00
   1.3600000e+02   1.0000000e+00   1.6589040e+00   8.4855500e-01   3.2344412e+00   0.0000000e+00
