1	0	0.668865	0.860052	2.7022289222	1
2	0	0.784320	0.860052	2.7022289222	1
3	1	0.590619	0.860052	2.7022289222	1
4	0	1.311269	0.860052	2.7022289222	1
5	0	0.611989	0.860052	2.7022289222	1
6	1	1.415768	0.860052	2.7022289222	0
7	1	1.257941	0.860052	2.7022289222	1
8	0	0.731329	0.860052	2.7022289222	0
9	0	0.632970	0.860052	2.7022289222	0
10	0	0.624113	0.860052	2.7022289222	0
11	1	0.633275	0.860052	2.7022289222	0
12	0	1.059778	0.860052	2.7022289222	0
13	0	0.735520	0.860052	2.7022289222	1
14	0	2.120049	0.860052	2.7022289222	0
15	0	0.879921	0.860052	2.7022289222	1
16	1	2.710892	0.860052	2.7022289222	0
17	0	0.738849	0.860052	2.7022289222	1
18	1	0.729775	0.860052	2.7022289222	1
19	0	0.857936	0.860052	2.7022289222	0
20	0	1.377897	0.860052	2.7022289222	1
21	0	2.252176	0.860052	2.7022289222	1
22	0	0.543259	0.860052	2.7022289222	1
23	1	0.616434	0.860052	2.7022289222	0
24	0	1.704671	0.860052	2.7022289222	0
25	0	1.168820	0.860052	2.7022289222	0
26	0	0.798207	0.860052	2.7022289222	0
27	0	0.802592	0.860052	2.7022289222	1
28	1	0.696161	0.860052	2.7022289222	1
29	0	0.549301	0.860052	2.7022289222	1
30	0	0.849334	0.860052	2.7022289222	0
31	0	0.896017	0.860052	2.7022289222	0
32	0	1.628937	0.860052	2.7022289222	1
33	1	0.663667	0.860052	2.7022289222	0
34	0	0.853188	0.860052	2.7022289222	0
35	0	0.796565	0.860052	2.7022289222	0
36	1	0.662294	0.860052	2.7022289222	1
37	0	1.188269	0.860052	2.7022289222	1
38	0	0.691913	0.860052	2.7022289222	0
39	0	0.626055	0.860052	2.7022289222	0
40	0	0.508854	0.860052	2.7022289222	1
41	1	0.539924	0.860052	2.7022289222	1
42	0	1.172545	0.860052	2.7022289222	0
43	1	0.592074	0.860052	2.7022289222	0
44	0	0.749995	0.860052	2.7022289222	1
45	1	0.845619	0.860052	2.7022289222	1
46	0	0.970296	0.860052	2.7022289222	1
47	0	0.794297	0.860052	2.7022289222	0
48	0	0.915603	0.860052	2.7022289222	1
49	0	0.583084	0.860052	2.7022289222	1
50	0	0.900375	0.860052	2.7022289222	1
51	1	1.857099	0.860052	2.7022289222	0
52	0	0.620502	0.860052	2.7022289222	0
53	0	0.856124	0.860052	2.7022289222	0
54	0	1.395565	0.860052	2.7022289222	1
55	1	1.056910	0.860052	2.7022289222	0
56	0	2.533693	0.860052	2.7022289222	1
57	0	0.870391	0.860052	2.7022289222	0
58	0	0.513482	0.860052	2.7022289222	0
59	1	2.523774	0.860052	2.7022289222	1
60	0	1.614134	0.860052	2.7022289222	1
61	0	1.089761	0.860052	2.7022289222	1
62	0	2.152997	0.860052	2.7022289222	0
63	0	1.169271	0.860052	2.7022289222	0
64	0	1.679596	0.860052	2.7022289222	1
65	0	0.529379	0.860052	2.7022289222	0
66	1	0.792821	0.860052	2.7022289222	0
67	1	0.680789	0.860052	2.7022289222	1
68	0	0.570541	0.860052	2.7022289222	0
69	0	0.593326	0.860052	2.7022289222	0
70	0	0.591946	0.860052	2.7022289222	1
71	0	1.135463	0.860052	2.7022289222	0
72	0	1.614556	0.860052	2.7022289222	0
73	1	0.634263	0.860052	2.7022289222	1
74	1	1.276078	0.860052	2.7022289222	0
75	0	0.587797	0.860052	2.7022289222	1
76	0	0.602140	0.860052	2.7022289222	0
77	1	0.535683	0.860052	2.7022289222	0
78	0	1.297951	0.860052	2.7022289222	1
79	0	0.657959	0.860052	2.7022289222	1
80	0	0.586648	0.860052	2.7022289222	1
81	1	0.891794	0.860052	2.7022289222	1
82	0	0.550860	0.860052	2.7022289222	0
83	0	0.584018	0.860052	2.7022289222	1
84	0	2.556493	0.860052	2.7022289222	1
85	0	0.881684	0.860052	2.7022289222	1
86	1	0.500611	0.860052	2.7022289222	0
87	0	0.543693	0.860052	2.7022289222	0
88	1	0.689250	0.860052	2.7022289222	1
89	0	1.091163	0.860052	2.7022289222	0
90	0	1.017680	0.860052	2.7022289222	1
91	0	1.719324	0.860052	2.7022289222	0
92	1	0.961287	0.860052	2.7022289222	1
93	0	1.314879	0.860052	2.7022289222	0
94	1	0.649864	0.860052	2.7022289222	0
95	0	1.618224	0.860052	2.7022289222	0
96	1	1.033856	0.860052	2.7022289222	1
97	0	0.563624	0.860052	2.7022289222	0
98	0	0.501977	0.860052	2.7022289222	1
99	0	1.026357	0.860052	2.7022289222	0
100	0	1.070964	0.860052	2.7022289222	1
101	0	0.630416	0.860052	2.7022289222	1
102	1	1.681570	0.860052	2.7022289222	0
103	0	0.538647	0.860052	2.7022289222	1
104	0	0.872860	0.860052	2.7022289222	0
105	1	0.829401	0.860052	2.7022289222	1
106	0	1.456875	0.860052	2.7022289222	1
107	0	1.423264	0.860052	2.7022289222	0
108	0	0.770650	0.860052	2.7022289222	0
109	1	0.834436	0.860052	2.7022289222	0
110	0	1.957815	0.860052	2.7022289222	1
111	0	1.362644	0.860052	2.7022289222	0
112	0	1.686512	0.860052	2.7022289222	0
113	1	1.751468	0.860052	2.7022289222	0
114	0	2.081933	0.860052	2.7022289222	1
115	1	0.545435	0.860052	2.7022289222	1
116	0	0.656685	0.860052	2.7022289222	1
117	0	0.760997	0.860052	2.7022289222	1
118	1	1.455790	0.860052	2.7022289222	0
119	0	0.540029	0.860052	2.7022289222	0
120	0	0.511926	0.860052	2.7022289222	1
121	0	0.786757	0.860052	2.7022289222	1
122	1	0.516342	0.860052	2.7022289222	1
123	0	0.581185	0.860052	2.7022289222	0
124	1	2.334752	0.860052	2.7022289222	1
125	0	0.743626	0.860052	2.7022289222	1
126	0	0.662043	0.860052	2.7022289222	0
127	0	0.656045	0.860052	2.7022289222	1
128	0	1.352785	0.860052	2.7022289222	0
129	1	0.858759	0.860052	2.7022289222	0
130	0	0.932035	0.860052	2.7022289222	1
131	1	0.780707	0.860052	2.7022289222	1
132	0	0.655908	0.860052	2.7022289222	0
133	1	0.707289	0.860052	2.7022289222	0
134	0	0.594559	0.860052	2.7022289222	0
135	1	1.503524	0.860052	2.7022289222	0
136	1	0.562497	0.860052	2.7022289222	1
