1	0	3.732145	0.821154	3.0403637067	0
2	0	1.625828	0.821154	3.0403637067	0
3	0	1.082114	0.821154	3.0403637067	1
4	0	0.878454	0.821154	3.0403637067	1
5	1	1.338817	0.821154	3.0403637067	0
6	0	0.506690	0.821154	3.0403637067	1
7	0	0.655936	0.821154	3.0403637067	0
8	0	0.673407	0.821154	3.0403637067	0
9	1	1.307342	0.821154	3.0403637067	1
10	0	1.063637	0.821154	3.0403637067	1
11	1	0.550388	0.821154	3.0403637067	0
12	0	0.527228	0.821154	3.0403637067	0
13	0	1.370083	0.821154	3.0403637067	0
14	0	3.121858	0.821154	3.0403637067	0
15	1	0.656790	0.821154	3.0403637067	1
16	0	0.687700	0.821154	3.0403637067	1
17	1	0.841939	0.821154	3.0403637067	1
18	0	1.462622	0.821154	3.0403637067	1
19	0	0.600198	0.821154	3.0403637067	1
20	1	2.277241	0.821154	3.0403637067	0
21	0	1.164187	0.821154	3.0403637067	0
22	1	0.763916	0.821154	3.0403637067	1
23	0	0.542411	0.821154	3.0403637067	1
24	0	0.864672	0.821154	3.0403637067	1
25	0	0.568891	0.821154	3.0403637067	1
26	0	0.813046	0.821154	3.0403637067	0
27	0	0.822554	0.821154	3.0403637067	0
28	0	2.604552	0.821154	3.0403637067	1
29	1	0.790120	0.821154	3.0403637067	0
30	0	2.706289	0.821154	3.0403637067	0
31	1	0.875832	0.821154	3.0403637067	1
32	0	0.612422	0.821154	3.0403637067	1
33	1	0.670854	0.821154	3.0403637067	0
34	0	1.475855	0.821154	3.0403637067	0
35	0	0.540918	0.821154	3.0403637067	1
36	0	0.869225	0.821154	3.0403637067	0
37	0	2.225271	0.821154	3.0403637067	1
38	0	0.754222	0.821154	3.0403637067	0
39	0	0.639952	0.821154	3.0403637067	1
40	1	1.447948	0.821154	3.0403637067	0
41	0	1.887138	0.821154	3.0403637067	0
42	1	0.921632	0.821154	3.0403637067	1
43	0	1.121269	0.821154	3.0403637067	1
44	0	0.618631	0.821154	3.0403637067	1
45	0	0.569456	0.821154	3.0403637067	0
46	1	1.375393	0.821154	3.0403637067	0
47	1	0.780943	0.821154	3.0403637067	1
48	0	0.539124	0.821154	3.0403637067	1
49	0	0.875610	0.821154	3.0403637067	0
50	0	0.556762	0.821154	3.0403637067	1
51	1	0.508288	0.821154	3.0403637067	1
52	0	0.774553	0.821154	3.0403637067	1
53	0	0.659305	0.821154	3.0403637067	1
54	0	0.810031	0.821154	3.0403637067	0
55	0	1.725508	0.821154	3.0403637067	0
56	0	0.723656	0.821154	3.0403637067	0
57	1	1.130326	0.821154	3.0403637067	0
58	0	0.845296	0.821154	3.0403637067	0
59	1	1.930814	0.821154	3.0403637067	1
60	0	1.158620	0.821154	3.0403637067	1
61	1	2.260667	0.821154	3.0403637067	0
62	0	0.510064	0.821154	3.0403637067	0
63	1	0.539976	0.821154	3.0403637067	0
64	0	0.596934	0.821154	3.0403637067	0
65	1	0.746960	0.821154	3.0403637067	1
66	0	0.503550	0.821154	3.0403637067	1
67	0	0.715955	0.821154	3.0403637067	1
68	0	0.664788	0.821154	3.0403637067	0
69	0	0.783073	0.821154	3.0403637067	0
70	0	0.552931	0.821154	3.0403637067	0
71	0	1.091944	0.821154	3.0403637067	1
72	1	0.702696	0.821154	3.0403637067	1
73	1	0.509640	0.821154	3.0403637067	0
74	0	0.572407	0.821154	3.0403637067	0
75	0	0.746218	0.821154	3.0403637067	1
76	0	1.113140	0.821154	3.0403637067	0
77	1	0.862939	0.821154	3.0403637067	1
78	0	1.319243	0.821154	3.0403637067	0
79	0	0.673184	0.821154	3.0403637067	1
80	0	0.562906	0.821154	3.0403637067	1
81	0	1.558779	0.821154	3.0403637067	1
82	1	2.204287	0.821154	3.0403637067	0
83	0	1.943109	0.821154	3.0403637067	1
84	0	0.741634	0.821154	3.0403637067	1
85	0	0.768042	0.821154	3.0403637067	1
86	0	0.878355	0.821154	3.0403637067	0
87	0	0.668009	0.821154	3.0403637067	0
88	1	0.751087	0.821154	3.0403637067	0
89	0	1.374578	0.821154	3.0403637067	1
90	1	1.384808	0.821154	3.0403637067	1
91	0	2.022955	0.821154	3.0403637067	0
92	0	0.600296	0.821154	3.0403637067	0
93	0	0.565637	0.821154	3.0403637067	1
94	0	1.026065	0.821154	3.0403637067	0
95	0	0.513974	0.821154	3.0403637067	1
96	1	0.578497	0.821154	3.0403637067	0
97	0	0.671862	0.821154	3.0403637067	0
98	1	1.158211	0.821154	3.0403637067	1
99	0	0.558217	0.821154	3.0403637067	0
100	0	0.736757	0.821154	3.0403637067	1
101	1	1.061392	0.821154	3.0403637067	0
102	0	0.741349	0.821154	3.0403637067	1
103	0	0.549251	0.821154	3.0403637067	0
104	0	0.627975	0.821154	3.0403637067	0
105	0	0.513372	0.821154	3.0403637067	0
106	1	0.952125	0.821154	3.0403637067	1
107	0	0.954141	0.821154	3.0403637067	0
108	1	0.528929	0.821154	3.0403637067	1
109	0	0.950202	0.821154	3.0403637067	1
110	1	0.735287	0.821154	3.0403637067	0
111	0	0.887932	0.821154	3.0403637067	0
112	0	1.263076	0.821154	3.0403637067	0
113	0	0.659427	0.821154	3.0403637067	1
114	0	0.599656	0.821154	3.0403637067	1
115	1	0.644744	0.821154	3.0403637067	1
116	0	0.578960	0.821154	3.0403637067	1
117	0	1.953044	0.821154	3.0403637067	0
118	1	1.388047	0.821154	3.0403637067	0
119	0	0.712927	0.821154	3.0403637067	0
120	0	0.535189	0.821154	3.0403637067	0
121	1	2.490590	0.821154	3.0403637067	0
122	0	0.732018	0.821154	3.0403637067	1
123	0	0.610770	0.821154	3.0403637067	1
124	0	1.067367	0.821154	3.0403637067	1
125	0	0.566509	0.821154	3.0403637067	1
126	1	1.503824	0.821154	3.0403637067	1
127	0	0.505927	0.821154	3.0403637067	0
128	1	0.518905	0.821154	3.0403637067	0
129	0	1.640249	0.821154	3.0403637067	1
130	0	0.773503	0.821154	3.0403637067	0
131	0	0.683979	0.821154	3.0403637067	1
132	1	0.997525	0.821154	3.0403637067	1
133	0	0.910592	0.821154	3.0403637067	0
134	1	0.845497	0.821154	3.0403637067	1
135	1	0.698801	0.821154	3.0403637067	0
136	0	1.656634	0.821154	3.0403637067	1
