   1.0000000e+00   0.0000000e+00   1.1138580e+00   8.3316800e-01   2.7363523e+00   0.0000000e+00
   2.0000000e+00   0.0000000e+00   1.7690480e+00   8.3316800e-01   2.7363523e+00   0.0000000e+00
   3.0000000e+00   1.0000000e+00   6.4106700e-01   8.3316800e-01   2.7363523e+00   1.0000000e+00
   4.0000000e+00   1.0000000e+00   4.4584800e-01   8.3316800e-01   2.7363523e+00   0.0000000e+00
   5.0000000e+00   0.0000000e+00   6.2025700e-01   8.3316800e-01   2.7363523e+00   1.0000000e+00
   6.0000000e+00   0.0000000e+00   6.9977500e-01   8.3316800e-01   2.7363523e+00   1.0000000e+00
   7.0000000e+00   1.0000000e+00   6.0975300e-01   8.3316800e-01   2.7363523e+00   1.0000000e+00
   8.0000000e+00   0.0000000e+00   5.3369100e-01   8.3316800e-01   2.7363523e+00   0.0000000e+00
   9.0000000e+00   0.0000000e+00   7.0149300e-01   8.3316800e-01   2.7363523e+00   0.0000000e+00
   1.0000000e+01   0.0000000e+00   5.6317400e-01   8.3316800e-01   2.7363523e+00   0.0000000e+00
   1.1000000e+01   0.0000000e+00   6.6830600e-01   8.3316800e-01   2.7363523e+00   0.0000000e+00
   1.2000000e+01   1.0000000e+00   7.6037500e-01   8.3316800e-01   2.7363523e+00   0.0000000e+00
   1.3000000e+01   0.0000000e+00   1.7462560e+00   8.3316800e-01   2.7363523e+00   1.0000000e+00
   1.4000000e+01   0.0000000e+00   1.0736220e+00   8.3316800e-01   2.7363523e+00   1.0000000e+00
   1.5000000e+01   0.0000000e+00   4.4661700e-01   8.3316800e-01   2.7363523e+00   1.0000000e+00
   1.6000000e+01   0.0000000e+00   6.0817200e-01   8.3316800e-01   2.7363523e+00   0.0000000e+00
   1.7000000e+01   1.0000000e+00   6.3661800e-01   8.3316800e-01   2.7363523e+00   0.0000000e+00
   1.8000000e+01   0.0000000e+00   8.3919700e-01   8.3316800e-01   2.7363523e+00   1.0000000e+00
   1.9000000e+01   1.0000000e+00   2.9479640e+00   8.3316800e-01   2.7363523e+00   1.0000000e+00
   2.0000000e+01   0.0000000e+00   5.4658800e-01   8.3316800e-01   2.7363523e+00   0.0000000e+00
   2.1000000e+01   0.0000000e+00   1.3667890e+00   8.3316800e-01   2.7363523e+00   0.0000000e+00
   2.2000000e+01   0.0000000e+00   4.6033400e-01   8.3316800e-01   2.7363523e+00   1.0000000e+00
   2.3000000e+01   0.0000000e+00   2.7443890e+00   8.3316800e-01   2.7363523e+00   0.0000000e+00
   2.4000000e+01   1.0000000e+00   5.4417700e-01   8.3316800e-01   2.7363523e+00   0.0000000e+00
   2.5000000e+01   1.0000000e+00   4.7030800e-01   8.3316800e-01   2.7363523e+00   1.0000000e+00
   2.6000000e+01   0.0000000e+00   4.6050900e-01   8.3316800e-01   2.7363523e+00   1.0000000e+00
   2.7000000e+01   0.0000000e+00   6.6279400e-01   8.3316800e-01   2.7363523e+00   0.0000000e+00
   2.8000000e+01   0.0000000e+00   5.7476900e-01   8.3316800e-01   2.7363523e+00   0.0000000e+00
   2.9000000e+01   0.0000000e+00   1.6880170e+00   8.3316800e-01   2.7363523e+00   1.0000000e+00
   3.0000000e+01   1.0000000e+00   7.0593900e-01   8.3316800e-01   2.7363523e+00   0.0000000e+00
   3.1000000e+01   0.0000000e+00   1.0047520e+00   8.3316800e-01   2.7363523e+00   1.0000000e+00
   3.2000000e+01   1.0000000e+00   1.1432110e+00   8.3316800e-01   2.7363523e+00   1.0000000e+00
   3.3000000e+01   0.0000000e+00   1.0875480e+00   8.3316800e-01   2.7363523e+00   1.0000000e+00
   3.4000000e+01   1.0000000e+00   7.9262200e-01   8.3316800e-01   2.7363523e+00   1.0000000e+00
   3.5000000e+01   0.0000000e+00   1.4418400e+00   8.3316800e-01   2.7363523e+00   0.0000000e+00
   3.6000000e+01   0.0000000e+00   1.2605720e+00   8.3316800e-01   2.7363523e+00   1.0000000e+00
   3.7000000e+01   0.0000000e+00   5.9933800e-01   8.3316800e-01   2.7363523e+00   0.0000000e+00
   3.8000000e+01   1.0000000e+00   7.6770600e-01   8.3316800e-01   2.7363523e+00   0.0000000e+00
   3.9000000e+01   0.0000000e+00   2.9824130e+00   8.3316800e-01   2.7363523e+00   1.0000000e+00
   4.0000000e+01   0.0000000e+00   4.5831800e-01   8.3316800e-01   2.7363523e+00   1.0000000e+00
   4.1000000e+01   0.0000000e+00   1.2520070e+00   8.3316800e-01   2.7363523e+00   1.0000000e+00
   4.2000000e+01   0.0000000e+00   5.9597200e-01   8.3316800e-01   2.7363523e+00   1.0000000e+00
   4.3000000e+01   1.0000000e+00   6.3302900e-01   8.3316800e-01   2.7363523e+00   1.0000000e+00
   4.4000000e+01   0.0000000e+00   5.4284700e-01   8.3316800e-01   2.7363523e+00   0.0000000e+00
   4.5000000e+01   0.0000000e+00   5.4724800e-01   8.3316800e-01   2.7363523e+00   1.0000000e+00
   4.6000000e+01   0.0000000e+00   1.0657560e+00   8.3316800e-01   2.7363523e+00   1.0000000e+00
   4.7000000e+01   1.0000000e+00   5.7249700e-01   8.3316800e-01   2.7363523e+00   0.0000000e+00
   4.8000000e+01   0.0000000e+00   5.4502700e-01   8.3316800e-01   2.7363523e+00   0.0000000e+00
   4.9000000e+01   1.0000000e+00   1.3925170e+00   8.3316800e-01   2.7363523e+00   0.0000000e+00
   5.0000000e+01   0.0000000e+00   7.8198600e-01   8.3316800e-01   2.7363523e+00   0.0000000e+00
   5.1000000e+01   0.0000000e+00   4.9757000e-01   8.3316800e-01   2.7363523e+00   1.0000000e+00
   5.2000000e+01   1.0000000e+00   4.5038900e-01   8.3316800e-01   2.7363523e+00   1.0000000e+00
   5.3000000e+01   0.0000000e+00   4.5833700e-01   8.3316800e-01   2.7363523e+00   1.0000000e+00
   5.4000000e+01   0.0000000e+00   7.2874100e-01   8.3316800e-01   2.7363523e+00   1.0000000e+00
   5.5000000e+01   0.0000000e+00   1.6121600e+00   8.3316800e-01   2.7363523e+00   0.0000000e+00
   5.6000000e+01   0.0000000e+00   9.8528000e-01   8.3316800e-01   2.7363523e+00   0.0000000e+00
   5.7000000e+01   1.0000000e+00   9.7291100e-01   8.3316800e-01   2.7363523e+00   0.0000000e+00
   5.8000000e+01   0.0000000e+00   9.8768200e-01   8.3316800e-01   2.7363523e+00   1.0000000e+00
   5.9000000e+01   0.0000000e+00   1.2011320e+00   8.3316800e-01   2.7363523e+00   0.0000000e+00
   6.0000000e+01   1.0000000e+00   9.3846300e-01   8.3316800e-01   2.7363523e+00   1.0000000e+00
   6.1000000e+01   0.0000000e+00   5.7613400e-01   8.3316800e-01   2.7363523e+00   1.0000000e+00
   6.2000000e+01   1.0000000e+00   6.2349400e-01   8.3316800e-01   2.7363523e+00   1.0000000e+00
   6.3000000e+01   0.0000000e+00   6.9546500e-01   8.3316800e-01   2.7363523e+00   0.0000000e+00
   6.4000000e+01   0.0000000e+00   4.3878800e-01   8.3316800e-01   2.7363523e+00   0.0000000e+00
   6.5000000e+01   0.0000000e+00   1.0928680e+00   8.3316800e-01   2.7363523e+00   0.0000000e+00
   6.6000000e+01   0.0000000e+00   6.6922500e-01   8.3316800e-01   2.7363523e+00   0.0000000e+00
   6.7000000e+01   1.0000000e+00   1.3123270e+00   8.3316800e-01   2.7363523e+00   0.0000000e+00
   6.8000000e+01   0.0000000e+00   7.0598200e-01   8.3316800e-01   2.7363523e+00   1.0000000e+00
   6.9000000e+01   0.0000000e+00   1.7273040e+00   8.3316800e-01   2.7363523e+00   0.0000000e+00
   7.0000000e+01   0.0000000e+00   1.0730280e+00   8.3316800e-01   2.7363523e+00   1.0000000e+00
   7.1000000e+01   1.0000000e+00   1.9472110e+00   8.3316800e-01   2.7363523e+00   0.0000000e+00
   7.2000000e+01   0.0000000e+00   1.3150460e+00   8.3316800e-01   2.7363523e+00   0.0000000e+00
   7.3000000e+01   1.0000000e+00   5.8862700e-01   8.3316800e-01   2.7363523e+00   1.0000000e+00
   7.4000000e+01   0.0000000e+00   7.8019200e-01   8.3316800e-01   2.7363523e+00   0.0000000e+00
   7.5000000e+01   1.0000000e+00   6.4757500e-01   8.3316800e-01   2.7363523e+00   0.0000000e+00
   7.6000000e+01   0.0000000e+00   7.0336200e-01   8.3316800e-01   2.7363523e+00   1.0000000e+00
   7.7000000e+01   0.0000000e+00   1.1323520e+00   8.3316800e-01   2.7363523e+00   1.0000000e+00
   7.8000000e+01   0.0000000e+00   1.1944870e+00   8.3316800e-01   2.7363523e+00   0.0000000e+00
   7.9000000e+01   0.0000000e+00   5.1156900e-01   8.3316800e-01   2.7363523e+00   0.0000000e+00
   8.0000000e+01   0.0000000e+00   5.1369200e-01   8.3316800e-01   2.7363523e+00   0.0000000e+00
   8.1000000e+01   1.0000000e+00   1.0810640e+00   8.3316800e-01   2.7363523e+00   1.0000000e+00
   8.2000000e+01   0.0000000e+00   1.3939610e+00   8.3316800e-01   2.7363523e+00   1.0000000e+00
   8.3000000e+01   0.0000000e+00   6.2417600e-01   8.3316800e-01   2.7363523e+00   0.0000000e+00
   8.4000000e+01   0.0000000e+00   1.4242450e+00   8.3316800e-01   2.7363523e+00   0.0000000e+00
   8.5000000e+01   0.0000000e+00   2.2168350e+00   8.3316800e-01   2.7363523e+00   1.0000000e+00
   8.6000000e+01   0.0000000e+00   1.1031450e+00   8.3316800e-01   2.7363523e+00   0.0000000e+00
   8.7000000e+01   1.0000000e+00   1.3370800e+00   8.3316800e-01   2.7363523e+00   1.0000000e+00
   8.8000000e+01   0.0000000e+00   4.6123800e-01   8.3316800e-01   2.7363523e+00   1.0000000e+00
   8.9000000e+01   1.0000000e+00   1.6860120e+00   8.3316800e-01   2.7363523e+00   0.0000000e+00
   9.0000000e+01   1.0000000e+00   1.7417110e+00   8.3316800e-01   2.7363523e+00   1.0000000e+00
   9.1000000e+01   0.0000000e+00   4.4341100e-01   8.3316800e-01   2.7363523e+00   0.0000000e+00
   9.2000000e+01   1.0000000e+00   1.3811730e+00   8.3316800e-01   2.7363523e+00   0.0000000e+00
   9.3000000e+01   0.0000000e+00   6.8251800e-01   8.3316800e-01   2.7363523e+00   1.0000000e+00
   9.4000000e+01   0.0000000e+00   6.5720300e-01   8.3316800e-01   2.7363523e+00   0.0000000e+00
   9.5000000e+01   1.0000000e+00   7.1363800e-01   8.3316800e-01   2.7363523e+00   1.0000000e+00
   9.6000000e+01   0.0000000e+00   6.9201400e-01   8.3316800e-01   2.7363523e+00   1.0000000e+00
   9.7000000e+01   0.0000000e+00   9.6803000e-01   8.3316800e-01   2.7363523e+00   1.0000000e+00
   9.8000000e+01   0.0000000e+00   8.3903300e-01   8.3316800e-01   2.7363523e+00   1.0000000e+00
   9.9000000e+01   0.0000000e+00   4.6185400e-01   8.3316800e-01   2.7363523e+00   0.0000000e+00
   1.0000000e+02   0.0000000e+00   9.7362100e-01   8.3316800e-01   2.7363523e+00   1.0000000e+00
   1.0100000e+02   1.0000000e+00   7.4124500e-01   8.3316800e-01   2.7363523e+00   0.0000000e+00
   1.0200000e+02   0.0000000e+00   5.6865500e-01   8.3316800e-01   2.7363523e+00   1.0000000e+00
   1.0300000e+02   0.0000000e+00   1.3930590e+00   8.3316800e-01   2.7363523e+00   0.0000000e+00
   1.0400000e+02   1.0000000e+00   1.5582590e+00   8.3316800e-01   2.7363523e+00   0.0000000e+00
   1.0500000e+02   0.0000000e+00   1.7309940e+00   8.3316800e-01   2.7363523e+00   1.0000000e+00
   1.0600000e+02   1.0000000e+00   7.6752400e-01   8.3316800e-01   2.7363523e+00   1.0000000e+00
   1.0700000e+02   0.0000000e+00   1.8018140e+00   8.3316800e-01   2.7363523e+00   0.0000000e+00
   1.0800000e+02   0.0000000e+00   1.0973460e+00   8.3316800e-01   2.7363523e+00   1.0000000e+00
   1.0900000e+02   0.0000000e+00   5.5120800e-01   8.3316800e-01   2.7363523e+00   0.0000000e+00
   1.1000000e+02   0.0000000e+00   4.7559900e-01   8.3316800e-01   2.7363523e+00   0.0000000e+00
   1.1100000e+02   1.0000000e+00   7.7079900e-01   8.3316800e-01   2.7363523e+00   0.0000000e+00
   1.1200000e+02   0.0000000e+00   4.8612400e-01   8.3316800e-01   2.7363523e+00   1.0000000e+00
   1.1300000e+02   1.0000000e+00   1.0647850e+00   8.3316800e-01   2.7363523e+00   1.0000000e+00
   1.1400000e+02   0.0000000e+00   7.2533000e-01   8.3316800e-01   2.7363523e+00   1.0000000e+00
   1.1500000e+02   1.0000000e+00   5.3666200e-01   8.3316800e-01   2.7363523e+00   1.0000000e+00
   1.1600000e+02   0.0000000e+00   6.0607700e-01   8.3316800e-01   2.7363523e+00   0.0000000e+00
   1.1700000e+02   1.0000000e+00   4.9247100e-01   8.3316800e-01   2.7363523e+00   0.0000000e+00
   1.1800000e+02   0.0000000e+00   4.9470800e-01   8.3316800e-01   2.7363523e+00   0.0000000e+00
   1.1900000e+02   0.0000000e+00   4.4723000e-01   8.3316800e-01   2.7363523e+00   0.0000000e+00
   1.2000000e+02   0.0000000e+00   6.9352300e-01   8.3316800e-01   2.7363523e+00   1.0000000e+00
   1.2100000e+02   0.0000000e+00   1.2671780e+00   8.3316800e-01   2.7363523e+00   0.0000000e+00
   1.2200000e+02   1.0000000e+00   5.7480400e-01   8.3316800e-01   2.7363523e+00   1.0000000e+00
   1.2300000e+02   0.0000000e+00   6.5487300e-01   8.3316800e-01   2.7363523e+00   0.0000000e+00
   1.2400000e+02   0.0000000e+00   1.1297680e+00   8.3316800e-01   2.7363523e+00   1.0000000e+00
   1.2500000e+02   1.0000000e+00   5.8285100e-01   8.3316800e-01   2.7363523e+00   0.0000000e+00
   1.2600000e+02   0.0000000e+00   1.4488660e+00   8.3316800e-01   2.7363523e+00   0.0000000e+00
   1.2700000e+02   0.0000000e+00   1.5160620e+00   8.3316800e-01   2.7363523e+00   0.0000000e+00
   1.2800000e+02   0.0000000e+00   9.4614000e-01   8.3316800e-01   2.7363523e+00   1.0000000e+00
   1.2900000e+02   0.0000000e+00   5.5242800e-01   8.3316800e-01   2.7363523e+00   1.0000000e+00
   1.3000000e+02   0.0000000e+00   1.1941440e+00   8.3316800e-01   2.7363523e+00   1.0000000e+00
   1.3100000e+02   0.0000000e+00   1.0784550e+00   8.3316800e-01   2.7363523e+00   1.0000000e+00
   1.3200000e+02   1.0000000e+00   5.4945000e-01   8.3316800e-01   2.7363523e+00   0.0000000e+00
   1.3300000e+02   0.0000000e+00   6.0067400e-01   8.3316800e-01   2.7363523e+00   0.0000000e+00
   1.3400000e+02   1.0000000e+00   5.4405900e-01   8.3316800e-01   2.7363523e+00   1.0000000e+00
   1.3500000e+02   0.0000000e+00   1.6636050e+00   8.3316800e-01   2.7363523e+00   1.0000000e+00
   1.3600000e+02   0.0000000e+00   7.7296400e-01   8.3316800e-01   2.7363523e+00   1.0000000e+00
