1	0	1.535933	0.838725	3.5112856890	0
2	0	0.721897	0.838725	3.5112856890	1
3	0	1.356286	0.838725	3.5112856890	0
4	1	1.208904	0.838725	3.5112856890	1
5	0	1.074353	0.838725	3.5112856890	0
6	0	1.106609	0.838725	3.5112856890	0
7	1	0.933034	0.838725	3.5112856890	0
8	0	1.290523	0.838725	3.5112856890	1
9	0	0.943460	0.838725	3.5112856890	1
10	0	0.599523	0.838725	3.5112856890	0
11	1	2.436246	0.838725	3.5112856890	1
12	0	1.088139	0.838725	3.5112856890	0
13	1	0.582997	0.838725	3.5112856890	0
14	0	1.011978	0.838725	3.5112856890	1
15	1	1.935715	0.838725	3.5112856890	0
16	0	0.506418	0.838725	3.5112856890	0
17	1	0.658620	0.838725	3.5112856890	1
18	0	1.154183	0.838725	3.5112856890	1
19	0	1.366924	0.838725	3.5112856890	1
20	1	0.762446	0.838725	3.5112856890	0
21	0	2.098266	0.838725	3.5112856890	1
22	0	1.138698	0.838725	3.5112856890	0
23	0	0.815689	0.838725	3.5112856890	0
24	0	1.071093	0.838725	3.5112856890	1
25	0	0.853265	0.838725	3.5112856890	1
26	0	0.800667	0.838725	3.5112856890	0
27	0	0.659698	0.838725	3.5112856890	1
28	1	0.956290	0.838725	3.5112856890	1
29	0	0.528797	0.838725	3.5112856890	1
30	0	0.727569	0.838725	3.5112856890	0
31	0	1.823032	0.838725	3.5112856890	1
32	1	0.518168	0.838725	3.5112856890	0
33	0	1.374198	0.838725	3.5112856890	1
34	0	0.611968	0.838725	3.5112856890	0
35	0	0.516547	0.838725	3.5112856890	0
36	0	0.605702	0.838725	3.5112856890	1
37	0	1.193989	0.838725	3.5112856890	1
38	1	0.575647	0.838725	3.5112856890	1
39	0	1.142304	0.838725	3.5112856890	0
40	1	1.940447	0.838725	3.5112856890	1
41	0	1.722235	0.838725	3.5112856890	0
42	1	1.583610	0.838725	3.5112856890	0
43	0	0.702257	0.838725	3.5112856890	0
44	0	0.580121	0.838725	3.5112856890	1
45	0	1.047350	0.838725	3.5112856890	0
46	0	1.209271	0.838725	3.5112856890	1
47	0	1.450555	0.838725	3.5112856890	1
48	1	0.700565	0.838725	3.5112856890	1
49	0	0.563914	0.838725	3.5112856890	0
50	1	0.855853	0.838725	3.5112856890	0
51	0	0.691656	0.838725	3.5112856890	0
52	0	0.928884	0.838725	3.5112856890	0
53	1	0.661830	0.838725	3.5112856890	0
54	0	1.873577	0.838725	3.5112856890	1
55	0	3.466860	0.838725	3.5112856890	0
56	1	0.581256	0.838725	3.5112856890	1
57	0	0.767839	0.838725	3.5112856890	1
58	0	1.147658	0.838725	3.5112856890	0
59	0	0.722292	0.838725	3.5112856890	0
60	0	0.503756	0.838725	3.5112856890	1
61	0	0.937304	0.838725	3.5112856890	1
62	0	0.529000	0.838725	3.5112856890	0
63	1	1.093744	0.838725	3.5112856890	0
64	0	1.486785	0.838725	3.5112856890	1
65	1	0.502466	0.838725	3.5112856890	1
66	1	0.859102	0.838725	3.5112856890	1
67	0	0.633475	0.838725	3.5112856890	1
68	0	1.610948	0.838725	3.5112856890	0
69	0	0.697647	0.838725	3.5112856890	0
70	0	0.683106	0.838725	3.5112856890	1
71	1	0.604067	0.838725	3.5112856890	0
72	0	0.670927	0.838725	3.5112856890	1
73	1	0.735332	0.838725	3.5112856890	0
74	0	1.716724	0.838725	3.5112856890	1
75	0	0.571561	0.838725	3.5112856890	1
76	1	0.775999	0.838725	3.5112856890	1
77	1	0.505448	0.838725	3.5112856890	0
78	0	3.097798	0.838725	3.5112856890	0
79	0	1.447983	0.838725	3.5112856890	1
80	0	0.517636	0.838725	3.5112856890	1
81	0	0.578560	0.838725	3.5112856890	1
82	1	0.895564	0.838725	3.5112856890	1
83	0	1.348134	0.838725	3.5112856890	0
84	1	0.515597	0.838725	3.5112856890	1
85	0	1.426406	0.838725	3.5112856890	1
86	0	1.150331	0.838725	3.5112856890	0
87	0	0.615721	0.838725	3.5112856890	0
88	1	0.817825	0.838725	3.5112856890	0
89	0	0.878510	0.838725	3.5112856890	1
90	0	0.670988	0.838725	3.5112856890	0
91	1	1.180828	0.838725	3.5112856890	1
92	0	0.699339	0.838725	3.5112856890	0
93	0	0.640053	0.838725	3.5112856890	0
94	0	0.830139	0.838725	3.5112856890	1
95	1	0.869609	0.838725	3.5112856890	0
96	0	0.534550	0.838725	3.5112856890	1
97	1	1.154935	0.838725	3.5112856890	1
98	0	1.217838	0.838725	3.5112856890	0
99	1	0.761175	0.838725	3.5112856890	0
100	0	0.600661	0.838725	3.5112856890	1
101	0	0.812415	0.838725	3.5112856890	0
102	1	0.828719	0.838725	3.5112856890	0
103	0	1.760218	0.838725	3.5112856890	0
104	1	1.309333	0.838725	3.5112856890	1
105	0	0.930342	0.838725	3.5112856890	0
106	0	1.583081	0.838725	3.5112856890	0
107	0	0.656601	0.838725	3.5112856890	1
108	0	1.333402	0.838725	3.5112856890	0
109	0	0.820004	0.838725	3.5112856890	1
110	0	0.657815	0.838725	3.5112856890	0
111	1	0.536109	0.838725	3.5112856890	0
112	0	0.977752	0.838725	3.5112856890	1
113	1	0.862162	0.838725	3.5112856890	1
114	0	1.272467	0.838725	3.5112856890	1
115	1	1.306489	0.838725	3.5112856890	1
116	0	1.215418	0.838725	3.5112856890	0
117	0	0.533915	0.838725	3.5112856890	1
118	0	1.215236	0.838725	3.5112856890	0
119	0	1.144782	0.838725	3.5112856890	0
120	1	1.555492	0.838725	3.5112856890	0
121	0	0.923839	0.838725	3.5112856890	1
122	0	0.627262	0.838725	3.5112856890	0
123	0	0.522106	0.838725	3.5112856890	1
124	0	0.536485	0.838725	3.5112856890	1
125	0	0.794264	0.838725	3.5112856890	1
126	0	0.738036	0.838725	3.5112856890	0
127	1	0.561731	0.838725	3.5112856890	1
128	0	0.800640	0.838725	3.5112856890	1
129	1	0.704166	0.838725	3.5112856890	0
130	0	0.524035	0.838725	3.5112856890	0
131	0	1.312127	0.838725	3.5112856890	1
132	0	1.430548	0.838725	3.5112856890	1
133	0	0.819001	0.838725	3.5112856890	0
134	1	0.616071	0.838725	3.5112856890	0
135	1	0.628220	0.838725	3.5112856890	1
136	0	2.098339	0.838725	3.5112856890	0
