1	0	0.631482	0.819417	2.5544710110	1
2	0	0.843182	0.819417	2.5544710110	0
3	1	1.589688	0.819417	2.5544710110	1
4	0	0.506228	0.819417	2.5544710110	0
5	0	0.612560	0.819417	2.5544710110	1
6	1	0.829315	0.819417	2.5544710110	0
7	0	1.131300	0.819417	2.5544710110	1
8	0	1.278871	0.819417	2.5544710110	1
9	0	0.561714	0.819417	2.5544710110	1
10	0	1.085737	0.819417	2.5544710110	0
11	1	0.966558	0.819417	2.5544710110	1
12	0	0.910905	0.819417	2.5544710110	0
13	1	0.621508	0.819417	2.5544710110	0
14	0	1.010677	0.819417	2.5544710110	0
15	0	0.531189	0.819417	2.5544710110	0
16	0	0.571301	0.819417	2.5544710110	0
17	0	0.594504	0.819417	2.5544710110	0
18	0	0.631571	0.819417	2.5544710110	1
19	0	1.407699	0.819417	2.5544710110	1
20	1	0.656704	0.819417	2.5544710110	0
21	0	0.521452	0.819417	2.5544710110	0
22	1	1.088282	0.819417	2.5544710110	1
23	0	0.767646	0.819417	2.5544710110	0
24	0	0.621861	0.819417	2.5544710110	1
25	0	1.248476	0.819417	2.5544710110	0
26	1	0.784940	0.819417	2.5544710110	0
27	0	0.608653	0.819417	2.5544710110	1
28	0	0.740985	0.819417	2.5544710110	1
29	1	0.699345	0.819417	2.5544710110	1
30	0	0.532511	0.819417	2.5544710110	1
31	1	1.219387	0.819417	2.5544710110	0
32	0	1.248809	0.819417	2.5544710110	0
33	1	1.494774	0.819417	2.5544710110	1
34	0	0.625598	0.819417	2.5544710110	1
35	0	1.677603	0.819417	2.5544710110	0
36	1	1.468058	0.819417	2.5544710110	1
37	0	0.653512	0.819417	2.5544710110	1
38	0	0.995575	0.819417	2.5544710110	0
39	0	1.601838	0.819417	2.5544710110	1
40	0	0.687988	0.819417	2.5544710110	0
41	0	2.538914	0.819417	2.5544710110	1
42	1	0.687329	0.819417	2.5544710110	0
43	0	0.759280	0.819417	2.5544710110	1
44	1	0.753777	0.819417	2.5544710110	1
45	0	0.842052	0.819417	2.5544710110	1
46	0	3.640052	0.819417	2.5544710110	0
47	1	1.245129	0.819417	2.5544710110	0
48	0	1.699086	0.819417	2.5544710110	1
49	0	0.544510	0.819417	2.5544710110	0
50	0	0.904359	0.819417	2.5544710110	0
51	0	0.596551	0.819417	2.5544710110	1
52	0	0.611882	0.819417	2.5544710110	1
53	1	0.510537	0.819417	2.5544710110	0
54	0	0.761501	0.819417	2.5544710110	1
55	0	0.823311	0.819417	2.5544710110	1
56	0	0.774289	0.819417	2.5544710110	0
57	0	0.961793	0.819417	2.5544710110	1
58	0	3.170785	0.819417	2.5544710110	0
59	1	0.958398	0.819417	2.5544710110	1
60	0	0.857385	0.819417	2.5544710110	0
61	0	0.619211	0.819417	2.5544710110	0
62	1	1.294224	0.819417	2.5544710110	0
63	0	0.592235	0.819417	2.5544710110	0
64	1	0.782774	0.819417	2.5544710110	1
65	0	1.241207	0.819417	2.5544710110	0
66	0	0.630001	0.819417	2.5544710110	0
67	0	1.077845	0.819417	2.5544710110	1
68	1	0.682272	0.819417	2.5544710110	1
69	0	1.499878	0.819417	2.5544710110	0
70	1	0.614197	0.819417	2.5544710110	0
71	0	0.971993	0.819417	2.5544710110	0
72	0	1.715423	0.819417	2.5544710110	1
73	0	0.767142	0.819417	2.5544710110	0
74	0	1.446069	0.819417	2.5544710110	0
75	0	1.815181	0.819417	2.5544710110	0
76	1	0.818494	0.819417	2.5544710110	0
77	0	0.848092	0.819417	2.5544710110	0
78	0	0.506137	0.819417	2.5544710110	1
79	0	1.217935	0.819417	2.5544710110	1
80	0	0.628515	0.819417	2.5544710110	1
81	1	0.905394	0.819417	2.5544710110	1
82	0	1.230630	0.819417	2.5544710110	1
83	0	0.538198	0.819417	2.5544710110	1
84	0	0.651318	0.819417	2.5544710110	0
85	0	0.624093	0.819417	2.5544710110	0
86	0	0.718685	0.819417	2.5544710110	1
87	0	0.574299	0.819417	2.5544710110	0
88	1	1.255696	0.819417	2.5544710110	0
89	0	2.555836	0.819417	2.5544710110	1
90	0	0.550008	0.819417	2.5544710110	0
91	1	0.804147	0.819417	2.5544710110	1
92	0	0.505973	0.819417	2.5544710110	1
93	1	1.122933	0.819417	2.5544710110	1
94	0	0.668680	0.819417	2.5544710110	1
95	0	0.765204	0.819417	2.5544710110	1
96	1	0.541169	0.819417	2.5544710110	0
97	0	1.180120	0.819417	2.5544710110	0
98	1	1.437424	0.819417	2.5544710110	1
99	0	0.798958	0.819417	2.5544710110	1
100	0	1.520635	0.819417	2.5544710110	0
101	0	1.032479	0.819417	2.5544710110	1
102	1	0.687861	0.819417	2.5544710110	0
103	0	1.947630	0.819417	2.5544710110	1
104	0	0.731784	0.819417	2.5544710110	0
105	0	1.356633	0.819417	2.5544710110	1
106	0	0.801616	0.819417	2.5544710110	1
107	0	0.569234	0.819417	2.5544710110	1
108	0	2.447920	0.819417	2.5544710110	1
109	0	1.302162	0.819417	2.5544710110	0
110	1	0.750716	0.819417	2.5544710110	1
111	1	0.647738	0.819417	2.5544710110	0
112	0	0.860497	0.819417	2.5544710110	0
113	0	0.927625	0.819417	2.5544710110	1
114	0	1.478411	0.819417	2.5544710110	0
115	1	0.555352	0.819417	2.5544710110	0
116	0	0.896767	0.819417	2.5544710110	0
117	1	1.187152	0.819417	2.5544710110	1
118	0	0.589094	0.819417	2.5544710110	1
119	0	1.186508	0.819417	2.5544710110	0
120	1	0.714725	0.819417	2.5544710110	0
121	1	0.509984	0.819417	2.5544710110	1
122	0	1.428997	0.819417	2.5544710110	1
123	0	1.633121	0.819417	2.5544710110	0
124	1	1.816867	0.819417	2.5544710110	1
125	0	0.524794	0.819417	2.5544710110	1
126	0	1.211876	0.819417	2.5544710110	0
127	1	0.663009	0.819417	2.5544710110	0
128	1	1.128421	0.819417	2.5544710110	1
129	0	1.022702	0.819417	2.5544710110	1
130	1	0.804104	0.819417	2.5544710110	0
131	0	0.543865	0.819417	2.5544710110	1
132	0	0.603189	0.819417	2.5544710110	0
133	0	2.179083	0.819417	2.5544710110	0
134	0	0.688376	0.819417	2.5544710110	0
135	1	1.270354	0.819417	2.5544710110	0
136	1	0.680224	0.819417	2.5544710110	1
