   1.0000000e+00   0.0000000e+00   1.6824450e+00   8.2371500e-01   2.7119500e+00   1.0000000e+00
   2.0000000e+00   0.0000000e+00   1.4348180e+00   8.2371500e-01   2.7119500e+00   1.0000000e+00
   3.0000000e+00   0.0000000e+00   4.9427500e-01   8.2371500e-01   2.7119500e+00   0.0000000e+00
   4.0000000e+00   1.0000000e+00   8.9518000e-01   8.2371500e-01   2.7119500e+00   1.0000000e+00
   5.0000000e+00   0.0000000e+00   1.3685030e+00   8.2371500e-01   2.7119500e+00   0.0000000e+00
   6.0000000e+00   1.0000000e+00   1.0865030e+00   8.2371500e-01   2.7119500e+00   0.0000000e+00
   7.0000000e+00   0.0000000e+00   5.3205800e-01   8.2371500e-01   2.7119500e+00   1.0000000e+00
   8.0000000e+00   0.0000000e+00   1.0029980e+00   8.2371500e-01   2.7119500e+00   1.0000000e+00
   9.0000000e+00   1.0000000e+00   8.3345300e-01   8.2371500e-01   2.7119500e+00   1.0000000e+00
   1.0000000e+01   0.0000000e+00   6.2101500e-01   8.2371500e-01   2.7119500e+00   1.0000000e+00
   1.1000000e+01   0.0000000e+00   4.8222000e-01   8.2371500e-01   2.7119500e+00   0.0000000e+00
   1.2000000e+01   0.0000000e+00   7.2637400e-01   8.2371500e-01   2.7119500e+00   0.0000000e+00
   1.3000000e+01   1.0000000e+00   1.3688270e+00   8.2371500e-01   2.7119500e+00   0.0000000e+00
   1.4000000e+01   0.0000000e+00   1.3185130e+00   8.2371500e-01   2.7119500e+00   1.0000000e+00
   1.5000000e+01   0.0000000e+00   4.9694800e-01   8.2371500e-01   2.7119500e+00   0.0000000e+00
   1.6000000e+01   0.0000000e+00   8.6341800e-01   8.2371500e-01   2.7119500e+00   0.0000000e+00
   1.7000000e+01   0.0000000e+00   9.2524200e-01   8.2371500e-01   2.7119500e+00   0.0000000e+00
   1.8000000e+01   1.0000000e+00   8.6376100e-01   8.2371500e-01   2.7119500e+00   0.0000000e+00
   1.9000000e+01   0.0000000e+00   8.2142700e-01   8.2371500e-01   2.7119500e+00   1.0000000e+00
   2.0000000e+01   1.0000000e+00   8.2556500e-01   8.2371500e-01   2.7119500e+00   1.0000000e+00
   2.1000000e+01   0.0000000e+00   2.4405660e+00   8.2371500e-01   2.7119500e+00   1.0000000e+00
   2.2000000e+01   0.0000000e+00   5.8773700e-01   8.2371500e-01   2.7119500e+00   0.0000000e+00
   2.3000000e+01   0.0000000e+00   5.3161200e-01   8.2371500e-01   2.7119500e+00   1.0000000e+00
   2.4000000e+01   0.0000000e+00   6.4302400e-01   8.2371500e-01   2.7119500e+00   1.0000000e+00
   2.5000000e+01   0.0000000e+00   9.2628600e-01   8.2371500e-01   2.7119500e+00   1.0000000e+00
   2.6000000e+01   1.0000000e+00   6.1028200e-01   8.2371500e-01   2.7119500e+00   0.0000000e+00
   2.7000000e+01   0.0000000e+00   8.3312000e-01   8.2371500e-01   2.7119500e+00   1.0000000e+00
   2.8000000e+01   1.0000000e+00   1.2653240e+00   8.2371500e-01   2.7119500e+00   1.0000000e+00
   2.9000000e+01   0.0000000e+00   2.0542190e+00   8.2371500e-01   2.7119500e+00   0.0000000e+00
   3.0000000e+01   0.0000000e+00   4.4646900e-01   8.2371500e-01   2.7119500e+00   0.0000000e+00
   3.1000000e+01   0.0000000e+00   7.0856200e-01   8.2371500e-01   2.7119500e+00   0.0000000e+00
   3.2000000e+01   0.0000000e+00   8.8021400e-01   8.2371500e-01   2.7119500e+00   0.0000000e+00
   3.3000000e+01   0.0000000e+00   1.3448440e+00   8.2371500e-01   2.7119500e+00   1.0000000e+00
   3.4000000e+01   1.0000000e+00   1.3911080e+00   8.2371500e-01   2.7119500e+00   0.0000000e+00
   3.5000000e+01   0.0000000e+00   5.1151300e-01   8.2371500e-01   2.7119500e+00   0.0000000e+00
   3.6000000e+01   1.0000000e+00   1.2260820e+00   8.2371500e-01   2.7119500e+00   1.0000000e+00
   3.7000000e+01   0.0000000e+00   5.9212200e-01   8.2371500e-01   2.7119500e+00   1.0000000e+00
   3.8000000e+01   0.0000000e+00   1.1362940e+00   8.2371500e-01   2.7119500e+00   0.0000000e+00
   3.9000000e+01   0.0000000e+00   6.3668100e-01   8.2371500e-01   2.7119500e+00   0.0000000e+00
   4.0000000e+01   1.0000000e+00   7.3763100e-01   8.2371500e-01   2.7119500e+00   1.0000000e+00
   4.1000000e+01   0.0000000e+00   4.4411900e-01   8.2371500e-01   2.7119500e+00   0.0000000e+00
   4.2000000e+01   1.0000000e+00   5.8167300e-01   8.2371500e-01   2.7119500e+00   0.0000000e+00
   4.3000000e+01   0.0000000e+00   5.1952200e-01   8.2371500e-01   2.7119500e+00   0.0000000e+00
   4.4000000e+01   0.0000000e+00   7.8956600e-01   8.2371500e-01   2.7119500e+00   0.0000000e+00
   4.5000000e+01   1.0000000e+00   1.1940200e+00   8.2371500e-01   2.7119500e+00   1.0000000e+00
   4.6000000e+01   0.0000000e+00   1.4399220e+00   8.2371500e-01   2.7119500e+00   1.0000000e+00
   4.7000000e+01   0.0000000e+00   6.2749000e-01   8.2371500e-01   2.7119500e+00   0.0000000e+00
   4.8000000e+01   0.0000000e+00   4.4053300e-01   8.2371500e-01   2.7119500e+00   0.0000000e+00
   4.9000000e+01   0.0000000e+00   1.7245670e+00   8.2371500e-01   2.7119500e+00   1.0000000e+00
   5.0000000e+01   1.0000000e+00   1.4228520e+00   8.2371500e-01   2.7119500e+00   0.0000000e+00
   5.1000000e+01   1.0000000e+00   1.1130580e+00   8.2371500e-01   2.7119500e+00   0.0000000e+00
   5.2000000e+01   0.0000000e+00   1.6504180e+00   8.2371500e-01   2.7119500e+00   1.0000000e+00
   5.3000000e+01   1.0000000e+00   1.3362420e+00   8.2371500e-01   2.7119500e+00   1.0000000e+00
   5.4000000e+01   0.0000000e+00   4.9292900e-01   8.2371500e-01   2.7119500e+00   0.0000000e+00
   5.5000000e+01   1.0000000e+00   5.1267800e-01   8.2371500e-01   2.7119500e+00   0.0000000e+00
   5.6000000e+01   0.0000000e+00   1.4262520e+00   8.2371500e-01   2.7119500e+00   1.0000000e+00
   5.7000000e+01   0.0000000e+00   9.2885300e-01   8.2371500e-01   2.7119500e+00   1.0000000e+00
   5.8000000e+01   1.0000000e+00   5.9653700e-01   8.2371500e-01   2.7119500e+00   1.0000000e+00
   5.9000000e+01   0.0000000e+00   9.6645900e-01   8.2371500e-01   2.7119500e+00   1.0000000e+00
   6.0000000e+01   0.0000000e+00   4.5379200e-01   8.2371500e-01   2.7119500e+00   0.0000000e+00
   6.1000000e+01   1.0000000e+00   4.6103000e-01   8.2371500e-01   2.7119500e+00   1.0000000e+00
   6.2000000e+01   0.0000000e+00   1.2563830e+00   8.2371500e-01   2.7119500e+00   1.0000000e+00
   6.3000000e+01   0.0000000e+00   8.0790200e-01   8.2371500e-01   2.7119500e+00   1.0000000e+00
   6.4000000e+01   0.0000000e+00   4.4490700e-01   8.2371500e-01   2.7119500e+00   0.0000000e+00
   6.5000000e+01   1.0000000e+00   5.7824000e-01   8.2371500e-01   2.7119500e+00   0.0000000e+00
   6.6000000e+01   0.0000000e+00   5.3134000e-01   8.2371500e-01   2.7119500e+00   1.0000000e+00
   6.7000000e+01   0.0000000e+00   8.9164100e-01   8.2371500e-01   2.7119500e+00   1.0000000e+00
   6.8000000e+01   0.0000000e+00   5.1251700e-01   8.2371500e-01   2.7119500e+00   0.0000000e+00
   6.9000000e+01   0.0000000e+00   9.8350500e-01   8.2371500e-01   2.7119500e+00   1.0000000e+00
   7.0000000e+01   0.0000000e+00   4.6925500e-01   8.2371500e-01   2.7119500e+00   0.0000000e+00
   7.1000000e+01   0.0000000e+00   2.2826600e+00   8.2371500e-01   2.7119500e+00   1.0000000e+00
   7.2000000e+01   1.0000000e+00   5.4061200e-01   8.2371500e-01   2.7119500e+00   0.0000000e+00
   7.3000000e+01   0.0000000e+00   1.5070250e+00   8.2371500e-01   2.7119500e+00   0.0000000e+00
   7.4000000e+01   0.0000000e+00   4.9066300e-01   8.2371500e-01   2.7119500e+00   0.0000000e+00
   7.5000000e+01   1.0000000e+00   5.6446500e-01   8.2371500e-01   2.7119500e+00   1.0000000e+00
   7.6000000e+01   0.0000000e+00   8.0972600e-01   8.2371500e-01   2.7119500e+00   0.0000000e+00
   7.7000000e+01   0.0000000e+00   1.2849240e+00   8.2371500e-01   2.7119500e+00   1.0000000e+00
   7.8000000e+01   0.0000000e+00   1.2160370e+00   8.2371500e-01   2.7119500e+00   0.0000000e+00
   7.9000000e+01   0.0000000e+00   8.7272600e-01   8.2371500e-01   2.7119500e+00   1.0000000e+00
   8.0000000e+01   0.0000000e+00   8.3203800e-01   8.2371500e-01   2.7119500e+00   1.0000000e+00
   8.1000000e+01   1.0000000e+00   2.3497600e+00   8.2371500e-01   2.7119500e+00   0.0000000e+00
   8.2000000e+01   0.0000000e+00   4.9166600e-01   8.2371500e-01   2.7119500e+00   0.0000000e+00
   8.3000000e+01   1.0000000e+00   7.2403700e-01   8.2371500e-01   2.7119500e+00   1.0000000e+00
   8.4000000e+01   0.0000000e+00   8.3459200e-01   8.2371500e-01   2.7119500e+00   1.0000000e+00
   8.5000000e+01   0.0000000e+00   8.4413700e-01   8.2371500e-01   2.7119500e+00   1.0000000e+00
   8.6000000e+01   0.0000000e+00   2.2697510e+00   8.2371500e-01   2.7119500e+00   1.0000000e+00
   8.7000000e+01   1.0000000e+00   9.8767200e-01   8.2371500e-01   2.7119500e+00   1.0000000e+00
   8.8000000e+01   0.0000000e+00   5.8560500e-01   8.2371500e-01   2.7119500e+00   0.0000000e+00
   8.9000000e+01   1.0000000e+00   6.6426500e-01   8.2371500e-01   2.7119500e+00   0.0000000e+00
   9.0000000e+01   0.0000000e+00   1.0253220e+00   8.2371500e-01   2.7119500e+00   0.0000000e+00
   9.1000000e+01   1.0000000e+00   1.2589470e+00   8.2371500e-01   2.7119500e+00   1.0000000e+00
   9.2000000e+01   0.0000000e+00   1.3640210e+00   8.2371500e-01   2.7119500e+00   1.0000000e+00
   9.3000000e+01   0.0000000e+00   5.9495000e-01   8.2371500e-01   2.7119500e+00   0.0000000e+00
   9.4000000e+01   0.0000000e+00   1.3104990e+00   8.2371500e-01   2.7119500e+00   1.0000000e+00
   9.5000000e+01   1.0000000e+00   9.9796100e-01   8.2371500e-01   2.7119500e+00   0.0000000e+00
   9.6000000e+01   0.0000000e+00   4.8385900e-01   8.2371500e-01   2.7119500e+00   1.0000000e+00
   9.7000000e+01   1.0000000e+00   5.2695400e-01   8.2371500e-01   2.7119500e+00   1.0000000e+00
   9.8000000e+01   0.0000000e+00   2.5077010e+00   8.2371500e-01   2.7119500e+00   0.0000000e+00
   9.9000000e+01   0.0000000e+00   4.3771000e-01   8.2371500e-01   2.7119500e+00   0.0000000e+00
   1.0000000e+02   0.0000000e+00   4.6478300e-01   8.2371500e-01   2.7119500e+00   0.0000000e+00
   1.0100000e+02   0.0000000e+00   8.7065800e-01   8.2371500e-01   2.7119500e+00   0.0000000e+00
   1.0200000e+02   0.0000000e+00   5.9577500e-01   8.2371500e-01   2.7119500e+00   1.0000000e+00
   1.0300000e+02   1.0000000e+00   5.7040900e-01   8.2371500e-01   2.7119500e+00   0.0000000e+00
   1.0400000e+02   0.0000000e+00   4.4320500e-01   8.2371500e-01   2.7119500e+00   1.0000000e+00
   1.0500000e+02   0.0000000e+00   5.4940800e-01   8.2371500e-01   2.7119500e+00   0.0000000e+00
   1.0600000e+02   0.0000000e+00   8.5514100e-01   8.2371500e-01   2.7119500e+00   1.0000000e+00
   1.0700000e+02   1.0000000e+00   1.6930280e+00   8.2371500e-01   2.7119500e+00   0.0000000e+00
   1.0800000e+02   1.0000000e+00   6.2049000e-01   8.2371500e-01   2.7119500e+00   1.0000000e+00
   1.0900000e+02   0.0000000e+00   1.0607830e+00   8.2371500e-01   2.7119500e+00   0.0000000e+00
   1.1000000e+02   0.0000000e+00   5.3902900e-01   8.2371500e-01   2.7119500e+00   1.0000000e+00
   1.1100000e+02   0.0000000e+00   8.2014400e-01   8.2371500e-01   2.7119500e+00   1.0000000e+00
   1.1200000e+02   0.0000000e+00   5.4004500e-01   8.2371500e-01   2.7119500e+00   1.0000000e+00
   1.1300000e+02   1.0000000e+00   6.9555200e-01   8.2371500e-01   2.7119500e+00   0.0000000e+00
   1.1400000e+02   0.0000000e+00   5.7063200e-01   8.2371500e-01   2.7119500e+00   0.0000000e+00
   1.1500000e+02   1.0000000e+00   9.5062300e-01   8.2371500e-01   2.7119500e+00   1.0000000e+00
   1.1600000e+02   0.0000000e+00   1.3705530e+00   8.2371500e-01   2.7119500e+00   0.0000000e+00
   1.1700000e+02   0.0000000e+00   7.0786600e-01   8.2371500e-01   2.7119500e+00   0.0000000e+00
   1.1800000e+02   0.0000000e+00   7.0146800e-01   8.2371500e-01   2.7119500e+00   1.0000000e+00
   1.1900000e+02   0.0000000e+00   7.6295200e-01   8.2371500e-01   2.7119500e+00   1.0000000e+00
   1.2000000e+02   0.0000000e+00   8.7908800e-01   8.2371500e-01   2.7119500e+00   1.0000000e+00
   1.2100000e+02   0.0000000e+00   5.6516600e-01   8.2371500e-01   2.7119500e+00   1.0000000e+00
   1.2200000e+02   1.0000000e+00   1.4515330e+00   8.2371500e-01   2.7119500e+00   1.0000000e+00
   1.2300000e+02   1.0000000e+00   4.4917500e-01   8.2371500e-01   2.7119500e+00   0.0000000e+00
   1.2400000e+02   0.0000000e+00   5.3505800e-01   8.2371500e-01   2.7119500e+00   0.0000000e+00
   1.2500000e+02   0.0000000e+00   2.2535280e+00   8.2371500e-01   2.7119500e+00   0.0000000e+00
   1.2600000e+02   0.0000000e+00   4.9995900e-01   8.2371500e-01   2.7119500e+00   0.0000000e+00
   1.2700000e+02   0.0000000e+00   1.2249080e+00   8.2371500e-01   2.7119500e+00   0.0000000e+00
   1.2800000e+02   0.0000000e+00   5.8069300e-01   8.2371500e-01   2.7119500e+00   1.0000000e+00
   1.2900000e+02   0.0000000e+00   1.2607330e+00   8.2371500e-01   2.7119500e+00   1.0000000e+00
   1.3000000e+02   0.0000000e+00   6.5942700e-01   8.2371500e-01   2.7119500e+00   1.0000000e+00
   1.3100000e+02   1.0000000e+00   1.0039830e+00   8.2371500e-01   2.7119500e+00   1.0000000e+00
   1.3200000e+02   0.0000000e+00   2.1320460e+00   8.2371500e-01   2.7119500e+00   0.0000000e+00
   1.3300000e+02   1.0000000e+00   1.2196150e+00   8.2371500e-01   2.7119500e+00   0.0000000e+00
   1.3400000e+02   0.0000000e+00   6.7746000e-01   8.2371500e-01   2.7119500e+00   0.0000000e+00
   1.3500000e+02   1.0000000e+00   1.3184280e+00   8.2371500e-01   2.7119500e+00   0.0000000e+00
   1.3600000e+02   1.0000000e+00   6.6093900e-01   8.2371500e-01   2.7119500e+00   1.0000000e+00
