1	0	1.952222	0.819205	2.8452782145	1
2	0	0.767379	0.819205	2.8452782145	1
3	1	0.591447	0.819205	2.8452782145	1
4	0	0.842447	0.819205	2.8452782145	0
5	0	1.152969	0.819205	2.8452782145	1
6	0	1.515156	0.819205	2.8452782145	0
7	1	0.505613	0.819205	2.8452782145	0
8	1	0.754186	0.819205	2.8452782145	1
9	0	1.065103	0.819205	2.8452782145	0
10	0	0.826579	0.819205	2.8452782145	0
11	0	0.625685	0.819205	2.8452782145	1
12	0	0.606727	0.819205	2.8452782145	0
13	0	1.618787	0.819205	2.8452782145	1
14	1	2.920013	0.819205	2.8452782145	0
15	0	0.865161	0.819205	2.8452782145	1
16	0	1.296747	0.819205	2.8452782145	0
17	0	0.923577	0.819205	2.8452782145	1
18	0	0.505743	0.819205	2.8452782145	1
19	0	0.922024	0.819205	2.8452782145	1
20	1	0.544107	0.819205	2.8452782145	0
21	1	0.788009	0.819205	2.8452782145	1
22	0	2.174665	0.819205	2.8452782145	0
23	0	1.865897	0.819205	2.8452782145	0
24	0	0.590070	0.819205	2.8452782145	0
25	0	0.748130	0.819205	2.8452782145	0
26	0	0.881203	0.819205	2.8452782145	1
27	0	1.030429	0.819205	2.8452782145	1
28	1	0.503228	0.819205	2.8452782145	0
29	0	1.189229	0.819205	2.8452782145	0
30	0	0.719145	0.819205	2.8452782145	1
31	1	0.711249	0.819205	2.8452782145	1
32	0	2.093613	0.819205	2.8452782145	0
33	1	0.568685	0.819205	2.8452782145	0
34	0	1.322352	0.819205	2.8452782145	1
35	1	0.680373	0.819205	2.8452782145	1
36	0	0.683586	0.819205	2.8452782145	1
37	0	0.608967	0.819205	2.8452782145	0
38	1	0.793921	0.819205	2.8452782145	1
39	0	0.610324	0.819205	2.8452782145	0
40	1	0.605631	0.819205	2.8452782145	0
41	0	0.925022	0.819205	2.8452782145	1
42	0	1.721199	0.819205	2.8452782145	0
43	0	0.842914	0.819205	2.8452782145	0
44	0	0.604015	0.819205	2.8452782145	1
45	0	1.113635	0.819205	2.8452782145	0
46	1	0.504965	0.819205	2.8452782145	1
47	0	1.788334	0.819205	2.8452782145	0
48	0	1.043824	0.819205	2.8452782145	1
49	1	1.371891	0.819205	2.8452782145	0
50	0	2.152065	0.819205	2.8452782145	0
51	0	1.315314	0.819205	2.8452782145	0
52	0	1.324019	0.819205	2.8452782145	1
53	0	1.111200	0.819205	2.8452782145	1
54	1	0.990733	0.819205	2.8452782145	0
55	0	0.891041	0.819205	2.8452782145	1
56	0	0.528441	0.819205	2.8452782145	1
57	0	0.909137	0.819205	2.8452782145	0
58	0	0.582333	0.819205	2.8452782145	1
59	0	0.911260	0.819205	2.8452782145	0
60	1	1.514219	0.819205	2.8452782145	1
61	0	0.582438	0.819205	2.8452782145	0
62	1	0.842754	0.819205	2.8452782145	0
63	0	0.879581	0.819205	2.8452782145	0
64	1	0.505639	0.819205	2.8452782145	1
65	0	1.633766	0.819205	2.8452782145	1
66	0	0.723411	0.819205	2.8452782145	0
67	0	0.679467	0.819205	2.8452782145	1
68	1	0.589611	0.819205	2.8452782145	1
69	0	0.521925	0.819205	2.8452782145	1
70	0	1.806286	0.819205	2.8452782145	0
71	0	0.869114	0.819205	2.8452782145	1
72	1	0.512781	0.819205	2.8452782145	0
73	0	0.551226	0.819205	2.8452782145	1
74	1	1.192304	0.819205	2.8452782145	0
75	0	1.876837	0.819205	2.8452782145	0
76	1	0.949612	0.819205	2.8452782145	1
77	0	0.585430	0.819205	2.8452782145	0
78	0	1.286697	0.819205	2.8452782145	0
79	0	1.067212	0.819205	2.8452782145	1
80	1	0.972230	0.819205	2.8452782145	0
81	0	1.742800	0.819205	2.8452782145	1
82	1	0.517227	0.819205	2.8452782145	1
83	0	3.329764	0.819205	2.8452782145	0
84	0	1.011950	0.819205	2.8452782145	0
85	0	1.372862	0.819205	2.8452782145	0
86	1	0.688487	0.819205	2.8452782145	1
87	0	0.759839	0.819205	2.8452782145	0
88	0	0.600743	0.819205	2.8452782145	1
89	1	0.591591	0.819205	2.8452782145	0
90	0	0.554354	0.819205	2.8452782145	0
91	0	1.065711	0.819205	2.8452782145	0
92	0	0.527987	0.819205	2.8452782145	1
93	0	1.215595	0.819205	2.8452782145	1
94	1	0.581742	0.819205	2.8452782145	1
95	0	0.990902	0.819205	2.8452782145	0
96	0	1.576447	0.819205	2.8452782145	1
97	1	1.303155	0.819205	2.8452782145	0
98	1	2.021535	0.819205	2.8452782145	1
99	0	1.085191	0.819205	2.8452782145	1
100	0	0.808763	0.819205	2.8452782145	1
101	0	0.921976	0.819205	2.8452782145	0
102	0	1.083592	0.819205	2.8452782145	1
103	1	0.736135	0.819205	2.8452782145	0
104	0	1.517006	0.819205	2.8452782145	1
105	1	0.591805	0.819205	2.8452782145	0
106	0	0.919529	0.819205	2.8452782145	1
107	0	0.913021	0.819205	2.8452782145	1
108	0	1.754993	0.819205	2.8452782145	0
109	1	1.072710	0.819205	2.8452782145	1
110	0	0.950490	0.819205	2.8452782145	0
111	0	0.544640	0.819205	2.8452782145	1
112	1	0.635718	0.819205	2.8452782145	0
113	0	0.654115	0.819205	2.8452782145	0
114	0	0.674478	0.819205	2.8452782145	0
115	1	0.717879	0.819205	2.8452782145	1
116	0	0.546955	0.819205	2.8452782145	0
117	0	1.044917	0.819205	2.8452782145	0
118	0	1.195071	0.819205	2.8452782145	1
119	0	0.929035	0.819205	2.8452782145	1
120	1	0.759079	0.819205	2.8452782145	1
121	0	1.123262	0.819205	2.8452782145	1
122	1	0.751480	0.819205	2.8452782145	0
123	0	1.588191	0.819205	2.8452782145	1
124	0	0.624567	0.819205	2.8452782145	0
125	0	1.403165	0.819205	2.8452782145	1
126	0	0.902834	0.819205	2.8452782145	0
127	0	0.967889	0.819205	2.8452782145	1
128	0	0.513546	0.819205	2.8452782145	1
129	1	0.694685	0.819205	2.8452782145	1
130	0	0.613086	0.819205	2.8452782145	0
131	1	0.561007	0.819205	2.8452782145	0
132	0	0.871823	0.819205	2.8452782145	1
133	1	0.640298	0.819205	2.8452782145	0
134	0	0.516918	0.819205	2.8452782145	0
135	1	2.343928	0.819205	2.8452782145	1
136	0	0.629268	0.819205	2.8452782145	0
