   1.0000000e+00   0.0000000e+00   4.8837500e-01   8.2144700e-01   3.1209563e+00   1.0000000e+00
   2.0000000e+00   0.0000000e+00   1.3289980e+00   8.2144700e-01   3.1209563e+00   0.0000000e+00
   3.0000000e+00   0.0000000e+00   5.0737800e-01   8.2144700e-01   3.1209563e+00   1.0000000e+00
   4.0000000e+00   0.0000000e+00   1.0478500e+00   8.2144700e-01   3.1209563e+00   0.0000000e+00
   5.0000000e+00   1.0000000e+00   4.6706300e-01   8.2144700e-01   3.1209563e+00   0.0000000e+00
   6.0000000e+00   0.0000000e+00   2.3271150e+00   8.2144700e-01   3.1209563e+00   0.0000000e+00
   7.0000000e+00   0.0000000e+00   1.4592910e+00   8.2144700e-01   3.1209563e+00   0.0000000e+00
   8.0000000e+00   0.0000000e+00   5.8826400e-01   8.2144700e-01   3.1209563e+00   1.0000000e+00
   9.0000000e+00   0.0000000e+00   5.6633000e-01   8.2144700e-01   3.1209563e+00   1.0000000e+00
   1.0000000e+01   1.0000000e+00   6.1665500e-01   8.2144700e-01   3.1209563e+00   1.0000000e+00
   1.1000000e+01   0.0000000e+00   6.0956800e-01   8.2144700e-01   3.1209563e+00   1.0000000e+00
   1.2000000e+01   1.0000000e+00   8.0992500e-01   8.2144700e-01   3.1209563e+00   0.0000000e+00
   1.3000000e+01   0.0000000e+00   7.1800700e-01   8.2144700e-01   3.1209563e+00   0.0000000e+00
   1.4000000e+01   0.0000000e+00   7.6541000e-01   8.2144700e-01   3.1209563e+00   1.0000000e+00
   1.5000000e+01   1.0000000e+00   5.9399200e-01   8.2144700e-01   3.1209563e+00   1.0000000e+00
   1.6000000e+01   0.0000000e+00   1.1859550e+00   8.2144700e-01   3.1209563e+00   0.0000000e+00
   1.7000000e+01   1.0000000e+00   6.4438000e-01   8.2144700e-01   3.1209563e+00   1.0000000e+00
   1.8000000e+01   0.0000000e+00   8.5195700e-01   8.2144700e-01   3.1209563e+00   1.0000000e+00
   1.9000000e+01   1.0000000e+00   7.1681900e-01   8.2144700e-01   3.1209563e+00   0.0000000e+00
   2.0000000e+01   0.0000000e+00   1.0308430e+00   8.2144700e-01   3.1209563e+00   1.0000000e+00
   2.1000000e+01   0.0000000e+00   6.1657700e-01   8.2144700e-01   3.1209563e+00   1.0000000e+00
   2.2000000e+01   0.0000000e+00   2.3503350e+00   8.2144700e-01   3.1209563e+00   1.0000000e+00
   2.3000000e+01   1.0000000e+00   8.1346600e-01   8.2144700e-01   3.1209563e+00   1.0000000e+00
   2.4000000e+01   0.0000000e+00   4.7623300e-01   8.2144700e-01   3.1209563e+00   0.0000000e+00
   2.5000000e+01   1.0000000e+00   4.3634000e-01   8.2144700e-01   3.1209563e+00   0.0000000e+00
   2.6000000e+01   0.0000000e+00   6.1943500e-01   8.2144700e-01   3.1209563e+00   0.0000000e+00
   2.7000000e+01   1.0000000e+00   5.0984600e-01   8.2144700e-01   3.1209563e+00   1.0000000e+00
   2.8000000e+01   0.0000000e+00   1.9259200e+00   8.2144700e-01   3.1209563e+00   1.0000000e+00
   2.9000000e+01   0.0000000e+00   7.7447200e-01   8.2144700e-01   3.1209563e+00   0.0000000e+00
   3.0000000e+01   0.0000000e+00   7.2426600e-01   8.2144700e-01   3.1209563e+00   1.0000000e+00
   3.1000000e+01   0.0000000e+00   2.7490980e+00   8.2144700e-01   3.1209563e+00   0.0000000e+00
   3.2000000e+01   0.0000000e+00   1.2720950e+00   8.2144700e-01   3.1209563e+00   0.0000000e+00
   3.3000000e+01   0.0000000e+00   5.2440700e-01   8.2144700e-01   3.1209563e+00   0.0000000e+00
   3.4000000e+01   0.0000000e+00   1.4260770e+00   8.2144700e-01   3.1209563e+00   0.0000000e+00
   3.5000000e+01   1.0000000e+00   5.7880600e-01   8.2144700e-01   3.1209563e+00   0.0000000e+00
   3.6000000e+01   0.0000000e+00   5.6955300e-01   8.2144700e-01   3.1209563e+00   1.0000000e+00
   3.7000000e+01   0.0000000e+00   9.6725300e-01   8.2144700e-01   3.1209563e+00   1.0000000e+00
   3.8000000e+01   0.0000000e+00   9.1667800e-01   8.2144700e-01   3.1209563e+00   0.0000000e+00
   3.9000000e+01   0.0000000e+00   4.7269100e-01   8.2144700e-01   3.1209563e+00   1.0000000e+00
   4.0000000e+01   1.0000000e+00   1.5902770e+00   8.2144700e-01   3.1209563e+00   0.0000000e+00
   4.1000000e+01   0.0000000e+00   1.0568880e+00   8.2144700e-01   3.1209563e+00   0.0000000e+00
   4.2000000e+01   1.0000000e+00   6.4986400e-01   8.2144700e-01   3.1209563e+00   1.0000000e+00
   4.3000000e+01   0.0000000e+00   1.1985090e+00   8.2144700e-01   3.1209563e+00   1.0000000e+00
   4.4000000e+01   0.0000000e+00   6.7343600e-01   8.2144700e-01   3.1209563e+00   0.0000000e+00
   4.5000000e+01   1.0000000e+00   7.4106800e-01   8.2144700e-01   3.1209563e+00   0.0000000e+00
   4.6000000e+01   0.0000000e+00   7.2385800e-01   8.2144700e-01   3.1209563e+00   1.0000000e+00
   4.7000000e+01   0.0000000e+00   5.6366300e-01   8.2144700e-01   3.1209563e+00   0.0000000e+00
   4.8000000e+01   1.0000000e+00   4.8875400e-01   8.2144700e-01   3.1209563e+00   1.0000000e+00
   4.9000000e+01   0.0000000e+00   1.2906760e+00   8.2144700e-01   3.1209563e+00   0.0000000e+00
   5.0000000e+01   1.0000000e+00   9.6370200e-01   8.2144700e-01   3.1209563e+00   1.0000000e+00
   5.1000000e+01   0.0000000e+00   5.1150400e-01   8.2144700e-01   3.1209563e+00   1.0000000e+00
   5.2000000e+01   0.0000000e+00   1.3796330e+00   8.2144700e-01   3.1209563e+00   0.0000000e+00
   5.3000000e+01   0.0000000e+00   9.0490900e-01   8.2144700e-01   3.1209563e+00   0.0000000e+00
   5.4000000e+01   0.0000000e+00   7.6100400e-01   8.2144700e-01   3.1209563e+00   1.0000000e+00
   5.5000000e+01   0.0000000e+00   1.5590140e+00   8.2144700e-01   3.1209563e+00   1.0000000e+00
   5.6000000e+01   0.0000000e+00   7.2681500e-01   8.2144700e-01   3.1209563e+00   0.0000000e+00
   5.7000000e+01   1.0000000e+00   6.6651900e-01   8.2144700e-01   3.1209563e+00   0.0000000e+00
   5.8000000e+01   0.0000000e+00   4.6678300e-01   8.2144700e-01   3.1209563e+00   0.0000000e+00
   5.9000000e+01   0.0000000e+00   6.9270800e-01   8.2144700e-01   3.1209563e+00   0.0000000e+00
   6.0000000e+01   0.0000000e+00   4.8081700e-01   8.2144700e-01   3.1209563e+00   1.0000000e+00
   6.1000000e+01   0.0000000e+00   6.4546000e-01   8.2144700e-01   3.1209563e+00   1.0000000e+00
   6.2000000e+01   0.0000000e+00   7.1969400e-01   8.2144700e-01   3.1209563e+00   1.0000000e+00
   6.3000000e+01   1.0000000e+00   5.2404300e-01   8.2144700e-01   3.1209563e+00   1.0000000e+00
   6.4000000e+01   1.0000000e+00   6.9148000e-01   8.2144700e-01   3.1209563e+00   0.0000000e+00
   6.5000000e+01   0.0000000e+00   1.4923380e+00   8.2144700e-01   3.1209563e+00   1.0000000e+00
   6.6000000e+01   0.0000000e+00   4.5113900e-01   8.2144700e-01   3.1209563e+00   1.0000000e+00
   6.7000000e+01   0.0000000e+00   4.4157200e-01   8.2144700e-01   3.1209563e+00   0.0000000e+00
   6.8000000e+01   0.0000000e+00   1.0635410e+00   8.2144700e-01   3.1209563e+00   0.0000000e+00
   6.9000000e+01   1.0000000e+00   7.6546700e-01   8.2144700e-01   3.1209563e+00   0.0000000e+00
   7.0000000e+01   0.0000000e+00   9.1781200e-01   8.2144700e-01   3.1209563e+00   0.0000000e+00
   7.1000000e+01   0.0000000e+00   6.3529000e-01   8.2144700e-01   3.1209563e+00   0.0000000e+00
   7.2000000e+01   0.0000000e+00   8.9277600e-01   8.2144700e-01   3.1209563e+00   1.0000000e+00
   7.3000000e+01   1.0000000e+00   2.0843950e+00   8.2144700e-01   3.1209563e+00   1.0000000e+00
   7.4000000e+01   0.0000000e+00   9.4375300e-01   8.2144700e-01   3.1209563e+00   1.0000000e+00
   7.5000000e+01   1.0000000e+00   6.6610700e-01   8.2144700e-01   3.1209563e+00   1.0000000e+00
   7.6000000e+01   0.0000000e+00   8.8259600e-01   8.2144700e-01   3.1209563e+00   0.0000000e+00
   7.7000000e+01   0.0000000e+00   6.5568300e-01   8.2144700e-01   3.1209563e+00   1.0000000e+00
   7.8000000e+01   1.0000000e+00   5.1574400e-01   8.2144700e-01   3.1209563e+00   0.0000000e+00
   7.9000000e+01   0.0000000e+00   1.0830170e+00   8.2144700e-01   3.1209563e+00   1.0000000e+00
   8.0000000e+01   0.0000000e+00   7.1088100e-01   8.2144700e-01   3.1209563e+00   0.0000000e+00
   8.1000000e+01   0.0000000e+00   6.8946800e-01   8.2144700e-01   3.1209563e+00   1.0000000e+00
   8.2000000e+01   0.0000000e+00   4.5129700e-01   8.2144700e-01   3.1209563e+00   1.0000000e+00
   8.3000000e+01   1.0000000e+00   9.4824900e-01   8.2144700e-01   3.1209563e+00   1.0000000e+00
   8.4000000e+01   0.0000000e+00   1.1697400e+00   8.2144700e-01   3.1209563e+00   1.0000000e+00
   8.5000000e+01   1.0000000e+00   7.1111600e-01   8.2144700e-01   3.1209563e+00   0.0000000e+00
   8.6000000e+01   1.0000000e+00   1.1679140e+00   8.2144700e-01   3.1209563e+00   0.0000000e+00
   8.7000000e+01   0.0000000e+00   4.7203900e-01   8.2144700e-01   3.1209563e+00   0.0000000e+00
   8.8000000e+01   0.0000000e+00   2.7088350e+00   8.2144700e-01   3.1209563e+00   0.0000000e+00
   8.9000000e+01   0.0000000e+00   1.2585160e+00   8.2144700e-01   3.1209563e+00   0.0000000e+00
   9.0000000e+01   0.0000000e+00   6.3880900e-01   8.2144700e-01   3.1209563e+00   1.0000000e+00
   9.1000000e+01   1.0000000e+00   6.9882100e-01   8.2144700e-01   3.1209563e+00   1.0000000e+00
   9.2000000e+01   0.0000000e+00   1.2315900e+00   8.2144700e-01   3.1209563e+00   1.0000000e+00
   9.3000000e+01   0.0000000e+00   5.8589300e-01   8.2144700e-01   3.1209563e+00   1.0000000e+00
   9.4000000e+01   1.0000000e+00   1.1414130e+00   8.2144700e-01   3.1209563e+00   0.0000000e+00
   9.5000000e+01   0.0000000e+00   4.8147900e-01   8.2144700e-01   3.1209563e+00   0.0000000e+00
   9.6000000e+01   0.0000000e+00   6.3791000e-01   8.2144700e-01   3.1209563e+00   1.0000000e+00
   9.7000000e+01   1.0000000e+00   3.2365310e+00   8.2144700e-01   3.1209563e+00   1.0000000e+00
   9.8000000e+01   0.0000000e+00   5.9381700e-01   8.2144700e-01   3.1209563e+00   0.0000000e+00
   9.9000000e+01   0.0000000e+00   1.0976240e+00   8.2144700e-01   3.1209563e+00   0.0000000e+00
   1.0000000e+02   0.0000000e+00   7.7179700e-01   8.2144700e-01   3.1209563e+00   0.0000000e+00
   1.0100000e+02   0.0000000e+00   7.1567600e-01   8.2144700e-01   3.1209563e+00   1.0000000e+00
   1.0200000e+02   1.0000000e+00   8.5060900e-01   8.2144700e-01   3.1209563e+00   0.0000000e+00
   1.0300000e+02   0.0000000e+00   1.7070530e+00   8.2144700e-01   3.1209563e+00   0.0000000e+00
   1.0400000e+02   0.0000000e+00   1.5732080e+00   8.2144700e-01   3.1209563e+00   1.0000000e+00
   1.0500000e+02   0.0000000e+00   1.6052490e+00   8.2144700e-01   3.1209563e+00   0.0000000e+00
   1.0600000e+02   0.0000000e+00   9.1781900e-01   8.2144700e-01   3.1209563e+00   0.0000000e+00
   1.0700000e+02   1.0000000e+00   8.5366100e-01   8.2144700e-01   3.1209563e+00   1.0000000e+00
   1.0800000e+02   0.0000000e+00   4.7556600e-01   8.2144700e-01   3.1209563e+00   0.0000000e+00
   1.0900000e+02   1.0000000e+00   8.9721900e-01   8.2144700e-01   3.1209563e+00   1.0000000e+00
   1.1000000e+02   1.0000000e+00   6.0533900e-01   8.2144700e-01   3.1209563e+00   0.0000000e+00
   1.1100000e+02   0.0000000e+00   9.5247100e-01   8.2144700e-01   3.1209563e+00   1.0000000e+00
   1.1200000e+02   1.0000000e+00   4.5132600e-01   8.2144700e-01   3.1209563e+00   1.0000000e+00
   1.1300000e+02   0.0000000e+00   1.6129970e+00   8.2144700e-01   3.1209563e+00   1.0000000e+00
   1.1400000e+02   0.0000000e+00   5.6805600e-01   8.2144700e-01   3.1209563e+00   1.0000000e+00
   1.1500000e+02   0.0000000e+00   1.7623340e+00   8.2144700e-01   3.1209563e+00   0.0000000e+00
   1.1600000e+02   0.0000000e+00   2.4286700e+00   8.2144700e-01   3.1209563e+00   0.0000000e+00
   1.1700000e+02   0.0000000e+00   1.0504360e+00   8.2144700e-01   3.1209563e+00   1.0000000e+00
   1.1800000e+02   1.0000000e+00   7.3138400e-01   8.2144700e-01   3.1209563e+00   0.0000000e+00
   1.1900000e+02   0.0000000e+00   8.1208200e-01   8.2144700e-01   3.1209563e+00   1.0000000e+00
   1.2000000e+02   0.0000000e+00   7.4118000e-01   8.2144700e-01   3.1209563e+00   1.0000000e+00
   1.2100000e+02   0.0000000e+00   9.9149900e-01   8.2144700e-01   3.1209563e+00   1.0000000e+00
   1.2200000e+02   1.0000000e+00   4.6678900e-01   8.2144700e-01   3.1209563e+00   0.0000000e+00
   1.2300000e+02   0.0000000e+00   5.4649600e-01   8.2144700e-01   3.1209563e+00   1.0000000e+00
   1.2400000e+02   0.0000000e+00   5.3423500e-01   8.2144700e-01   3.1209563e+00   0.0000000e+00
   1.2500000e+02   0.0000000e+00   2.0112940e+00   8.2144700e-01   3.1209563e+00   0.0000000e+00
   1.2600000e+02   0.0000000e+00   6.9476100e-01   8.2144700e-01   3.1209563e+00   1.0000000e+00
   1.2700000e+02   0.0000000e+00   1.3936290e+00   8.2144700e-01   3.1209563e+00   0.0000000e+00
   1.2800000e+02   0.0000000e+00   5.3432500e-01   8.2144700e-01   3.1209563e+00   0.0000000e+00
   1.2900000e+02   1.0000000e+00   1.1124130e+00   8.2144700e-01   3.1209563e+00   1.0000000e+00
   1.3000000e+02   0.0000000e+00   7.1019100e-01   8.2144700e-01   3.1209563e+00   0.0000000e+00
   1.3100000e+02   1.0000000e+00   6.5166900e-01   8.2144700e-01   3.1209563e+00   0.0000000e+00
   1.3200000e+02   0.0000000e+00   4.7849300e-01   8.2144700e-01   3.1209563e+00   0.0000000e+00
   1.3300000e+02   1.0000000e+00   9.1467500e-01   8.2144700e-01   3.1209563e+00   1.0000000e+00
   1.3400000e+02   0.0000000e+00   1.3413980e+00   8.2144700e-01   3.1209563e+00   1.0000000e+00
   1.3500000e+02   1.0000000e+00   6.4952600e-01   8.2144700e-01   3.1209563e+00   1.0000000e+00
   1.3600000e+02   1.0000000e+00   1.2024950e+00   8.2144700e-01   3.1209563e+00   0.0000000e+00
