   1.0000000e+00   0.0000000e+00   3.7076200e+00   8.2324100e-01   3.1259169e+00   1.0000000e+00
   2.0000000e+00   0.0000000e+00   5.5151900e-01   8.2324100e-01   3.1259169e+00   1.0000000e+00
   3.0000000e+00   1.0000000e+00   9.1138000e-01   8.2324100e-01   3.1259169e+00   1.0000000e+00
   4.0000000e+00   0.0000000e+00   1.0332670e+00   8.2324100e-01   3.1259169e+00   0.0000000e+00
   5.0000000e+00   1.0000000e+00   1.2662310e+00   8.2324100e-01   3.1259169e+00   0.0000000e+00
   6.0000000e+00   0.0000000e+00   1.8736420e+00   8.2324100e-01   3.1259169e+00   1.0000000e+00
   7.0000000e+00   0.0000000e+00   1.2001670e+00   8.2324100e-01   3.1259169e+00   0.0000000e+00
   8.0000000e+00   1.0000000e+00   1.4371750e+00   8.2324100e-01   3.1259169e+00   1.0000000e+00
   9.0000000e+00   0.0000000e+00   5.3150100e-01   8.2324100e-01   3.1259169e+00   0.0000000e+00
   1.0000000e+01   0.0000000e+00   6.8407000e-01   8.2324100e-01   3.1259169e+00   1.0000000e+00
   1.1000000e+01   1.0000000e+00   6.3285200e-01   8.2324100e-01   3.1259169e+00   0.0000000e+00
   1.2000000e+01   1.0000000e+00   5.5812700e-01   8.2324100e-01   3.1259169e+00   0.0000000e+00
   1.3000000e+01   0.0000000e+00   6.2997500e-01   8.2324100e-01   3.1259169e+00   1.0000000e+00
   1.4000000e+01   0.0000000e+00   1.0991110e+00   8.2324100e-01   3.1259169e+00   0.0000000e+00
   1.5000000e+01   0.0000000e+00   4.5517000e-01   8.2324100e-01   3.1259169e+00   0.0000000e+00
   1.6000000e+01   0.0000000e+00   9.5422800e-01   8.2324100e-01   3.1259169e+00   1.0000000e+00
   1.7000000e+01   0.0000000e+00   1.3411010e+00   8.2324100e-01   3.1259169e+00   1.0000000e+00
   1.8000000e+01   0.0000000e+00   1.4665330e+00   8.2324100e-01   3.1259169e+00   0.0000000e+00
   1.9000000e+01   1.0000000e+00   5.1272800e-01   8.2324100e-01   3.1259169e+00   1.0000000e+00
   2.0000000e+01   0.0000000e+00   5.6986000e-01   8.2324100e-01   3.1259169e+00   0.0000000e+00
   2.1000000e+01   0.0000000e+00   5.1200400e-01   8.2324100e-01   3.1259169e+00   0.0000000e+00
   2.2000000e+01   1.0000000e+00   2.5826740e+00   8.2324100e-01   3.1259169e+00   0.0000000e+00
   2.3000000e+01   0.0000000e+00   1.0111650e+00   8.2324100e-01   3.1259169e+00   0.0000000e+00
   2.4000000e+01   0.0000000e+00   5.6294200e-01   8.2324100e-01   3.1259169e+00   1.0000000e+00
   2.5000000e+01   0.0000000e+00   5.4146300e-01   8.2324100e-01   3.1259169e+00   0.0000000e+00
   2.6000000e+01   0.0000000e+00   1.3550960e+00   8.2324100e-01   3.1259169e+00   0.0000000e+00
   2.7000000e+01   1.0000000e+00   5.0835100e-01   8.2324100e-01   3.1259169e+00   1.0000000e+00
   2.8000000e+01   0.0000000e+00   6.1604800e-01   8.2324100e-01   3.1259169e+00   0.0000000e+00
   2.9000000e+01   1.0000000e+00   4.7622700e-01   8.2324100e-01   3.1259169e+00   0.0000000e+00
   3.0000000e+01   0.0000000e+00   6.3438500e-01   8.2324100e-01   3.1259169e+00   1.0000000e+00
   3.1000000e+01   0.0000000e+00   4.8089300e-01   8.2324100e-01   3.1259169e+00   1.0000000e+00
   3.2000000e+01   0.0000000e+00   4.5617900e-01   8.2324100e-01   3.1259169e+00   1.0000000e+00
   3.3000000e+01   1.0000000e+00   5.4515500e-01   8.2324100e-01   3.1259169e+00   1.0000000e+00
   3.4000000e+01   0.0000000e+00   1.6667670e+00   8.2324100e-01   3.1259169e+00   1.0000000e+00
   3.5000000e+01   0.0000000e+00   1.1341620e+00   8.2324100e-01   3.1259169e+00   0.0000000e+00
   3.6000000e+01   1.0000000e+00   1.8319350e+00   8.2324100e-01   3.1259169e+00   1.0000000e+00
   3.7000000e+01   0.0000000e+00   6.0500900e-01   8.2324100e-01   3.1259169e+00   1.0000000e+00
   3.8000000e+01   1.0000000e+00   9.7043900e-01   8.2324100e-01   3.1259169e+00   0.0000000e+00
   3.9000000e+01   0.0000000e+00   5.0368400e-01   8.2324100e-01   3.1259169e+00   0.0000000e+00
   4.0000000e+01   0.0000000e+00   7.6092600e-01   8.2324100e-01   3.1259169e+00   1.0000000e+00
   4.1000000e+01   0.0000000e+00   4.7719800e-01   8.2324100e-01   3.1259169e+00   0.0000000e+00
   4.2000000e+01   0.0000000e+00   2.6977160e+00   8.2324100e-01   3.1259169e+00   1.0000000e+00
   4.3000000e+01   1.0000000e+00   4.4270700e-01   8.2324100e-01   3.1259169e+00   1.0000000e+00
   4.4000000e+01   0.0000000e+00   8.0221500e-01   8.2324100e-01   3.1259169e+00   0.0000000e+00
   4.5000000e+01   1.0000000e+00   5.8155300e-01   8.2324100e-01   3.1259169e+00   0.0000000e+00
   4.6000000e+01   0.0000000e+00   7.3820600e-01   8.2324100e-01   3.1259169e+00   0.0000000e+00
   4.7000000e+01   0.0000000e+00   1.4154530e+00   8.2324100e-01   3.1259169e+00   0.0000000e+00
   4.8000000e+01   1.0000000e+00   6.1612700e-01   8.2324100e-01   3.1259169e+00   0.0000000e+00
   4.9000000e+01   0.0000000e+00   5.0249400e-01   8.2324100e-01   3.1259169e+00   0.0000000e+00
   5.0000000e+01   1.0000000e+00   4.9585500e-01   8.2324100e-01   3.1259169e+00   1.0000000e+00
   5.1000000e+01   0.0000000e+00   7.4443000e-01   8.2324100e-01   3.1259169e+00   1.0000000e+00
   5.2000000e+01   0.0000000e+00   9.6196100e-01   8.2324100e-01   3.1259169e+00   1.0000000e+00
   5.3000000e+01   0.0000000e+00   7.7229900e-01   8.2324100e-01   3.1259169e+00   0.0000000e+00
   5.4000000e+01   0.0000000e+00   8.6475300e-01   8.2324100e-01   3.1259169e+00   1.0000000e+00
   5.5000000e+01   1.0000000e+00   5.5696900e-01   8.2324100e-01   3.1259169e+00   0.0000000e+00
   5.6000000e+01   0.0000000e+00   2.2958160e+00   8.2324100e-01   3.1259169e+00   1.0000000e+00
   5.7000000e+01   0.0000000e+00   7.1878400e-01   8.2324100e-01   3.1259169e+00   0.0000000e+00
   5.8000000e+01   0.0000000e+00   1.0727980e+00   8.2324100e-01   3.1259169e+00   0.0000000e+00
   5.9000000e+01   0.0000000e+00   5.1109500e-01   8.2324100e-01   3.1259169e+00   1.0000000e+00
   6.0000000e+01   1.0000000e+00   1.2929450e+00   8.2324100e-01   3.1259169e+00   1.0000000e+00
   6.1000000e+01   0.0000000e+00   7.2908800e-01   8.2324100e-01   3.1259169e+00   0.0000000e+00
   6.2000000e+01   0.0000000e+00   5.9159500e-01   8.2324100e-01   3.1259169e+00   0.0000000e+00
   6.3000000e+01   0.0000000e+00   1.0162960e+00   8.2324100e-01   3.1259169e+00   1.0000000e+00
   6.4000000e+01   0.0000000e+00   8.3303200e-01   8.2324100e-01   3.1259169e+00   1.0000000e+00
   6.5000000e+01   0.0000000e+00   1.8011220e+00   8.2324100e-01   3.1259169e+00   0.0000000e+00
   6.6000000e+01   0.0000000e+00   5.2450900e-01   8.2324100e-01   3.1259169e+00   1.0000000e+00
   6.7000000e+01   1.0000000e+00   4.5825200e-01   8.2324100e-01   3.1259169e+00   1.0000000e+00
   6.8000000e+01   0.0000000e+00   1.0850030e+00   8.2324100e-01   3.1259169e+00   1.0000000e+00
   6.9000000e+01   0.0000000e+00   4.4543100e-01   8.2324100e-01   3.1259169e+00   1.0000000e+00
   7.0000000e+01   0.0000000e+00   1.1320090e+00   8.2324100e-01   3.1259169e+00   0.0000000e+00
   7.1000000e+01   0.0000000e+00   1.4024180e+00   8.2324100e-01   3.1259169e+00   0.0000000e+00
   7.2000000e+01   1.0000000e+00   9.7235000e-01   8.2324100e-01   3.1259169e+00   0.0000000e+00
   7.3000000e+01   0.0000000e+00   5.3602200e-01   8.2324100e-01   3.1259169e+00   1.0000000e+00
   7.4000000e+01   1.0000000e+00   1.0991980e+00   8.2324100e-01   3.1259169e+00   0.0000000e+00
   7.5000000e+01   1.0000000e+00   6.0532100e-01   8.2324100e-01   3.1259169e+00   1.0000000e+00
   7.6000000e+01   0.0000000e+00   1.9626700e+00   8.2324100e-01   3.1259169e+00   1.0000000e+00
   7.7000000e+01   0.0000000e+00   9.4022500e-01   8.2324100e-01   3.1259169e+00   1.0000000e+00
   7.8000000e+01   0.0000000e+00   7.8600700e-01   8.2324100e-01   3.1259169e+00   0.0000000e+00
   7.9000000e+01   1.0000000e+00   6.1465500e-01   8.2324100e-01   3.1259169e+00   0.0000000e+00
   8.0000000e+01   0.0000000e+00   6.8347100e-01   8.2324100e-01   3.1259169e+00   1.0000000e+00
   8.1000000e+01   1.0000000e+00   6.1179200e-01   8.2324100e-01   3.1259169e+00   1.0000000e+00
   8.2000000e+01   0.0000000e+00   6.3582400e-01   8.2324100e-01   3.1259169e+00   0.0000000e+00
   8.3000000e+01   0.0000000e+00   2.5839340e+00   8.2324100e-01   3.1259169e+00   0.0000000e+00
   8.4000000e+01   0.0000000e+00   5.4271500e-01   8.2324100e-01   3.1259169e+00   1.0000000e+00
   8.5000000e+01   1.0000000e+00   6.7173200e-01   8.2324100e-01   3.1259169e+00   1.0000000e+00
   8.6000000e+01   0.0000000e+00   8.7144500e-01   8.2324100e-01   3.1259169e+00   1.0000000e+00
   8.7000000e+01   0.0000000e+00   8.0145000e-01   8.2324100e-01   3.1259169e+00   0.0000000e+00
   8.8000000e+01   0.0000000e+00   7.0574400e-01   8.2324100e-01   3.1259169e+00   0.0000000e+00
   8.9000000e+01   1.0000000e+00   1.2999550e+00   8.2324100e-01   3.1259169e+00   0.0000000e+00
   9.0000000e+01   0.0000000e+00   7.4287800e-01   8.2324100e-01   3.1259169e+00   1.0000000e+00
   9.1000000e+01   0.0000000e+00   4.6939000e-01   8.2324100e-01   3.1259169e+00   1.0000000e+00
   9.2000000e+01   1.0000000e+00   1.8294680e+00   8.2324100e-01   3.1259169e+00   1.0000000e+00
   9.3000000e+01   0.0000000e+00   7.3532800e-01   8.2324100e-01   3.1259169e+00   0.0000000e+00
   9.4000000e+01   1.0000000e+00   6.9688800e-01   8.2324100e-01   3.1259169e+00   0.0000000e+00
   9.5000000e+01   0.0000000e+00   9.3818000e-01   8.2324100e-01   3.1259169e+00   1.0000000e+00
   9.6000000e+01   0.0000000e+00   6.2038000e-01   8.2324100e-01   3.1259169e+00   0.0000000e+00
   9.7000000e+01   1.0000000e+00   8.8080300e-01   8.2324100e-01   3.1259169e+00   1.0000000e+00
   9.8000000e+01   0.0000000e+00   1.1150130e+00   8.2324100e-01   3.1259169e+00   0.0000000e+00
   9.9000000e+01   1.0000000e+00   5.3915600e-01   8.2324100e-01   3.1259169e+00   0.0000000e+00
   1.0000000e+02   0.0000000e+00   4.6568600e-01   8.2324100e-01   3.1259169e+00   1.0000000e+00
   1.0100000e+02   0.0000000e+00   1.0613740e+00   8.2324100e-01   3.1259169e+00   1.0000000e+00
   1.0200000e+02   1.0000000e+00   8.2252400e-01   8.2324100e-01   3.1259169e+00   0.0000000e+00
   1.0300000e+02   0.0000000e+00   5.2540700e-01   8.2324100e-01   3.1259169e+00   1.0000000e+00
   1.0400000e+02   0.0000000e+00   1.7665470e+00   8.2324100e-01   3.1259169e+00   0.0000000e+00
   1.0500000e+02   0.0000000e+00   8.7925500e-01   8.2324100e-01   3.1259169e+00   1.0000000e+00
   1.0600000e+02   0.0000000e+00   4.8027500e-01   8.2324100e-01   3.1259169e+00   1.0000000e+00
   1.0700000e+02   0.0000000e+00   1.0399480e+00   8.2324100e-01   3.1259169e+00   0.0000000e+00
   1.0800000e+02   0.0000000e+00   9.5064500e-01   8.2324100e-01   3.1259169e+00   1.0000000e+00
   1.0900000e+02   0.0000000e+00   1.1295550e+00   8.2324100e-01   3.1259169e+00   0.0000000e+00
   1.1000000e+02   1.0000000e+00   8.5834700e-01   8.2324100e-01   3.1259169e+00   1.0000000e+00
   1.1100000e+02   0.0000000e+00   9.7175400e-01   8.2324100e-01   3.1259169e+00   1.0000000e+00
   1.1200000e+02   1.0000000e+00   5.9254400e-01   8.2324100e-01   3.1259169e+00   0.0000000e+00
   1.1300000e+02   1.0000000e+00   5.7024600e-01   8.2324100e-01   3.1259169e+00   1.0000000e+00
   1.1400000e+02   0.0000000e+00   1.0496740e+00   8.2324100e-01   3.1259169e+00   1.0000000e+00
   1.1500000e+02   0.0000000e+00   1.1426570e+00   8.2324100e-01   3.1259169e+00   1.0000000e+00
   1.1600000e+02   1.0000000e+00   8.5956600e-01   8.2324100e-01   3.1259169e+00   1.0000000e+00
   1.1700000e+02   0.0000000e+00   7.1505900e-01   8.2324100e-01   3.1259169e+00   1.0000000e+00
   1.1800000e+02   1.0000000e+00   4.6456800e-01   8.2324100e-01   3.1259169e+00   0.0000000e+00
   1.1900000e+02   0.0000000e+00   1.0760440e+00   8.2324100e-01   3.1259169e+00   0.0000000e+00
   1.2000000e+02   0.0000000e+00   1.4218680e+00   8.2324100e-01   3.1259169e+00   0.0000000e+00
   1.2100000e+02   0.0000000e+00   7.1494300e-01   8.2324100e-01   3.1259169e+00   0.0000000e+00
   1.2200000e+02   1.0000000e+00   8.8207400e-01   8.2324100e-01   3.1259169e+00   1.0000000e+00
   1.2300000e+02   0.0000000e+00   1.7852280e+00   8.2324100e-01   3.1259169e+00   1.0000000e+00
   1.2400000e+02   0.0000000e+00   1.2581810e+00   8.2324100e-01   3.1259169e+00   1.0000000e+00
   1.2500000e+02   0.0000000e+00   4.7162700e-01   8.2324100e-01   3.1259169e+00   0.0000000e+00
   1.2600000e+02   1.0000000e+00   1.9399160e+00   8.2324100e-01   3.1259169e+00   0.0000000e+00
   1.2700000e+02   0.0000000e+00   7.6469200e-01   8.2324100e-01   3.1259169e+00   0.0000000e+00
   1.2800000e+02   0.0000000e+00   4.5201800e-01   8.2324100e-01   3.1259169e+00   0.0000000e+00
   1.2900000e+02   0.0000000e+00   6.1450100e-01   8.2324100e-01   3.1259169e+00   1.0000000e+00
   1.3000000e+02   0.0000000e+00   2.3424740e+00   8.2324100e-01   3.1259169e+00   1.0000000e+00
   1.3100000e+02   0.0000000e+00   4.8560600e-01   8.2324100e-01   3.1259169e+00   0.0000000e+00
   1.3200000e+02   0.0000000e+00   1.0367900e+00   8.2324100e-01   3.1259169e+00   0.0000000e+00
   1.3300000e+02   1.0000000e+00   6.7946600e-01   8.2324100e-01   3.1259169e+00   0.0000000e+00
   1.3400000e+02   0.0000000e+00   5.3984400e-01   8.2324100e-01   3.1259169e+00   0.0000000e+00
   1.3500000e+02   1.0000000e+00   4.6845100e-01   8.2324100e-01   3.1259169e+00   1.0000000e+00
   1.3600000e+02   0.0000000e+00   6.3676700e-01   8.2324100e-01   3.1259169e+00   0.0000000e+00
