1	0	1.690188	0.819625	3.3772110276	0
2	0	1.007116	0.819625	3.3772110276	1
3	0	1.395865	0.819625	3.3772110276	0
4	0	0.785089	0.819625	3.3772110276	1
5	0	1.464574	0.819625	3.3772110276	1
6	1	0.900859	0.819625	3.3772110276	1
7	1	0.620072	0.819625	3.3772110276	0
8	0	0.562365	0.819625	3.3772110276	0
9	1	0.945554	0.819625	3.3772110276	1
10	0	0.642233	0.819625	3.3772110276	1
11	0	0.677042	0.819625	3.3772110276	1
12	0	0.970368	0.819625	3.3772110276	0
13	1	1.507207	0.819625	3.3772110276	0
14	0	1.704907	0.819625	3.3772110276	1
15	0	0.750305	0.819625	3.3772110276	1
16	0	0.517001	0.819625	3.3772110276	1
17	1	0.822836	0.819625	3.3772110276	0
18	0	1.026483	0.819625	3.3772110276	0
19	0	0.529569	0.819625	3.3772110276	0
20	0	1.621152	0.819625	3.3772110276	1
21	0	1.314962	0.819625	3.3772110276	0
22	0	0.981741	0.819625	3.3772110276	1
23	0	1.190093	0.819625	3.3772110276	0
24	1	0.580023	0.819625	3.3772110276	1
25	0	0.770723	0.819625	3.3772110276	1
26	0	1.062233	0.819625	3.3772110276	0
27	0	0.702664	0.819625	3.3772110276	0
28	1	0.927662	0.819625	3.3772110276	0
29	0	0.730388	0.819625	3.3772110276	0
30	1	2.944656	0.819625	3.3772110276	1
31	0	0.538098	0.819625	3.3772110276	1
32	1	0.865337	0.819625	3.3772110276	0
33	0	0.519380	0.819625	3.3772110276	0
34	1	0.812954	0.819625	3.3772110276	1
35	0	0.834668	0.819625	3.3772110276	1
36	1	0.580263	0.819625	3.3772110276	1
37	0	0.703981	0.819625	3.3772110276	1
38	0	0.597992	0.819625	3.3772110276	1
39	0	0.526647	0.819625	3.3772110276	0
40	1	1.338500	0.819625	3.3772110276	0
41	0	1.438654	0.819625	3.3772110276	0
42	0	0.947210	0.819625	3.3772110276	1
43	0	2.392154	0.819625	3.3772110276	1
44	0	0.737605	0.819625	3.3772110276	0
45	1	1.270923	0.819625	3.3772110276	1
46	0	0.907523	0.819625	3.3772110276	1
47	0	1.883643	0.819625	3.3772110276	0
48	1	0.912421	0.819625	3.3772110276	0
49	0	0.574161	0.819625	3.3772110276	1
50	0	0.596372	0.819625	3.3772110276	0
51	0	1.665277	0.819625	3.3772110276	0
52	0	0.792220	0.819625	3.3772110276	1
53	1	0.944298	0.819625	3.3772110276	0
54	0	0.513833	0.819625	3.3772110276	1
55	0	0.917942	0.819625	3.3772110276	0
56	0	0.701645	0.819625	3.3772110276	0
57	1	1.962803	0.819625	3.3772110276	1
58	1	1.200744	0.819625	3.3772110276	0
59	0	0.560531	0.819625	3.3772110276	1
60	0	0.508428	0.819625	3.3772110276	0
61	0	0.642019	0.819625	3.3772110276	1
62	1	0.749242	0.819625	3.3772110276	1
63	0	0.650451	0.819625	3.3772110276	0
64	1	1.101358	0.819625	3.3772110276	1
65	0	0.837714	0.819625	3.3772110276	1
66	0	0.502823	0.819625	3.3772110276	0
67	0	0.653060	0.819625	3.3772110276	0
68	0	0.918005	0.819625	3.3772110276	0
69	0	0.651638	0.819625	3.3772110276	1
70	1	0.851147	0.819625	3.3772110276	0
71	0	0.535781	0.819625	3.3772110276	1
72	0	1.290556	0.819625	3.3772110276	1
73	1	1.119603	0.819625	3.3772110276	0
74	0	0.600640	0.819625	3.3772110276	1
75	0	0.704567	0.819625	3.3772110276	1
76	1	0.562735	0.819625	3.3772110276	1
77	0	0.518674	0.819625	3.3772110276	0
78	0	0.623815	0.819625	3.3772110276	1
79	1	1.065538	0.819625	3.3772110276	0
80	0	0.872055	0.819625	3.3772110276	0
81	1	1.005582	0.819625	3.3772110276	1
82	0	1.322372	0.819625	3.3772110276	1
83	0	0.646156	0.819625	3.3772110276	1
84	1	1.097954	0.819625	3.3772110276	1
85	0	1.294050	0.819625	3.3772110276	0
86	0	0.952630	0.819625	3.3772110276	1
87	0	1.322948	0.819625	3.3772110276	0
88	0	0.747203	0.819625	3.3772110276	0
89	0	1.947781	0.819625	3.3772110276	0
90	1	0.762145	0.819625	3.3772110276	0
91	1	1.716839	0.819625	3.3772110276	1
92	0	0.696151	0.819625	3.3772110276	1
93	0	1.793016	0.819625	3.3772110276	0
94	0	1.076723	0.819625	3.3772110276	0
95	1	0.665278	0.819625	3.3772110276	0
96	0	0.839139	0.819625	3.3772110276	0
97	0	0.586861	0.819625	3.3772110276	0
98	0	0.912257	0.819625	3.3772110276	1
99	0	0.805956	0.819625	3.3772110276	1
100	0	1.866330	0.819625	3.3772110276	0
101	0	0.570914	0.819625	3.3772110276	1
102	0	1.093305	0.819625	3.3772110276	0
103	1	0.628982	0.819625	3.3772110276	1
104	0	0.572449	0.819625	3.3772110276	0
105	1	0.528439	0.819625	3.3772110276	0
106	0	0.905673	0.819625	3.3772110276	0
107	0	2.131523	0.819625	3.3772110276	0
108	0	1.441255	0.819625	3.3772110276	1
109	0	0.726668	0.819625	3.3772110276	1
110	1	1.687269	0.819625	3.3772110276	0
111	0	0.571729	0.819625	3.3772110276	1
112	1	0.516465	0.819625	3.3772110276	1
113	0	0.821008	0.819625	3.3772110276	1
114	0	1.524900	0.819625	3.3772110276	1
115	0	1.071024	0.819625	3.3772110276	0
116	0	2.499047	0.819625	3.3772110276	1
117	0	0.667511	0.819625	3.3772110276	0
118	0	1.129571	0.819625	3.3772110276	0
119	1	1.176450	0.819625	3.3772110276	0
120	0	1.219362	0.819625	3.3772110276	1
121	0	0.663651	0.819625	3.3772110276	0
122	1	1.049986	0.819625	3.3772110276	1
123	0	1.457119	0.819625	3.3772110276	1
124	1	0.837702	0.819625	3.3772110276	1
125	0	0.594498	0.819625	3.3772110276	0
126	0	0.548148	0.819625	3.3772110276	1
127	1	1.368602	0.819625	3.3772110276	0
128	0	1.311850	0.819625	3.3772110276	0
129	0	0.982358	0.819625	3.3772110276	0
130	1	1.481434	0.819625	3.3772110276	1
131	0	0.835675	0.819625	3.3772110276	1
132	1	1.103228	0.819625	3.3772110276	0
133	0	1.246508	0.819625	3.3772110276	1
134	0	1.793105	0.819625	3.3772110276	0
135	1	1.018510	0.819625	3.3772110276	0
136	1	0.623154	0.819625	3.3772110276	1
