1	0	1.189333	0.833528	2.8045722902	0
2	0	0.887795	0.833528	2.8045722902	0
3	0	0.991521	0.833528	2.8045722902	0
4	1	1.234163	0.833528	2.8045722902	0
5	0	0.615332	0.833528	2.8045722902	1
6	1	0.583223	0.833528	2.8045722902	1
7	0	0.527888	0.833528	2.8045722902	0
8	0	1.433568	0.833528	2.8045722902	0
9	0	0.637037	0.833528	2.8045722902	0
10	1	0.659014	0.833528	2.8045722902	0
11	1	1.792325	0.833528	2.8045722902	1
12	0	1.309831	0.833528	2.8045722902	1
13	0	0.550786	0.833528	2.8045722902	1
14	0	0.539963	0.833528	2.8045722902	1
15	0	2.081661	0.833528	2.8045722902	1
16	0	0.616262	0.833528	2.8045722902	1
17	0	0.564033	0.833528	2.8045722902	1
18	0	1.167680	0.833528	2.8045722902	1
19	0	0.811917	0.833528	2.8045722902	1
20	1	0.714391	0.833528	2.8045722902	1
21	1	1.034550	0.833528	2.8045722902	0
22	0	0.744686	0.833528	2.8045722902	1
23	0	2.045035	0.833528	2.8045722902	1
24	0	1.836207	0.833528	2.8045722902	0
25	1	0.592747	0.833528	2.8045722902	1
26	1	0.688240	0.833528	2.8045722902	0
27	0	0.652233	0.833528	2.8045722902	0
28	0	0.891148	0.833528	2.8045722902	0
29	0	0.980609	0.833528	2.8045722902	0
30	0	1.586797	0.833528	2.8045722902	0
31	0	0.521375	0.833528	2.8045722902	0
32	0	0.991104	0.833528	2.8045722902	1
33	1	1.191463	0.833528	2.8045722902	1
34	0	0.966853	0.833528	2.8045722902	0
35	0	0.998770	0.833528	2.8045722902	0
36	1	0.830846	0.833528	2.8045722902	0
37	0	0.841842	0.833528	2.8045722902	0
38	0	1.917214	0.833528	2.8045722902	0
39	0	1.287287	0.833528	2.8045722902	0
40	1	0.754044	0.833528	2.8045722902	0
41	0	0.578077	0.833528	2.8045722902	1
42	1	0.619414	0.833528	2.8045722902	1
43	0	0.640311	0.833528	2.8045722902	0
44	1	0.561872	0.833528	2.8045722902	0
45	0	0.891796	0.833528	2.8045722902	1
46	0	1.555047	0.833528	2.8045722902	0
47	0	1.048185	0.833528	2.8045722902	0
48	1	0.536634	0.833528	2.8045722902	1
49	0	0.872939	0.833528	2.8045722902	1
50	0	1.119643	0.833528	2.8045722902	0
51	0	1.744429	0.833528	2.8045722902	1
52	1	0.799051	0.833528	2.8045722902	1
53	0	1.202173	0.833528	2.8045722902	1
54	0	1.103380	0.833528	2.8045722902	0
55	0	0.895269	0.833528	2.8045722902	1
56	1	0.819603	0.833528	2.8045722902	0
57	0	0.797091	0.833528	2.8045722902	0
58	0	0.654342	0.833528	2.8045722902	0
59	0	0.704340	0.833528	2.8045722902	1
60	0	0.707178	0.833528	2.8045722902	1
61	1	1.616241	0.833528	2.8045722902	1
62	0	0.945567	0.833528	2.8045722902	1
63	0	0.546289	0.833528	2.8045722902	1
64	1	2.185572	0.833528	2.8045722902	0
65	0	0.773154	0.833528	2.8045722902	1
66	0	0.876667	0.833528	2.8045722902	1
67	0	0.847151	0.833528	2.8045722902	1
68	0	1.387669	0.833528	2.8045722902	0
69	0	0.603634	0.833528	2.8045722902	1
70	1	2.224920	0.833528	2.8045722902	0
71	0	0.513931	0.833528	2.8045722902	1
72	0	1.213792	0.833528	2.8045722902	0
73	1	0.517116	0.833528	2.8045722902	1
74	0	0.985794	0.833528	2.8045722902	1
75	0	1.105893	0.833528	2.8045722902	0
76	1	1.486898	0.833528	2.8045722902	1
77	0	3.097656	0.833528	2.8045722902	0
78	0	0.541727	0.833528	2.8045722902	0
79	0	1.191219	0.833528	2.8045722902	1
80	1	0.948385	0.833528	2.8045722902	0
81	0	1.168457	0.833528	2.8045722902	1
82	0	1.236810	0.833528	2.8045722902	0
83	0	0.856603	0.833528	2.8045722902	0
84	1	1.184924	0.833528	2.8045722902	1
85	0	1.387543	0.833528	2.8045722902	0
86	1	1.073198	0.833528	2.8045722902	0
87	0	0.908413	0.833528	2.8045722902	1
88	0	0.515888	0.833528	2.8045722902	1
89	0	1.513283	0.833528	2.8045722902	0
90	0	0.510298	0.833528	2.8045722902	1
91	1	1.624000	0.833528	2.8045722902	0
92	0	0.695347	0.833528	2.8045722902	0
93	1	0.550135	0.833528	2.8045722902	1
94	0	1.615606	0.833528	2.8045722902	1
95	0	0.960647	0.833528	2.8045722902	1
96	1	2.176580	0.833528	2.8045722902	0
97	0	0.744220	0.833528	2.8045722902	0
98	1	0.532429	0.833528	2.8045722902	1
99	0	0.828869	0.833528	2.8045722902	1
100	1	0.610921	0.833528	2.8045722902	0
101	0	1.557965	0.833528	2.8045722902	0
102	0	0.574592	0.833528	2.8045722902	1
103	0	0.976279	0.833528	2.8045722902	1
104	1	0.904977	0.833528	2.8045722902	1
105	0	1.073766	0.833528	2.8045722902	1
106	0	1.163735	0.833528	2.8045722902	0
107	1	0.594515	0.833528	2.8045722902	1
108	0	0.892517	0.833528	2.8045722902	1
109	0	0.713583	0.833528	2.8045722902	1
110	1	0.708849	0.833528	2.8045722902	0
111	0	0.552697	0.833528	2.8045722902	1
112	0	0.599096	0.833528	2.8045722902	0
113	0	0.646394	0.833528	2.8045722902	0
114	1	0.690464	0.833528	2.8045722902	1
115	0	0.821429	0.833528	2.8045722902	1
116	0	1.168341	0.833528	2.8045722902	0
117	1	1.137620	0.833528	2.8045722902	0
118	0	0.831824	0.833528	2.8045722902	0
119	0	0.632052	0.833528	2.8045722902	1
120	0	0.807206	0.833528	2.8045722902	1
121	0	0.517101	0.833528	2.8045722902	1
122	0	1.429957	0.833528	2.8045722902	0
123	1	0.653394	0.833528	2.8045722902	0
124	0	1.579430	0.833528	2.8045722902	0
125	1	0.599203	0.833528	2.8045722902	1
126	0	0.943783	0.833528	2.8045722902	0
127	0	1.436915	0.833528	2.8045722902	0
128	0	1.029804	0.833528	2.8045722902	0
129	0	1.633417	0.833528	2.8045722902	1
130	0	1.117568	0.833528	2.8045722902	0
131	1	1.117141	0.833528	2.8045722902	0
132	0	0.775377	0.833528	2.8045722902	1
133	1	1.067962	0.833528	2.8045722902	1
134	0	1.332781	0.833528	2.8045722902	0
135	1	0.546440	0.833528	2.8045722902	1
136	1	0.756830	0.833528	2.8045722902	0
