   1.0000000e+00   0.0000000e+00   1.1626630e+00   8.3994800e-01   3.1935705e+00   1.0000000e+00
   2.0000000e+00   0.0000000e+00   7.6650800e-01   8.3994800e-01   3.1935705e+00   0.0000000e+00
   3.0000000e+00   0.0000000e+00   5.1098800e-01   8.3994800e-01   3.1935705e+00   0.0000000e+00
   4.0000000e+00   0.0000000e+00   8.1991300e-01   8.3994800e-01   3.1935705e+00   1.0000000e+00
   5.0000000e+00   1.0000000e+00   8.2192000e-01   8.3994800e-01   3.1935705e+00   0.0000000e+00
   6.0000000e+00   0.0000000e+00   1.2378320e+00   8.3994800e-01   3.1935705e+00   1.0000000e+00
   7.0000000e+00   0.0000000e+00   1.3551660e+00   8.3994800e-01   3.1935705e+00   0.0000000e+00
   8.0000000e+00   0.0000000e+00   8.9915000e-01   8.3994800e-01   3.1935705e+00   1.0000000e+00
   9.0000000e+00   1.0000000e+00   7.7935800e-01   8.3994800e-01   3.1935705e+00   1.0000000e+00
   1.0000000e+01   0.0000000e+00   7.3506800e-01   8.3994800e-01   3.1935705e+00   0.0000000e+00
   1.1000000e+01   0.0000000e+00   9.6584000e-01   8.3994800e-01   3.1935705e+00   1.0000000e+00
   1.2000000e+01   1.0000000e+00   1.0285640e+00   8.3994800e-01   3.1935705e+00   0.0000000e+00
   1.3000000e+01   0.0000000e+00   8.3080500e-01   8.3994800e-01   3.1935705e+00   1.0000000e+00
   1.4000000e+01   1.0000000e+00   8.4774400e-01   8.3994800e-01   3.1935705e+00   1.0000000e+00
   1.5000000e+01   0.0000000e+00   4.8389200e-01   8.3994800e-01   3.1935705e+00   0.0000000e+00
   1.6000000e+01   0.0000000e+00   5.3848000e-01   8.3994800e-01   3.1935705e+00   1.0000000e+00
   1.7000000e+01   1.0000000e+00   1.0866110e+00   8.3994800e-01   3.1935705e+00   1.0000000e+00
   1.8000000e+01   1.0000000e+00   1.2059680e+00   8.3994800e-01   3.1935705e+00   0.0000000e+00
   1.9000000e+01   0.0000000e+00   1.3150560e+00   8.3994800e-01   3.1935705e+00   0.0000000e+00
   2.0000000e+01   0.0000000e+00   6.2130600e-01   8.3994800e-01   3.1935705e+00   0.0000000e+00
   2.1000000e+01   0.0000000e+00   9.8871400e-01   8.3994800e-01   3.1935705e+00   0.0000000e+00
   2.2000000e+01   0.0000000e+00   1.0780870e+00   8.3994800e-01   3.1935705e+00   0.0000000e+00
   2.3000000e+01   1.0000000e+00   1.4153660e+00   8.3994800e-01   3.1935705e+00   1.0000000e+00
   2.4000000e+01   0.0000000e+00   1.2955200e+00   8.3994800e-01   3.1935705e+00   1.0000000e+00
   2.5000000e+01   0.0000000e+00   1.0669520e+00   8.3994800e-01   3.1935705e+00   1.0000000e+00
   2.6000000e+01   0.0000000e+00   1.3129360e+00   8.3994800e-01   3.1935705e+00   1.0000000e+00
   2.7000000e+01   0.0000000e+00   5.7784500e-01   8.3994800e-01   3.1935705e+00   0.0000000e+00
   2.8000000e+01   1.0000000e+00   8.0309700e-01   8.3994800e-01   3.1935705e+00   0.0000000e+00
   2.9000000e+01   0.0000000e+00   2.1023210e+00   8.3994800e-01   3.1935705e+00   1.0000000e+00
   3.0000000e+01   0.0000000e+00   7.3234300e-01   8.3994800e-01   3.1935705e+00   1.0000000e+00
   3.1000000e+01   0.0000000e+00   7.8362100e-01   8.3994800e-01   3.1935705e+00   0.0000000e+00
   3.2000000e+01   0.0000000e+00   6.3255700e-01   8.3994800e-01   3.1935705e+00   0.0000000e+00
   3.3000000e+01   1.0000000e+00   9.8120900e-01   8.3994800e-01   3.1935705e+00   1.0000000e+00
   3.4000000e+01   0.0000000e+00   1.8182430e+00   8.3994800e-01   3.1935705e+00   0.0000000e+00
   3.5000000e+01   1.0000000e+00   1.4313150e+00   8.3994800e-01   3.1935705e+00   0.0000000e+00
   3.6000000e+01   0.0000000e+00   1.3480620e+00   8.3994800e-01   3.1935705e+00   1.0000000e+00
   3.7000000e+01   1.0000000e+00   1.0543130e+00   8.3994800e-01   3.1935705e+00   0.0000000e+00
   3.8000000e+01   0.0000000e+00   9.6920100e-01   8.3994800e-01   3.1935705e+00   0.0000000e+00
   3.9000000e+01   1.0000000e+00   8.9738600e-01   8.3994800e-01   3.1935705e+00   1.0000000e+00
   4.0000000e+01   0.0000000e+00   6.2261400e-01   8.3994800e-01   3.1935705e+00   1.0000000e+00
   4.1000000e+01   0.0000000e+00   1.0958680e+00   8.3994800e-01   3.1935705e+00   0.0000000e+00
   4.2000000e+01   0.0000000e+00   1.1786360e+00   8.3994800e-01   3.1935705e+00   0.0000000e+00
   4.3000000e+01   1.0000000e+00   1.1770490e+00   8.3994800e-01   3.1935705e+00   0.0000000e+00
   4.4000000e+01   0.0000000e+00   2.4516450e+00   8.3994800e-01   3.1935705e+00   1.0000000e+00
   4.5000000e+01   1.0000000e+00   5.7259900e-01   8.3994800e-01   3.1935705e+00   1.0000000e+00
   4.6000000e+01   0.0000000e+00   5.6746200e-01   8.3994800e-01   3.1935705e+00   1.0000000e+00
   4.7000000e+01   0.0000000e+00   5.9836100e-01   8.3994800e-01   3.1935705e+00   1.0000000e+00
   4.8000000e+01   0.0000000e+00   9.6121300e-01   8.3994800e-01   3.1935705e+00   0.0000000e+00
   4.9000000e+01   0.0000000e+00   7.9669200e-01   8.3994800e-01   3.1935705e+00   0.0000000e+00
   5.0000000e+01   0.0000000e+00   7.8743200e-01   8.3994800e-01   3.1935705e+00   0.0000000e+00
   5.1000000e+01   1.0000000e+00   1.6737180e+00   8.3994800e-01   3.1935705e+00   1.0000000e+00
   5.2000000e+01   0.0000000e+00   6.6563400e-01   8.3994800e-01   3.1935705e+00   1.0000000e+00
   5.3000000e+01   0.0000000e+00   1.9958350e+00   8.3994800e-01   3.1935705e+00   1.0000000e+00
   5.4000000e+01   0.0000000e+00   1.8475330e+00   8.3994800e-01   3.1935705e+00   0.0000000e+00
   5.5000000e+01   0.0000000e+00   9.8921200e-01   8.3994800e-01   3.1935705e+00   1.0000000e+00
   5.6000000e+01   0.0000000e+00   5.6661800e-01   8.3994800e-01   3.1935705e+00   1.0000000e+00
   5.7000000e+01   1.0000000e+00   1.1987630e+00   8.3994800e-01   3.1935705e+00   0.0000000e+00
   5.8000000e+01   0.0000000e+00   6.0725900e-01   8.3994800e-01   3.1935705e+00   0.0000000e+00
   5.9000000e+01   0.0000000e+00   5.9295500e-01   8.3994800e-01   3.1935705e+00   0.0000000e+00
   6.0000000e+01   1.0000000e+00   1.9564320e+00   8.3994800e-01   3.1935705e+00   1.0000000e+00
   6.1000000e+01   0.0000000e+00   4.8376200e-01   8.3994800e-01   3.1935705e+00   1.0000000e+00
   6.2000000e+01   0.0000000e+00   5.7481600e-01   8.3994800e-01   3.1935705e+00   0.0000000e+00
   6.3000000e+01   1.0000000e+00   1.3773850e+00   8.3994800e-01   3.1935705e+00   0.0000000e+00
   6.4000000e+01   0.0000000e+00   4.5508900e-01   8.3994800e-01   3.1935705e+00   1.0000000e+00
   6.5000000e+01   0.0000000e+00   5.5092200e-01   8.3994800e-01   3.1935705e+00   0.0000000e+00
   6.6000000e+01   1.0000000e+00   6.0766300e-01   8.3994800e-01   3.1935705e+00   0.0000000e+00
   6.7000000e+01   0.0000000e+00   9.6122700e-01   8.3994800e-01   3.1935705e+00   1.0000000e+00
   6.8000000e+01   0.0000000e+00   1.0107090e+00   8.3994800e-01   3.1935705e+00   1.0000000e+00
   6.9000000e+01   1.0000000e+00   6.4623500e-01   8.3994800e-01   3.1935705e+00   1.0000000e+00
   7.0000000e+01   0.0000000e+00   1.5544140e+00   8.3994800e-01   3.1935705e+00   0.0000000e+00
   7.1000000e+01   0.0000000e+00   7.9768500e-01   8.3994800e-01   3.1935705e+00   0.0000000e+00
   7.2000000e+01   0.0000000e+00   9.6027900e-01   8.3994800e-01   3.1935705e+00   1.0000000e+00
   7.3000000e+01   0.0000000e+00   1.1084260e+00   8.3994800e-01   3.1935705e+00   0.0000000e+00
   7.4000000e+01   0.0000000e+00   7.5191300e-01   8.3994800e-01   3.1935705e+00   1.0000000e+00
   7.5000000e+01   1.0000000e+00   7.5771800e-01   8.3994800e-01   3.1935705e+00   1.0000000e+00
   7.6000000e+01   0.0000000e+00   8.4713000e-01   8.3994800e-01   3.1935705e+00   0.0000000e+00
   7.7000000e+01   1.0000000e+00   5.1205300e-01   8.3994800e-01   3.1935705e+00   0.0000000e+00
   7.8000000e+01   0.0000000e+00   8.7197400e-01   8.3994800e-01   3.1935705e+00   1.0000000e+00
   7.9000000e+01   0.0000000e+00   5.0788300e-01   8.3994800e-01   3.1935705e+00   1.0000000e+00
   8.0000000e+01   1.0000000e+00   6.3437500e-01   8.3994800e-01   3.1935705e+00   1.0000000e+00
   8.1000000e+01   0.0000000e+00   6.1194500e-01   8.3994800e-01   3.1935705e+00   1.0000000e+00
   8.2000000e+01   0.0000000e+00   9.2154600e-01   8.3994800e-01   3.1935705e+00   1.0000000e+00
   8.3000000e+01   1.0000000e+00   5.6531200e-01   8.3994800e-01   3.1935705e+00   0.0000000e+00
   8.4000000e+01   1.0000000e+00   5.0297500e-01   8.3994800e-01   3.1935705e+00   0.0000000e+00
   8.5000000e+01   0.0000000e+00   8.1729300e-01   8.3994800e-01   3.1935705e+00   1.0000000e+00
   8.6000000e+01   0.0000000e+00   5.9805900e-01   8.3994800e-01   3.1935705e+00   0.0000000e+00
   8.7000000e+01   0.0000000e+00   4.7851600e-01   8.3994800e-01   3.1935705e+00   1.0000000e+00
   8.8000000e+01   0.0000000e+00   2.1600730e+00   8.3994800e-01   3.1935705e+00   0.0000000e+00
   8.9000000e+01   0.0000000e+00   8.7908300e-01   8.3994800e-01   3.1935705e+00   0.0000000e+00
   9.0000000e+01   0.0000000e+00   6.0536000e-01   8.3994800e-01   3.1935705e+00   0.0000000e+00
   9.1000000e+01   0.0000000e+00   1.0769210e+00   8.3994800e-01   3.1935705e+00   1.0000000e+00
   9.2000000e+01   1.0000000e+00   1.4224230e+00   8.3994800e-01   3.1935705e+00   1.0000000e+00
   9.3000000e+01   1.0000000e+00   1.2365430e+00   8.3994800e-01   3.1935705e+00   0.0000000e+00
   9.4000000e+01   0.0000000e+00   5.3753300e-01   8.3994800e-01   3.1935705e+00   1.0000000e+00
   9.5000000e+01   0.0000000e+00   1.9463800e+00   8.3994800e-01   3.1935705e+00   0.0000000e+00
   9.6000000e+01   0.0000000e+00   7.3163300e-01   8.3994800e-01   3.1935705e+00   0.0000000e+00
   9.7000000e+01   1.0000000e+00   1.5876520e+00   8.3994800e-01   3.1935705e+00   1.0000000e+00
   9.8000000e+01   0.0000000e+00   5.8902600e-01   8.3994800e-01   3.1935705e+00   1.0000000e+00
   9.9000000e+01   0.0000000e+00   6.7988700e-01   8.3994800e-01   3.1935705e+00   1.0000000e+00
   1.0000000e+02   0.0000000e+00   6.4314700e-01   8.3994800e-01   3.1935705e+00   0.0000000e+00
   1.0100000e+02   0.0000000e+00   9.2060400e-01   8.3994800e-01   3.1935705e+00   0.0000000e+00
   1.0200000e+02   0.0000000e+00   8.8259400e-01   8.3994800e-01   3.1935705e+00   0.0000000e+00
   1.0300000e+02   1.0000000e+00   4.5039600e-01   8.3994800e-01   3.1935705e+00   0.0000000e+00
   1.0400000e+02   0.0000000e+00   5.3410000e-01   8.3994800e-01   3.1935705e+00   0.0000000e+00
   1.0500000e+02   1.0000000e+00   6.7951300e-01   8.3994800e-01   3.1935705e+00   1.0000000e+00
   1.0600000e+02   0.0000000e+00   4.9769000e-01   8.3994800e-01   3.1935705e+00   1.0000000e+00
   1.0700000e+02   0.0000000e+00   1.2093530e+00   8.3994800e-01   3.1935705e+00   0.0000000e+00
   1.0800000e+02   0.0000000e+00   4.6532500e-01   8.3994800e-01   3.1935705e+00   0.0000000e+00
   1.0900000e+02   0.0000000e+00   5.4193500e-01   8.3994800e-01   3.1935705e+00   0.0000000e+00
   1.1000000e+02   0.0000000e+00   1.2455270e+00   8.3994800e-01   3.1935705e+00   1.0000000e+00
   1.1100000e+02   0.0000000e+00   5.6324300e-01   8.3994800e-01   3.1935705e+00   0.0000000e+00
   1.1200000e+02   0.0000000e+00   9.4397200e-01   8.3994800e-01   3.1935705e+00   0.0000000e+00
   1.1300000e+02   1.0000000e+00   7.8673800e-01   8.3994800e-01   3.1935705e+00   1.0000000e+00
   1.1400000e+02   0.0000000e+00   4.4309400e-01   8.3994800e-01   3.1935705e+00   0.0000000e+00
   1.1500000e+02   1.0000000e+00   9.6263600e-01   8.3994800e-01   3.1935705e+00   0.0000000e+00
   1.1600000e+02   0.0000000e+00   8.0841500e-01   8.3994800e-01   3.1935705e+00   1.0000000e+00
   1.1700000e+02   0.0000000e+00   1.2597480e+00   8.3994800e-01   3.1935705e+00   1.0000000e+00
   1.1800000e+02   1.0000000e+00   4.7454400e-01   8.3994800e-01   3.1935705e+00   1.0000000e+00
   1.1900000e+02   0.0000000e+00   4.8056800e-01   8.3994800e-01   3.1935705e+00   1.0000000e+00
   1.2000000e+02   1.0000000e+00   6.0020700e-01   8.3994800e-01   3.1935705e+00   0.0000000e+00
   1.2100000e+02   0.0000000e+00   1.4670920e+00   8.3994800e-01   3.1935705e+00   0.0000000e+00
   1.2200000e+02   1.0000000e+00   6.5831300e-01   8.3994800e-01   3.1935705e+00   0.0000000e+00
   1.2300000e+02   0.0000000e+00   5.8979700e-01   8.3994800e-01   3.1935705e+00   0.0000000e+00
   1.2400000e+02   1.0000000e+00   6.0864100e-01   8.3994800e-01   3.1935705e+00   1.0000000e+00
   1.2500000e+02   0.0000000e+00   6.0753600e-01   8.3994800e-01   3.1935705e+00   0.0000000e+00
   1.2600000e+02   0.0000000e+00   1.3029620e+00   8.3994800e-01   3.1935705e+00   0.0000000e+00
   1.2700000e+02   0.0000000e+00   4.6595400e-01   8.3994800e-01   3.1935705e+00   1.0000000e+00
   1.2800000e+02   0.0000000e+00   2.2031740e+00   8.3994800e-01   3.1935705e+00   1.0000000e+00
   1.2900000e+02   1.0000000e+00   1.7664370e+00   8.3994800e-01   3.1935705e+00   0.0000000e+00
   1.3000000e+02   0.0000000e+00   5.5306000e-01   8.3994800e-01   3.1935705e+00   1.0000000e+00
   1.3100000e+02   0.0000000e+00   1.0218600e+00   8.3994800e-01   3.1935705e+00   1.0000000e+00
   1.3200000e+02   0.0000000e+00   7.1659100e-01   8.3994800e-01   3.1935705e+00   1.0000000e+00
   1.3300000e+02   1.0000000e+00   6.4072300e-01   8.3994800e-01   3.1935705e+00   1.0000000e+00
   1.3400000e+02   0.0000000e+00   1.7203090e+00   8.3994800e-01   3.1935705e+00   1.0000000e+00
   1.3500000e+02   1.0000000e+00   7.3379700e-01   8.3994800e-01   3.1935705e+00   1.0000000e+00
   1.3600000e+02   1.0000000e+00   5.8514100e-01   8.3994800e-01   3.1935705e+00   0.0000000e+00
