1	0	0.713068	0.828250	3.0926393414	1
2	0	0.677887	0.828250	3.0926393414	0
3	1	2.032774	0.828250	3.0926393414	0
4	0	0.562911	0.828250	3.0926393414	0
5	1	3.113736	0.828250	3.0926393414	1
6	0	1.076044	0.828250	3.0926393414	1
7	0	2.228776	0.828250	3.0926393414	1
8	0	0.576507	0.828250	3.0926393414	1
9	1	0.530106	0.828250	3.0926393414	0
10	0	0.975029	0.828250	3.0926393414	0
11	1	0.677405	0.828250	3.0926393414	1
12	0	0.508359	0.828250	3.0926393414	1
13	0	0.707320	0.828250	3.0926393414	0
14	0	0.809533	0.828250	3.0926393414	1
15	1	1.327393	0.828250	3.0926393414	1
16	0	0.947557	0.828250	3.0926393414	0
17	0	1.073682	0.828250	3.0926393414	1
18	0	1.710674	0.828250	3.0926393414	0
19	0	0.708527	0.828250	3.0926393414	0
20	1	0.653509	0.828250	3.0926393414	0
21	1	0.918849	0.828250	3.0926393414	1
22	0	1.080538	0.828250	3.0926393414	1
23	1	1.145571	0.828250	3.0926393414	0
24	0	1.011860	0.828250	3.0926393414	1
25	0	0.785382	0.828250	3.0926393414	1
26	0	1.354822	0.828250	3.0926393414	1
27	1	0.559803	0.828250	3.0926393414	1
28	0	0.534826	0.828250	3.0926393414	0
29	1	0.923895	0.828250	3.0926393414	0
30	0	0.624954	0.828250	3.0926393414	0
31	0	0.788021	0.828250	3.0926393414	0
32	0	1.499353	0.828250	3.0926393414	1
33	0	0.534797	0.828250	3.0926393414	0
34	1	1.016044	0.828250	3.0926393414	0
35	0	1.510664	0.828250	3.0926393414	0
36	0	0.649759	0.828250	3.0926393414	1
37	0	1.195428	0.828250	3.0926393414	1
38	0	1.036869	0.828250	3.0926393414	0
39	0	0.716225	0.828250	3.0926393414	0
40	1	1.007007	0.828250	3.0926393414	1
41	0	0.920425	0.828250	3.0926393414	0
42	1	0.542668	0.828250	3.0926393414	0
43	0	0.556745	0.828250	3.0926393414	1
44	0	0.660097	0.828250	3.0926393414	1
45	1	1.312211	0.828250	3.0926393414	1
46	0	0.528601	0.828250	3.0926393414	0
47	0	0.970164	0.828250	3.0926393414	1
48	1	0.647225	0.828250	3.0926393414	1
49	0	0.888423	0.828250	3.0926393414	1
50	0	1.170910	0.828250	3.0926393414	1
51	0	1.564464	0.828250	3.0926393414	0
52	0	0.997316	0.828250	3.0926393414	1
53	0	1.231542	0.828250	3.0926393414	1
54	0	0.522003	0.828250	3.0926393414	0
55	0	1.236067	0.828250	3.0926393414	0
56	1	0.569542	0.828250	3.0926393414	0
57	0	1.062187	0.828250	3.0926393414	0
58	0	0.541235	0.828250	3.0926393414	0
59	0	1.529590	0.828250	3.0926393414	0
60	0	1.465061	0.828250	3.0926393414	1
61	0	0.727975	0.828250	3.0926393414	1
62	1	0.658242	0.828250	3.0926393414	1
63	0	0.692657	0.828250	3.0926393414	0
64	1	0.519344	0.828250	3.0926393414	0
65	0	0.721799	0.828250	3.0926393414	1
66	1	1.835005	0.828250	3.0926393414	0
67	0	0.697806	0.828250	3.0926393414	0
68	1	1.791771	0.828250	3.0926393414	1
69	0	1.912689	0.828250	3.0926393414	1
70	1	0.868155	0.828250	3.0926393414	1
71	0	1.369537	0.828250	3.0926393414	0
72	0	1.779767	0.828250	3.0926393414	1
73	0	0.945825	0.828250	3.0926393414	0
74	0	1.039325	0.828250	3.0926393414	1
75	0	0.662796	0.828250	3.0926393414	1
76	1	1.011046	0.828250	3.0926393414	0
77	0	0.685878	0.828250	3.0926393414	1
78	0	0.507880	0.828250	3.0926393414	0
79	0	0.573369	0.828250	3.0926393414	1
80	1	0.712538	0.828250	3.0926393414	1
81	0	1.755000	0.828250	3.0926393414	1
82	0	1.493524	0.828250	3.0926393414	0
83	1	0.765916	0.828250	3.0926393414	0
84	1	0.534148	0.828250	3.0926393414	0
85	0	0.896402	0.828250	3.0926393414	0
86	0	1.163070	0.828250	3.0926393414	0
87	0	0.760256	0.828250	3.0926393414	1
88	0	0.743015	0.828250	3.0926393414	0
89	1	0.521004	0.828250	3.0926393414	1
90	0	0.597128	0.828250	3.0926393414	0
91	0	0.525324	0.828250	3.0926393414	1
92	0	0.704930	0.828250	3.0926393414	0
93	1	3.051278	0.828250	3.0926393414	0
94	1	1.143675	0.828250	3.0926393414	1
95	0	1.014421	0.828250	3.0926393414	1
96	0	0.657841	0.828250	3.0926393414	1
97	0	0.568951	0.828250	3.0926393414	1
98	0	0.535533	0.828250	3.0926393414	0
99	1	1.220174	0.828250	3.0926393414	0
100	0	0.985041	0.828250	3.0926393414	0
101	1	0.714783	0.828250	3.0926393414	1
102	0	0.752161	0.828250	3.0926393414	0
103	0	0.859439	0.828250	3.0926393414	1
104	0	1.891671	0.828250	3.0926393414	1
105	1	0.533282	0.828250	3.0926393414	1
106	0	1.150586	0.828250	3.0926393414	0
107	1	1.341561	0.828250	3.0926393414	0
108	0	1.099750	0.828250	3.0926393414	0
109	0	0.663490	0.828250	3.0926393414	1
110	1	1.024669	0.828250	3.0926393414	1
111	0	1.912857	0.828250	3.0926393414	1
112	1	0.728482	0.828250	3.0926393414	0
113	0	1.091726	0.828250	3.0926393414	0
114	0	0.669900	0.828250	3.0926393414	0
115	1	0.532857	0.828250	3.0926393414	0
116	0	1.404268	0.828250	3.0926393414	0
117	0	0.840804	0.828250	3.0926393414	1
118	0	0.640090	0.828250	3.0926393414	0
119	0	0.702455	0.828250	3.0926393414	1
120	0	1.688517	0.828250	3.0926393414	0
121	0	1.491468	0.828250	3.0926393414	1
122	1	0.537500	0.828250	3.0926393414	1
123	0	0.885103	0.828250	3.0926393414	1
124	1	1.136179	0.828250	3.0926393414	0
125	0	0.530024	0.828250	3.0926393414	0
126	0	1.552758	0.828250	3.0926393414	0
127	0	2.964804	0.828250	3.0926393414	1
128	0	1.182979	0.828250	3.0926393414	1
129	0	0.576641	0.828250	3.0926393414	0
130	0	0.530884	0.828250	3.0926393414	1
131	1	1.110791	0.828250	3.0926393414	1
132	0	0.967864	0.828250	3.0926393414	0
133	0	0.705043	0.828250	3.0926393414	0
134	0	1.488482	0.828250	3.0926393414	1
135	1	0.664583	0.828250	3.0926393414	1
136	1	0.659570	0.828250	3.0926393414	0
