1	0	2.135419	0.841866	2.5094513264	1
2	0	1.412381	0.841866	2.5094513264	0
3	0	0.730424	0.841866	2.5094513264	0
4	1	1.517398	0.841866	2.5094513264	1
5	0	0.702352	0.841866	2.5094513264	1
6	1	0.591544	0.841866	2.5094513264	0
7	0	0.968380	0.841866	2.5094513264	0
8	1	0.819654	0.841866	2.5094513264	1
9	0	0.522180	0.841866	2.5094513264	1
10	0	0.664846	0.841866	2.5094513264	0
11	1	0.599062	0.841866	2.5094513264	0
12	0	1.263196	0.841866	2.5094513264	0
13	0	1.249219	0.841866	2.5094513264	1
14	1	1.396145	0.841866	2.5094513264	0
15	0	2.713123	0.841866	2.5094513264	1
16	0	1.117524	0.841866	2.5094513264	1
17	0	0.669410	0.841866	2.5094513264	0
18	0	0.501570	0.841866	2.5094513264	0
19	1	2.656099	0.841866	2.5094513264	1
20	0	0.785374	0.841866	2.5094513264	0
21	1	0.508001	0.841866	2.5094513264	0
22	0	1.280887	0.841866	2.5094513264	1
23	0	0.576271	0.841866	2.5094513264	0
24	0	0.505485	0.841866	2.5094513264	1
25	0	0.790018	0.841866	2.5094513264	0
26	0	0.971606	0.841866	2.5094513264	1
27	0	0.717985	0.841866	2.5094513264	0
28	0	0.632889	0.841866	2.5094513264	1
29	0	0.945716	0.841866	2.5094513264	1
30	1	0.622361	0.841866	2.5094513264	1
31	0	1.999732	0.841866	2.5094513264	1
32	0	0.739345	0.841866	2.5094513264	1
33	1	0.689748	0.841866	2.5094513264	0
34	0	0.659878	0.841866	2.5094513264	0
35	0	0.947545	0.841866	2.5094513264	0
36	1	0.842139	0.841866	2.5094513264	1
37	0	0.903449	0.841866	2.5094513264	0
38	1	0.590064	0.841866	2.5094513264	1
39	0	0.596648	0.841866	2.5094513264	1
40	0	1.097924	0.841866	2.5094513264	1
41	0	0.533054	0.841866	2.5094513264	1
42	0	0.804897	0.841866	2.5094513264	0
43	0	1.330849	0.841866	2.5094513264	0
44	1	0.642445	0.841866	2.5094513264	0
45	1	0.903829	0.841866	2.5094513264	1
46	0	0.697357	0.841866	2.5094513264	1
47	0	0.920855	0.841866	2.5094513264	0
48	0	0.852335	0.841866	2.5094513264	0
49	0	1.106999	0.841866	2.5094513264	1
50	1	1.955849	0.841866	2.5094513264	0
51	0	1.157522	0.841866	2.5094513264	1
52	0	0.641221	0.841866	2.5094513264	1
53	0	0.942822	0.841866	2.5094513264	1
54	0	0.910570	0.841866	2.5094513264	0
55	1	0.814374	0.841866	2.5094513264	0
56	1	0.506008	0.841866	2.5094513264	1
57	0	0.690649	0.841866	2.5094513264	0
58	1	0.553325	0.841866	2.5094513264	0
59	0	0.505943	0.841866	2.5094513264	0
60	0	1.266677	0.841866	2.5094513264	0
61	0	0.519163	0.841866	2.5094513264	1
62	0	0.842181	0.841866	2.5094513264	1
63	0	1.980303	0.841866	2.5094513264	0
64	0	0.734025	0.841866	2.5094513264	1
65	1	0.792261	0.841866	2.5094513264	1
66	0	2.600616	0.841866	2.5094513264	0
67	1	1.635594	0.841866	2.5094513264	1
68	0	1.484703	0.841866	2.5094513264	0
69	0	1.482166	0.841866	2.5094513264	0
70	0	1.020090	0.841866	2.5094513264	1
71	0	0.695694	0.841866	2.5094513264	0
72	0	1.504207	0.841866	2.5094513264	0
73	1	0.744795	0.841866	2.5094513264	0
74	0	2.272734	0.841866	2.5094513264	1
75	0	0.563053	0.841866	2.5094513264	0
76	1	1.295073	0.841866	2.5094513264	0
77	0	0.790301	0.841866	2.5094513264	0
78	1	0.620400	0.841866	2.5094513264	1
79	0	1.856605	0.841866	2.5094513264	1
80	0	1.022711	0.841866	2.5094513264	1
81	0	0.738834	0.841866	2.5094513264	1
82	1	1.020796	0.841866	2.5094513264	0
83	0	0.500786	0.841866	2.5094513264	0
84	0	0.553640	0.841866	2.5094513264	1
85	1	0.670824	0.841866	2.5094513264	1
86	1	0.732956	0.841866	2.5094513264	1
87	0	1.772132	0.841866	2.5094513264	0
88	0	0.892905	0.841866	2.5094513264	1
89	0	0.780441	0.841866	2.5094513264	0
90	1	0.764473	0.841866	2.5094513264	0
91	0	0.581166	0.841866	2.5094513264	1
92	1	0.610685	0.841866	2.5094513264	1
93	0	1.130086	0.841866	2.5094513264	1
94	1	0.658401	0.841866	2.5094513264	0
95	0	1.661606	0.841866	2.5094513264	1
96	0	0.593387	0.841866	2.5094513264	1
97	0	0.807687	0.841866	2.5094513264	0
98	0	0.802781	0.841866	2.5094513264	1
99	0	0.767180	0.841866	2.5094513264	0
100	0	1.127715	0.841866	2.5094513264	0
101	0	1.171413	0.841866	2.5094513264	1
102	0	1.155948	0.841866	2.5094513264	0
103	0	0.502264	0.841866	2.5094513264	0
104	0	0.993471	0.841866	2.5094513264	0
105	0	0.592442	0.841866	2.5094513264	1
106	1	0.759255	0.841866	2.5094513264	1
107	0	0.777192	0.841866	2.5094513264	1
108	0	0.690453	0.841866	2.5094513264	1
109	1	1.566755	0.841866	2.5094513264	0
110	0	0.867504	0.841866	2.5094513264	1
111	0	0.550344	0.841866	2.5094513264	0
112	1	0.520186	0.841866	2.5094513264	0
113	0	0.685288	0.841866	2.5094513264	1
114	0	1.059842	0.841866	2.5094513264	0
115	0	2.125242	0.841866	2.5094513264	1
116	1	1.166022	0.841866	2.5094513264	1
117	0	0.531194	0.841866	2.5094513264	0
118	1	0.573962	0.841866	2.5094513264	0
119	0	0.576331	0.841866	2.5094513264	0
120	0	1.777859	0.841866	2.5094513264	0
121	0	1.537832	0.841866	2.5094513264	1
122	1	1.540720	0.841866	2.5094513264	1
123	0	0.700142	0.841866	2.5094513264	1
124	1	0.541047	0.841866	2.5094513264	1
125	0	1.616035	0.841866	2.5094513264	0
126	0	2.343224	0.841866	2.5094513264	0
127	1	0.795173	0.841866	2.5094513264	0
128	0	1.156499	0.841866	2.5094513264	1
129	0	0.561448	0.841866	2.5094513264	0
130	0	2.177638	0.841866	2.5094513264	0
131	1	0.561053	0.841866	2.5094513264	1
132	0	0.515798	0.841866	2.5094513264	1
133	1	1.100237	0.841866	2.5094513264	0
134	0	0.891005	0.841866	2.5094513264	1
135	1	1.636251	0.841866	2.5094513264	0
136	1	0.687204	0.841866	2.5094513264	1
