1	0	2.320140	0.840275	3.2410870302	0
2	0	0.979377	0.840275	3.2410870302	0
3	1	1.743471	0.840275	3.2410870302	0
4	1	0.666676	0.840275	3.2410870302	1
5	0	0.742191	0.840275	3.2410870302	0
6	1	0.601292	0.840275	3.2410870302	0
7	0	1.152320	0.840275	3.2410870302	1
8	1	1.419885	0.840275	3.2410870302	1
9	0	1.965525	0.840275	3.2410870302	1
10	1	0.637515	0.840275	3.2410870302	1
11	0	0.717762	0.840275	3.2410870302	0
12	0	1.708512	0.840275	3.2410870302	1
13	1	0.784758	0.840275	3.2410870302	0
14	0	0.913848	0.840275	3.2410870302	0
15	1	2.277609	0.840275	3.2410870302	1
16	0	3.240632	0.840275	3.2410870302	0
17	0	0.685450	0.840275	3.2410870302	1
18	1	0.572272	0.840275	3.2410870302	0
19	0	0.692276	0.840275	3.2410870302	0
20	0	0.716953	0.840275	3.2410870302	0
21	0	0.617743	0.840275	3.2410870302	0
22	1	1.018434	0.840275	3.2410870302	1
23	0	0.722066	0.840275	3.2410870302	1
24	1	0.612703	0.840275	3.2410870302	0
25	0	0.891565	0.840275	3.2410870302	1
26	1	0.750685	0.840275	3.2410870302	0
27	1	0.568737	0.840275	3.2410870302	1
28	0	0.651756	0.840275	3.2410870302	1
29	0	0.559869	0.840275	3.2410870302	1
30	0	0.577562	0.840275	3.2410870302	1
31	0	1.056998	0.840275	3.2410870302	1
32	0	1.135955	0.840275	3.2410870302	0
33	1	1.639183	0.840275	3.2410870302	0
34	0	0.518294	0.840275	3.2410870302	1
35	0	1.315965	0.840275	3.2410870302	1
36	0	1.082399	0.840275	3.2410870302	0
37	0	0.714846	0.840275	3.2410870302	0
38	0	0.823852	0.840275	3.2410870302	1
39	1	0.629728	0.840275	3.2410870302	1
40	0	0.550262	0.840275	3.2410870302	0
41	1	0.895735	0.840275	3.2410870302	1
42	0	0.623260	0.840275	3.2410870302	1
43	0	0.812803	0.840275	3.2410870302	0
44	0	1.296034	0.840275	3.2410870302	1
45	0	0.682421	0.840275	3.2410870302	1
46	1	0.611734	0.840275	3.2410870302	0
47	0	0.840538	0.840275	3.2410870302	0
48	1	1.137488	0.840275	3.2410870302	1
49	0	2.441592	0.840275	3.2410870302	1
50	0	1.150862	0.840275	3.2410870302	0
51	1	0.528685	0.840275	3.2410870302	0
52	0	0.963956	0.840275	3.2410870302	1
53	0	0.790725	0.840275	3.2410870302	0
54	1	0.951228	0.840275	3.2410870302	0
55	0	1.228120	0.840275	3.2410870302	1
56	1	0.533542	0.840275	3.2410870302	1
57	0	0.807076	0.840275	3.2410870302	0
58	0	0.572990	0.840275	3.2410870302	0
59	0	0.549221	0.840275	3.2410870302	1
60	0	0.574854	0.840275	3.2410870302	1
61	0	1.004635	0.840275	3.2410870302	0
62	1	0.912994	0.840275	3.2410870302	1
63	0	2.078942	0.840275	3.2410870302	0
64	0	0.827155	0.840275	3.2410870302	0
65	1	1.456349	0.840275	3.2410870302	0
66	0	2.747210	0.840275	3.2410870302	1
67	0	0.563601	0.840275	3.2410870302	0
68	0	0.613756	0.840275	3.2410870302	1
69	0	0.786380	0.840275	3.2410870302	0
70	1	0.828528	0.840275	3.2410870302	1
71	0	1.250136	0.840275	3.2410870302	0
72	0	0.566722	0.840275	3.2410870302	0
73	0	0.742922	0.840275	3.2410870302	1
74	0	1.270023	0.840275	3.2410870302	0
75	0	0.537962	0.840275	3.2410870302	0
76	1	0.893482	0.840275	3.2410870302	0
77	0	0.721518	0.840275	3.2410870302	1
78	0	2.346526	0.840275	3.2410870302	0
79	1	1.114314	0.840275	3.2410870302	0
80	0	0.899065	0.840275	3.2410870302	1
81	0	1.092834	0.840275	3.2410870302	1
82	0	0.602817	0.840275	3.2410870302	1
83	1	0.799845	0.840275	3.2410870302	1
84	0	0.630762	0.840275	3.2410870302	1
85	0	0.589116	0.840275	3.2410870302	1
86	0	0.724962	0.840275	3.2410870302	0
87	1	0.807358	0.840275	3.2410870302	0
88	0	0.569360	0.840275	3.2410870302	0
89	0	0.844989	0.840275	3.2410870302	0
90	0	0.845992	0.840275	3.2410870302	0
91	0	1.238024	0.840275	3.2410870302	0
92	1	1.150039	0.840275	3.2410870302	1
93	0	2.130904	0.840275	3.2410870302	1
94	1	0.722216	0.840275	3.2410870302	0
95	0	1.529640	0.840275	3.2410870302	1
96	1	0.690137	0.840275	3.2410870302	1
97	0	1.155015	0.840275	3.2410870302	0
98	0	0.749922	0.840275	3.2410870302	0
99	0	0.580479	0.840275	3.2410870302	1
100	1	0.830375	0.840275	3.2410870302	1
101	0	2.937017	0.840275	3.2410870302	1
102	0	0.638001	0.840275	3.2410870302	1
103	0	1.384113	0.840275	3.2410870302	1
104	0	1.244030	0.840275	3.2410870302	1
105	0	1.046921	0.840275	3.2410870302	1
106	1	0.792715	0.840275	3.2410870302	0
107	1	0.752837	0.840275	3.2410870302	1
108	0	1.593703	0.840275	3.2410870302	1
109	0	0.564648	0.840275	3.2410870302	1
110	0	0.829231	0.840275	3.2410870302	0
111	0	0.524176	0.840275	3.2410870302	1
112	0	0.605437	0.840275	3.2410870302	0
113	1	1.590306	0.840275	3.2410870302	0
114	0	0.875937	0.840275	3.2410870302	1
115	0	0.511513	0.840275	3.2410870302	0
116	0	1.254529	0.840275	3.2410870302	0
117	0	1.001986	0.840275	3.2410870302	1
118	0	0.600265	0.840275	3.2410870302	1
119	0	0.708106	0.840275	3.2410870302	1
120	1	0.783672	0.840275	3.2410870302	0
121	0	0.514608	0.840275	3.2410870302	1
122	0	0.755861	0.840275	3.2410870302	1
123	0	1.503114	0.840275	3.2410870302	0
124	1	2.029037	0.840275	3.2410870302	1
125	0	0.724528	0.840275	3.2410870302	0
126	0	0.903623	0.840275	3.2410870302	0
127	0	0.721744	0.840275	3.2410870302	0
128	1	1.142736	0.840275	3.2410870302	0
129	0	0.930208	0.840275	3.2410870302	0
130	1	0.851551	0.840275	3.2410870302	1
131	0	1.554128	0.840275	3.2410870302	0
132	0	1.186715	0.840275	3.2410870302	1
133	0	1.206676	0.840275	3.2410870302	0
134	0	0.683452	0.840275	3.2410870302	0
135	1	0.873187	0.840275	3.2410870302	1
136	1	0.762751	0.840275	3.2410870302	0
