1	0	1.717590	0.820292	3.3822478372	1
2	0	0.550448	0.820292	3.3822478372	0
3	1	1.161239	0.820292	3.3822478372	0
4	0	0.616284	0.820292	3.3822478372	1
5	0	1.036169	0.820292	3.3822478372	1
6	0	1.466396	0.820292	3.3822478372	1
7	0	1.252317	0.820292	3.3822478372	1
8	1	0.525173	0.820292	3.3822478372	1
9	0	2.124739	0.820292	3.3822478372	0
10	0	0.649546	0.820292	3.3822478372	1
11	0	1.647118	0.820292	3.3822478372	1
12	0	0.881052	0.820292	3.3822478372	0
13	0	1.166508	0.820292	3.3822478372	1
14	1	0.890062	0.820292	3.3822478372	0
15	0	0.523346	0.820292	3.3822478372	0
16	1	0.543044	0.820292	3.3822478372	1
17	1	0.936797	0.820292	3.3822478372	1
18	0	0.988902	0.820292	3.3822478372	1
19	0	0.640566	0.820292	3.3822478372	1
20	1	1.103903	0.820292	3.3822478372	0
21	0	0.503498	0.820292	3.3822478372	0
22	1	1.479610	0.820292	3.3822478372	1
23	0	0.565950	0.820292	3.3822478372	0
24	0	0.674272	0.820292	3.3822478372	0
25	0	0.977650	0.820292	3.3822478372	0
26	0	1.009140	0.820292	3.3822478372	0
27	0	0.665897	0.820292	3.3822478372	1
28	1	0.880834	0.820292	3.3822478372	0
29	0	0.585241	0.820292	3.3822478372	1
30	0	0.546087	0.820292	3.3822478372	0
31	0	1.214779	0.820292	3.3822478372	0
32	1	1.672456	0.820292	3.3822478372	1
33	0	0.796956	0.820292	3.3822478372	0
34	1	0.567182	0.820292	3.3822478372	0
35	0	1.473910	0.820292	3.3822478372	1
36	0	0.727542	0.820292	3.3822478372	1
37	0	0.595810	0.820292	3.3822478372	1
38	1	0.612258	0.820292	3.3822478372	0
39	0	0.732164	0.820292	3.3822478372	0
40	0	0.552825	0.820292	3.3822478372	0
41	1	1.055071	0.820292	3.3822478372	1
42	0	0.921103	0.820292	3.3822478372	1
43	0	2.444407	0.820292	3.3822478372	1
44	1	1.001284	0.820292	3.3822478372	0
45	0	1.212573	0.820292	3.3822478372	1
46	0	1.432737	0.820292	3.3822478372	1
47	0	0.665064	0.820292	3.3822478372	1
48	1	0.501502	0.820292	3.3822478372	1
49	0	0.866171	0.820292	3.3822478372	1
50	0	1.153884	0.820292	3.3822478372	0
51	0	0.848608	0.820292	3.3822478372	0
52	0	0.618206	0.820292	3.3822478372	0
53	0	1.998053	0.820292	3.3822478372	0
54	0	0.716079	0.820292	3.3822478372	1
55	1	0.985053	0.820292	3.3822478372	1
56	0	1.745961	0.820292	3.3822478372	0
57	1	0.883114	0.820292	3.3822478372	0
58	0	2.047170	0.820292	3.3822478372	1
59	1	0.867654	0.820292	3.3822478372	1
60	0	0.790192	0.820292	3.3822478372	0
61	0	0.749922	0.820292	3.3822478372	1
62	1	0.733810	0.820292	3.3822478372	0
63	0	1.904051	0.820292	3.3822478372	1
64	0	0.967136	0.820292	3.3822478372	0
65	0	0.914675	0.820292	3.3822478372	0
66	0	0.523047	0.820292	3.3822478372	0
67	0	0.716431	0.820292	3.3822478372	0
68	1	0.715093	0.820292	3.3822478372	0
69	0	0.739037	0.820292	3.3822478372	0
70	0	1.263825	0.820292	3.3822478372	0
71	0	1.029821	0.820292	3.3822478372	0
72	0	0.798809	0.820292	3.3822478372	0
73	0	1.291334	0.820292	3.3822478372	1
74	1	1.133113	0.820292	3.3822478372	1
75	0	0.506088	0.820292	3.3822478372	0
76	0	1.579773	0.820292	3.3822478372	0
77	1	0.661903	0.820292	3.3822478372	1
78	1	0.565478	0.820292	3.3822478372	0
79	0	2.633849	0.820292	3.3822478372	1
80	0	1.498986	0.820292	3.3822478372	1
81	0	1.074167	0.820292	3.3822478372	1
82	1	0.510812	0.820292	3.3822478372	1
83	0	0.630979	0.820292	3.3822478372	1
84	0	1.171398	0.820292	3.3822478372	1
85	1	0.879084	0.820292	3.3822478372	0
86	0	1.617845	0.820292	3.3822478372	0
87	0	0.524040	0.820292	3.3822478372	1
88	0	1.634822	0.820292	3.3822478372	0
89	0	0.580323	0.820292	3.3822478372	0
90	1	1.209390	0.820292	3.3822478372	0
91	0	1.626511	0.820292	3.3822478372	1
92	1	0.530115	0.820292	3.3822478372	1
93	0	1.698452	0.820292	3.3822478372	1
94	0	2.592861	0.820292	3.3822478372	1
95	0	0.954471	0.820292	3.3822478372	1
96	1	2.341241	0.820292	3.3822478372	0
97	0	0.833017	0.820292	3.3822478372	0
98	0	1.047115	0.820292	3.3822478372	0
99	0	0.683430	0.820292	3.3822478372	1
100	0	0.818622	0.820292	3.3822478372	0
101	0	0.563006	0.820292	3.3822478372	0
102	1	0.909414	0.820292	3.3822478372	1
103	0	0.680796	0.820292	3.3822478372	1
104	0	0.635964	0.820292	3.3822478372	1
105	0	0.647079	0.820292	3.3822478372	0
106	1	1.678336	0.820292	3.3822478372	0
107	0	0.836665	0.820292	3.3822478372	0
108	0	1.060629	0.820292	3.3822478372	0
109	1	0.572653	0.820292	3.3822478372	1
110	0	0.648690	0.820292	3.3822478372	0
111	0	0.785287	0.820292	3.3822478372	1
112	0	0.822000	0.820292	3.3822478372	1
113	0	0.525957	0.820292	3.3822478372	0
114	1	0.893590	0.820292	3.3822478372	1
115	0	0.711016	0.820292	3.3822478372	1
116	1	1.078309	0.820292	3.3822478372	0
117	0	1.140329	0.820292	3.3822478372	1
118	1	0.525679	0.820292	3.3822478372	1
119	0	0.737439	0.820292	3.3822478372	0
120	1	1.016241	0.820292	3.3822478372	0
121	0	0.709023	0.820292	3.3822478372	0
122	0	0.882079	0.820292	3.3822478372	0
123	0	1.220656	0.820292	3.3822478372	1
124	0	0.568043	0.820292	3.3822478372	0
125	1	1.793352	0.820292	3.3822478372	0
126	0	0.993537	0.820292	3.3822478372	1
127	0	0.548378	0.820292	3.3822478372	0
128	1	1.535930	0.820292	3.3822478372	1
129	0	1.141568	0.820292	3.3822478372	1
130	0	0.617399	0.820292	3.3822478372	1
131	1	1.362005	0.820292	3.3822478372	0
132	0	0.821000	0.820292	3.3822478372	0
133	1	0.830080	0.820292	3.3822478372	1
134	1	1.086451	0.820292	3.3822478372	1
135	0	0.994733	0.820292	3.3822478372	1
136	1	0.532663	0.820292	3.3822478372	0
