1	0	3.812773	0.828486	3.3400801765	1
2	0	0.559610	0.828486	3.3400801765	0
3	0	0.535374	0.828486	3.3400801765	0
4	1	0.678427	0.828486	3.3400801765	1
5	0	0.856653	0.828486	3.3400801765	0
6	0	1.555609	0.828486	3.3400801765	1
7	1	0.696790	0.828486	3.3400801765	0
8	0	0.616367	0.828486	3.3400801765	1
9	1	0.676316	0.828486	3.3400801765	1
10	0	0.674263	0.828486	3.3400801765	1
11	1	2.890287	0.828486	3.3400801765	0
12	0	1.206502	0.828486	3.3400801765	0
13	0	0.758801	0.828486	3.3400801765	0
14	0	0.613190	0.828486	3.3400801765	1
15	0	1.297506	0.828486	3.3400801765	0
16	1	1.444081	0.828486	3.3400801765	0
17	0	0.869233	0.828486	3.3400801765	0
18	0	0.638720	0.828486	3.3400801765	1
19	0	1.311037	0.828486	3.3400801765	1
20	1	0.666069	0.828486	3.3400801765	1
21	0	0.669252	0.828486	3.3400801765	0
22	1	0.644882	0.828486	3.3400801765	0
23	0	0.845880	0.828486	3.3400801765	0
24	0	0.949498	0.828486	3.3400801765	1
25	0	1.376615	0.828486	3.3400801765	1
26	0	0.696350	0.828486	3.3400801765	0
27	1	0.675847	0.828486	3.3400801765	1
28	0	0.628607	0.828486	3.3400801765	1
29	1	0.519556	0.828486	3.3400801765	0
30	1	0.728539	0.828486	3.3400801765	1
31	0	1.030324	0.828486	3.3400801765	1
32	0	0.728442	0.828486	3.3400801765	0
33	0	1.088324	0.828486	3.3400801765	0
34	1	3.197430	0.828486	3.3400801765	1
35	0	1.679104	0.828486	3.3400801765	0
36	1	0.827560	0.828486	3.3400801765	0
37	0	0.943050	0.828486	3.3400801765	0
38	0	0.898401	0.828486	3.3400801765	1
39	0	1.702946	0.828486	3.3400801765	1
40	0	0.955131	0.828486	3.3400801765	0
41	1	0.520520	0.828486	3.3400801765	1
42	0	1.607532	0.828486	3.3400801765	1
43	0	0.812788	0.828486	3.3400801765	0
44	1	0.862428	0.828486	3.3400801765	0
45	0	1.362469	0.828486	3.3400801765	0
46	0	1.169228	0.828486	3.3400801765	1
47	1	0.738074	0.828486	3.3400801765	0
48	0	0.897629	0.828486	3.3400801765	0
49	0	0.509796	0.828486	3.3400801765	0
50	0	0.584317	0.828486	3.3400801765	1
51	0	1.381044	0.828486	3.3400801765	0
52	1	1.048639	0.828486	3.3400801765	1
53	0	0.923973	0.828486	3.3400801765	1
54	1	0.784180	0.828486	3.3400801765	0
55	0	0.545651	0.828486	3.3400801765	0
56	1	0.724700	0.828486	3.3400801765	1
57	0	0.567769	0.828486	3.3400801765	0
58	0	0.621634	0.828486	3.3400801765	1
59	0	0.701314	0.828486	3.3400801765	1
60	0	1.432656	0.828486	3.3400801765	1
61	1	0.579220	0.828486	3.3400801765	1
62	0	1.019588	0.828486	3.3400801765	1
63	0	0.813756	0.828486	3.3400801765	1
64	0	0.929218	0.828486	3.3400801765	0
65	0	1.314417	0.828486	3.3400801765	1
66	1	1.083322	0.828486	3.3400801765	0
67	0	0.892172	0.828486	3.3400801765	1
68	0	0.606779	0.828486	3.3400801765	0
69	0	0.504720	0.828486	3.3400801765	0
70	0	0.875344	0.828486	3.3400801765	0
71	1	1.124413	0.828486	3.3400801765	0
72	1	0.921396	0.828486	3.3400801765	1
73	0	1.093290	0.828486	3.3400801765	1
74	0	0.607055	0.828486	3.3400801765	1
75	0	2.469404	0.828486	3.3400801765	0
76	0	1.475374	0.828486	3.3400801765	1
77	1	0.693943	0.828486	3.3400801765	0
78	0	0.842781	0.828486	3.3400801765	0
79	0	0.507960	0.828486	3.3400801765	0
80	1	1.195969	0.828486	3.3400801765	1
81	0	0.637562	0.828486	3.3400801765	1
82	0	0.700708	0.828486	3.3400801765	1
83	0	1.902519	0.828486	3.3400801765	1
84	0	1.079248	0.828486	3.3400801765	0
85	0	0.724964	0.828486	3.3400801765	0
86	0	1.798412	0.828486	3.3400801765	1
87	1	2.195604	0.828486	3.3400801765	1
88	0	0.983822	0.828486	3.3400801765	0
89	0	1.026105	0.828486	3.3400801765	1
90	1	0.990899	0.828486	3.3400801765	0
91	0	1.342196	0.828486	3.3400801765	0
92	0	0.672857	0.828486	3.3400801765	0
93	1	1.513809	0.828486	3.3400801765	1
94	0	0.508192	0.828486	3.3400801765	0
95	1	0.616755	0.828486	3.3400801765	0
96	0	1.252424	0.828486	3.3400801765	1
97	0	0.845498	0.828486	3.3400801765	1
98	0	1.394482	0.828486	3.3400801765	0
99	1	0.687630	0.828486	3.3400801765	1
100	0	0.565162	0.828486	3.3400801765	1
101	0	0.550139	0.828486	3.3400801765	0
102	0	0.639978	0.828486	3.3400801765	1
103	0	1.099855	0.828486	3.3400801765	1
104	0	0.543597	0.828486	3.3400801765	1
105	0	0.864837	0.828486	3.3400801765	1
106	1	0.901445	0.828486	3.3400801765	0
107	0	0.617070	0.828486	3.3400801765	0
108	0	1.020616	0.828486	3.3400801765	1
109	1	1.374275	0.828486	3.3400801765	0
110	0	1.091228	0.828486	3.3400801765	1
111	0	0.643179	0.828486	3.3400801765	0
112	0	0.757863	0.828486	3.3400801765	0
113	1	1.817952	0.828486	3.3400801765	1
114	0	0.723713	0.828486	3.3400801765	0
115	1	0.770104	0.828486	3.3400801765	0
116	0	0.876589	0.828486	3.3400801765	0
117	0	0.660826	0.828486	3.3400801765	1
118	0	0.558795	0.828486	3.3400801765	0
119	1	0.639020	0.828486	3.3400801765	1
120	0	0.730069	0.828486	3.3400801765	0
121	0	0.856011	0.828486	3.3400801765	0
122	0	1.400863	0.828486	3.3400801765	1
123	0	0.998521	0.828486	3.3400801765	1
124	0	2.180333	0.828486	3.3400801765	1
125	0	0.713312	0.828486	3.3400801765	0
126	1	0.661658	0.828486	3.3400801765	1
127	0	0.802079	0.828486	3.3400801765	1
128	1	0.529260	0.828486	3.3400801765	0
129	0	0.653003	0.828486	3.3400801765	1
130	1	1.251281	0.828486	3.3400801765	1
131	0	0.596702	0.828486	3.3400801765	1
132	0	1.301855	0.828486	3.3400801765	0
133	1	2.066858	0.828486	3.3400801765	0
134	1	1.146897	0.828486	3.3400801765	0
135	0	0.673401	0.828486	3.3400801765	0
136	1	1.358163	0.828486	3.3400801765	1
