1	0	3.006101	0.846117	2.2842251069	1
2	0	0.743117	0.846117	2.2842251069	0
3	1	1.098128	0.846117	2.2842251069	1
4	0	2.000553	0.846117	2.2842251069	0
5	0	0.848235	0.846117	2.2842251069	0
6	1	0.542797	0.846117	2.2842251069	0
7	0	1.461310	0.846117	2.2842251069	0
8	0	0.744226	0.846117	2.2842251069	0
9	1	0.767547	0.846117	2.2842251069	1
10	0	0.675921	0.846117	2.2842251069	1
11	0	0.652405	0.846117	2.2842251069	1
12	1	0.555572	0.846117	2.2842251069	0
13	0	0.639806	0.846117	2.2842251069	0
14	1	0.514686	0.846117	2.2842251069	0
15	0	0.592034	0.846117	2.2842251069	0
16	0	0.818502	0.846117	2.2842251069	0
17	0	1.702138	0.846117	2.2842251069	1
18	0	1.576194	0.846117	2.2842251069	1
19	0	0.512872	0.846117	2.2842251069	1
20	1	2.796878	0.846117	2.2842251069	1
21	0	0.525701	0.846117	2.2842251069	0
22	0	1.232040	0.846117	2.2842251069	1
23	1	0.528969	0.846117	2.2842251069	0
24	0	0.785047	0.846117	2.2842251069	1
25	1	0.923321	0.846117	2.2842251069	1
26	0	1.142928	0.846117	2.2842251069	1
27	1	1.513920	0.846117	2.2842251069	0
28	0	1.966365	0.846117	2.2842251069	0
29	0	0.572498	0.846117	2.2842251069	1
30	0	1.345258	0.846117	2.2842251069	1
31	0	1.130208	0.846117	2.2842251069	1
32	0	1.715899	0.846117	2.2842251069	0
33	0	1.278869	0.846117	2.2842251069	0
34	1	0.875088	0.846117	2.2842251069	1
35	0	0.880971	0.846117	2.2842251069	0
36	0	0.680605	0.846117	2.2842251069	1
37	0	1.028102	0.846117	2.2842251069	0
38	0	0.628166	0.846117	2.2842251069	0
39	0	0.642606	0.846117	2.2842251069	0
40	1	0.868623	0.846117	2.2842251069	1
41	0	0.622717	0.846117	2.2842251069	1
42	0	1.520137	0.846117	2.2842251069	1
43	0	0.513232	0.846117	2.2842251069	0
44	0	0.512371	0.846117	2.2842251069	0
45	0	0.844158	0.846117	2.2842251069	0
46	0	0.542390	0.846117	2.2842251069	0
47	0	0.677793	0.846117	2.2842251069	0
48	1	0.544250	0.846117	2.2842251069	0
49	0	0.759392	0.846117	2.2842251069	1
50	1	0.661704	0.846117	2.2842251069	1
51	0	0.527185	0.846117	2.2842251069	1
52	1	0.636982	0.846117	2.2842251069	0
53	0	0.504520	0.846117	2.2842251069	1
54	0	0.848374	0.846117	2.2842251069	0
55	1	1.359649	0.846117	2.2842251069	0
56	0	0.595823	0.846117	2.2842251069	1
57	0	1.534794	0.846117	2.2842251069	1
58	1	1.650598	0.846117	2.2842251069	1
59	0	0.759961	0.846117	2.2842251069	1
60	0	0.569048	0.846117	2.2842251069	1
61	0	1.321694	0.846117	2.2842251069	0
62	0	0.659180	0.846117	2.2842251069	0
63	1	0.598994	0.846117	2.2842251069	0
64	1	0.617217	0.846117	2.2842251069	1
65	0	1.089643	0.846117	2.2842251069	0
66	0	2.531367	0.846117	2.2842251069	1
67	1	1.691068	0.846117	2.2842251069	1
68	0	0.898073	0.846117	2.2842251069	1
69	0	0.516924	0.846117	2.2842251069	0
70	0	0.570981	0.846117	2.2842251069	1
71	0	0.532944	0.846117	2.2842251069	1
72	1	0.833629	0.846117	2.2842251069	0
73	0	0.702444	0.846117	2.2842251069	0
74	0	0.686536	0.846117	2.2842251069	1
75	0	0.567921	0.846117	2.2842251069	1
76	1	0.805721	0.846117	2.2842251069	0
77	0	1.313121	0.846117	2.2842251069	0
78	1	2.411028	0.846117	2.2842251069	1
79	0	0.783124	0.846117	2.2842251069	1
80	0	1.622368	0.846117	2.2842251069	1
81	0	0.526579	0.846117	2.2842251069	0
82	0	1.280445	0.846117	2.2842251069	0
83	0	0.594194	0.846117	2.2842251069	0
84	1	0.706484	0.846117	2.2842251069	0
85	0	0.917821	0.846117	2.2842251069	1
86	0	0.604051	0.846117	2.2842251069	1
87	0	0.575850	0.846117	2.2842251069	1
88	1	1.550213	0.846117	2.2842251069	1
89	0	0.526738	0.846117	2.2842251069	0
90	1	0.610720	0.846117	2.2842251069	1
91	0	1.360725	0.846117	2.2842251069	1
92	1	0.637221	0.846117	2.2842251069	0
93	0	0.613331	0.846117	2.2842251069	0
94	0	1.426929	0.846117	2.2842251069	1
95	0	0.574015	0.846117	2.2842251069	0
96	0	0.540307	0.846117	2.2842251069	0
97	1	0.968069	0.846117	2.2842251069	1
98	0	0.869210	0.846117	2.2842251069	0
99	1	0.757297	0.846117	2.2842251069	0
100	0	0.656054	0.846117	2.2842251069	1
101	0	0.726428	0.846117	2.2842251069	0
102	1	1.830750	0.846117	2.2842251069	1
103	0	1.206631	0.846117	2.2842251069	1
104	0	1.457553	0.846117	2.2842251069	1
105	1	1.065663	0.846117	2.2842251069	0
106	0	1.430109	0.846117	2.2842251069	1
107	0	1.472897	0.846117	2.2842251069	0
108	0	1.217409	0.846117	2.2842251069	0
109	1	2.022887	0.846117	2.2842251069	0
110	0	1.213305	0.846117	2.2842251069	1
111	0	0.699118	0.846117	2.2842251069	0
112	0	0.857459	0.846117	2.2842251069	0
113	0	0.666818	0.846117	2.2842251069	1
114	1	0.952803	0.846117	2.2842251069	1
115	1	0.682295	0.846117	2.2842251069	0
116	0	0.867329	0.846117	2.2842251069	1
117	0	1.588079	0.846117	2.2842251069	0
118	0	1.261877	0.846117	2.2842251069	0
119	0	1.382202	0.846117	2.2842251069	1
120	1	0.677623	0.846117	2.2842251069	1
121	0	0.825446	0.846117	2.2842251069	0
122	0	1.677081	0.846117	2.2842251069	1
123	0	2.490784	0.846117	2.2842251069	1
124	1	2.177546	0.846117	2.2842251069	1
125	0	0.655240	0.846117	2.2842251069	1
126	1	0.964486	0.846117	2.2842251069	0
127	0	0.944039	0.846117	2.2842251069	0
128	0	0.607197	0.846117	2.2842251069	1
129	0	1.777370	0.846117	2.2842251069	1
130	0	0.792290	0.846117	2.2842251069	0
131	0	0.780953	0.846117	2.2842251069	0
132	1	0.700833	0.846117	2.2842251069	1
133	1	0.613818	0.846117	2.2842251069	0
134	0	0.708023	0.846117	2.2842251069	0
135	1	0.737063	0.846117	2.2842251069	0
136	1	0.519084	0.846117	2.2842251069	1
