1	0	0.766509	0.821612	2.7388289578	1
2	0	0.726592	0.821612	2.7388289578	0
3	0	3.286456	0.821612	2.7388289578	1
4	0	0.509711	0.821612	2.7388289578	1
5	1	0.827644	0.821612	2.7388289578	1
6	0	0.937093	0.821612	2.7388289578	0
7	1	0.785932	0.821612	2.7388289578	0
8	0	0.772776	0.821612	2.7388289578	0
9	0	0.674853	0.821612	2.7388289578	0
10	1	1.148449	0.821612	2.7388289578	1
11	0	1.042704	0.821612	2.7388289578	0
12	1	0.615667	0.821612	2.7388289578	0
13	0	0.706804	0.821612	2.7388289578	1
14	0	1.019635	0.821612	2.7388289578	0
15	1	0.602495	0.821612	2.7388289578	0
16	0	0.609640	0.821612	2.7388289578	1
17	0	0.873424	0.821612	2.7388289578	0
18	1	0.711862	0.821612	2.7388289578	1
19	0	1.677439	0.821612	2.7388289578	1
20	0	0.816420	0.821612	2.7388289578	1
21	0	0.664759	0.821612	2.7388289578	0
22	1	2.918422	0.821612	2.7388289578	0
23	1	1.082944	0.821612	2.7388289578	1
24	0	0.517170	0.821612	2.7388289578	0
25	0	1.318260	0.821612	2.7388289578	1
26	0	0.844532	0.821612	2.7388289578	1
27	0	1.112934	0.821612	2.7388289578	1
28	1	0.615449	0.821612	2.7388289578	0
29	0	0.903398	0.821612	2.7388289578	0
30	0	0.659891	0.821612	2.7388289578	1
31	0	1.106229	0.821612	2.7388289578	0
32	0	0.585040	0.821612	2.7388289578	1
33	0	1.079410	0.821612	2.7388289578	0
34	0	0.579769	0.821612	2.7388289578	1
35	0	0.744085	0.821612	2.7388289578	0
36	0	0.819367	0.821612	2.7388289578	1
37	1	1.157464	0.821612	2.7388289578	1
38	1	1.027884	0.821612	2.7388289578	1
39	0	0.728961	0.821612	2.7388289578	1
40	0	0.679494	0.821612	2.7388289578	0
41	0	0.632222	0.821612	2.7388289578	0
42	1	1.044014	0.821612	2.7388289578	0
43	0	0.516415	0.821612	2.7388289578	0
44	0	3.799671	0.821612	2.7388289578	0
45	1	0.595074	0.821612	2.7388289578	1
46	0	2.620058	0.821612	2.7388289578	1
47	0	0.613379	0.821612	2.7388289578	1
48	1	0.938096	0.821612	2.7388289578	0
49	0	0.521742	0.821612	2.7388289578	0
50	0	2.221515	0.821612	2.7388289578	1
51	0	0.559293	0.821612	2.7388289578	0
52	0	0.618281	0.821612	2.7388289578	1
53	0	1.004217	0.821612	2.7388289578	1
54	0	0.828977	0.821612	2.7388289578	0
55	1	2.218608	0.821612	2.7388289578	0
56	0	0.655549	0.821612	2.7388289578	1
57	1	2.188307	0.821612	2.7388289578	1
58	0	0.604687	0.821612	2.7388289578	0
59	0	0.878582	0.821612	2.7388289578	1
60	1	0.636755	0.821612	2.7388289578	0
61	0	0.638558	0.821612	2.7388289578	0
62	1	1.086889	0.821612	2.7388289578	1
63	0	1.772378	0.821612	2.7388289578	0
64	0	0.653889	0.821612	2.7388289578	1
65	0	1.249534	0.821612	2.7388289578	1
66	1	1.477928	0.821612	2.7388289578	1
67	0	0.642373	0.821612	2.7388289578	0
68	1	0.823593	0.821612	2.7388289578	0
69	0	0.653491	0.821612	2.7388289578	1
70	1	0.539829	0.821612	2.7388289578	0
71	0	0.645367	0.821612	2.7388289578	0
72	0	0.544717	0.821612	2.7388289578	0
73	1	2.090983	0.821612	2.7388289578	1
74	0	0.927574	0.821612	2.7388289578	1
75	0	1.279553	0.821612	2.7388289578	1
76	0	0.822344	0.821612	2.7388289578	1
77	0	0.805603	0.821612	2.7388289578	1
78	0	0.804047	0.821612	2.7388289578	1
79	0	0.575349	0.821612	2.7388289578	0
80	1	0.544197	0.821612	2.7388289578	0
81	0	0.787185	0.821612	2.7388289578	0
82	0	0.548582	0.821612	2.7388289578	0
83	0	1.226899	0.821612	2.7388289578	1
84	0	1.222444	0.821612	2.7388289578	1
85	1	0.703622	0.821612	2.7388289578	1
86	0	0.820406	0.821612	2.7388289578	0
87	1	0.893168	0.821612	2.7388289578	1
88	0	1.927846	0.821612	2.7388289578	0
89	1	0.589715	0.821612	2.7388289578	0
90	0	0.562761	0.821612	2.7388289578	0
91	0	0.935750	0.821612	2.7388289578	0
92	0	1.154458	0.821612	2.7388289578	1
93	0	0.687801	0.821612	2.7388289578	0
94	0	0.850886	0.821612	2.7388289578	0
95	0	0.896359	0.821612	2.7388289578	0
96	1	1.137213	0.821612	2.7388289578	1
97	0	0.638904	0.821612	2.7388289578	1
98	0	0.985522	0.821612	2.7388289578	1
99	1	0.652467	0.821612	2.7388289578	0
100	0	1.142292	0.821612	2.7388289578	0
101	0	0.556605	0.821612	2.7388289578	1
102	1	0.746229	0.821612	2.7388289578	1
103	1	0.866221	0.821612	2.7388289578	0
104	0	0.580843	0.821612	2.7388289578	0
105	1	1.219941	0.821612	2.7388289578	0
106	0	1.357263	0.821612	2.7388289578	0
107	0	0.532483	0.821612	2.7388289578	1
108	1	0.624693	0.821612	2.7388289578	1
109	0	0.680376	0.821612	2.7388289578	1
110	0	0.573506	0.821612	2.7388289578	0
111	0	1.972520	0.821612	2.7388289578	0
112	0	2.922480	0.821612	2.7388289578	1
113	1	0.791541	0.821612	2.7388289578	0
114	0	0.611149	0.821612	2.7388289578	1
115	0	0.765129	0.821612	2.7388289578	0
116	0	1.011079	0.821612	2.7388289578	0
117	0	1.676857	0.821612	2.7388289578	0
118	0	1.357453	0.821612	2.7388289578	0
119	1	0.848950	0.821612	2.7388289578	1
120	0	1.625651	0.821612	2.7388289578	1
121	0	0.579869	0.821612	2.7388289578	0
122	1	1.130401	0.821612	2.7388289578	1
123	0	1.012530	0.821612	2.7388289578	0
124	0	0.722235	0.821612	2.7388289578	1
125	0	0.783672	0.821612	2.7388289578	1
126	0	1.941111	0.821612	2.7388289578	1
127	1	0.536079	0.821612	2.7388289578	0
128	0	0.721530	0.821612	2.7388289578	1
129	1	0.859430	0.821612	2.7388289578	1
130	0	0.545175	0.821612	2.7388289578	0
131	0	0.648586	0.821612	2.7388289578	1
132	1	1.394361	0.821612	2.7388289578	0
133	0	1.335633	0.821612	2.7388289578	1
134	0	2.086896	0.821612	2.7388289578	1
135	1	0.880312	0.821612	2.7388289578	0
136	1	0.605725	0.821612	2.7388289578	1
