1	0	3.106013	0.820455	3.3164151649	0
2	0	0.521205	0.820455	3.3164151649	0
3	0	0.505782	0.820455	3.3164151649	1
4	1	0.569622	0.820455	3.3164151649	0
5	0	1.455326	0.820455	3.3164151649	0
6	1	0.616727	0.820455	3.3164151649	1
7	0	0.692070	0.820455	3.3164151649	0
8	0	1.736766	0.820455	3.3164151649	0
9	1	0.834877	0.820455	3.3164151649	0
10	0	0.860471	0.820455	3.3164151649	1
11	1	0.839130	0.820455	3.3164151649	1
12	0	0.546167	0.820455	3.3164151649	0
13	0	0.553168	0.820455	3.3164151649	0
14	1	0.631881	0.820455	3.3164151649	1
15	0	1.343724	0.820455	3.3164151649	1
16	1	0.880683	0.820455	3.3164151649	0
17	0	1.266312	0.820455	3.3164151649	1
18	0	0.553376	0.820455	3.3164151649	1
19	0	0.628338	0.820455	3.3164151649	1
20	0	0.762798	0.820455	3.3164151649	1
21	0	0.998053	0.820455	3.3164151649	0
22	1	1.002638	0.820455	3.3164151649	1
23	1	1.065130	0.820455	3.3164151649	0
24	0	0.614481	0.820455	3.3164151649	1
25	1	0.673614	0.820455	3.3164151649	1
26	0	0.806651	0.820455	3.3164151649	0
27	0	0.944984	0.820455	3.3164151649	1
28	0	1.172660	0.820455	3.3164151649	1
29	0	2.123358	0.820455	3.3164151649	0
30	0	0.953198	0.820455	3.3164151649	1
31	0	0.618621	0.820455	3.3164151649	0
32	1	1.032118	0.820455	3.3164151649	0
33	0	0.760799	0.820455	3.3164151649	0
34	0	1.588937	0.820455	3.3164151649	1
35	0	0.592986	0.820455	3.3164151649	1
36	1	1.223812	0.820455	3.3164151649	0
37	0	0.567692	0.820455	3.3164151649	1
38	1	1.246479	0.820455	3.3164151649	1
39	0	0.833989	0.820455	3.3164151649	1
40	1	0.690970	0.820455	3.3164151649	0
41	0	2.199783	0.820455	3.3164151649	1
42	0	0.751406	0.820455	3.3164151649	1
43	0	1.075335	0.820455	3.3164151649	1
44	0	1.578891	0.820455	3.3164151649	0
45	0	2.411238	0.820455	3.3164151649	1
46	0	0.846574	0.820455	3.3164151649	0
47	0	0.544353	0.820455	3.3164151649	0
48	0	0.976565	0.820455	3.3164151649	0
49	1	0.507747	0.820455	3.3164151649	1
50	1	1.377819	0.820455	3.3164151649	1
51	0	0.683906	0.820455	3.3164151649	0
52	0	1.212645	0.820455	3.3164151649	1
53	1	1.173023	0.820455	3.3164151649	0
54	0	0.831222	0.820455	3.3164151649	0
55	0	0.507357	0.820455	3.3164151649	0
56	0	1.073442	0.820455	3.3164151649	0
57	1	0.566509	0.820455	3.3164151649	1
58	0	1.068825	0.820455	3.3164151649	0
59	0	0.602912	0.820455	3.3164151649	1
60	0	0.778993	0.820455	3.3164151649	0
61	0	1.134053	0.820455	3.3164151649	0
62	1	2.159481	0.820455	3.3164151649	0
63	1	1.451804	0.820455	3.3164151649	0
64	0	0.814106	0.820455	3.3164151649	1
65	0	1.054772	0.820455	3.3164151649	1
66	0	2.273818	0.820455	3.3164151649	1
67	0	1.475664	0.820455	3.3164151649	0
68	1	0.788249	0.820455	3.3164151649	1
69	0	1.118972	0.820455	3.3164151649	0
70	0	0.888433	0.820455	3.3164151649	0
71	0	0.646148	0.820455	3.3164151649	1
72	0	1.196989	0.820455	3.3164151649	0
73	0	0.522408	0.820455	3.3164151649	1
74	0	0.610507	0.820455	3.3164151649	1
75	1	0.524919	0.820455	3.3164151649	1
76	0	1.639801	0.820455	3.3164151649	0
77	1	0.742725	0.820455	3.3164151649	0
78	0	0.764784	0.820455	3.3164151649	0
79	0	1.085480	0.820455	3.3164151649	0
80	0	0.838466	0.820455	3.3164151649	1
81	1	0.861968	0.820455	3.3164151649	1
82	0	0.927608	0.820455	3.3164151649	0
83	1	0.788466	0.820455	3.3164151649	0
84	0	1.379439	0.820455	3.3164151649	1
85	0	0.522317	0.820455	3.3164151649	0
86	1	1.004187	0.820455	3.3164151649	0
87	0	1.027332	0.820455	3.3164151649	1
88	0	0.615276	0.820455	3.3164151649	0
89	0	1.290669	0.820455	3.3164151649	1
90	0	0.767234	0.820455	3.3164151649	1
91	1	1.637314	0.820455	3.3164151649	1
92	0	0.600846	0.820455	3.3164151649	0
93	0	0.866244	0.820455	3.3164151649	1
94	0	1.089847	0.820455	3.3164151649	0
95	0	0.578145	0.820455	3.3164151649	1
96	1	1.760334	0.820455	3.3164151649	0
97	0	1.118795	0.820455	3.3164151649	1
98	0	0.738781	0.820455	3.3164151649	0
99	0	1.035975	0.820455	3.3164151649	1
100	1	1.230332	0.820455	3.3164151649	1
101	0	0.712911	0.820455	3.3164151649	1
102	1	0.524722	0.820455	3.3164151649	0
103	0	0.661897	0.820455	3.3164151649	1
104	0	0.691479	0.820455	3.3164151649	1
105	1	0.940324	0.820455	3.3164151649	1
106	0	0.528636	0.820455	3.3164151649	0
107	1	0.985211	0.820455	3.3164151649	1
108	0	0.677969	0.820455	3.3164151649	1
109	1	1.474071	0.820455	3.3164151649	0
110	0	1.234422	0.820455	3.3164151649	0
111	0	0.522416	0.820455	3.3164151649	1
112	1	3.061919	0.820455	3.3164151649	1
113	0	0.516924	0.820455	3.3164151649	0
114	0	1.320659	0.820455	3.3164151649	1
115	0	1.020072	0.820455	3.3164151649	1
116	1	0.616171	0.820455	3.3164151649	0
117	0	0.740225	0.820455	3.3164151649	0
118	1	0.752337	0.820455	3.3164151649	0
119	0	0.747507	0.820455	3.3164151649	0
120	0	2.034788	0.820455	3.3164151649	0
121	0	1.161568	0.820455	3.3164151649	0
122	1	1.665829	0.820455	3.3164151649	1
123	0	0.588348	0.820455	3.3164151649	0
124	0	0.590005	0.820455	3.3164151649	0
125	1	0.720111	0.820455	3.3164151649	0
126	0	0.659584	0.820455	3.3164151649	1
127	0	0.639642	0.820455	3.3164151649	1
128	1	0.838654	0.820455	3.3164151649	1
129	0	0.753569	0.820455	3.3164151649	0
130	1	2.292765	0.820455	3.3164151649	1
131	0	1.113433	0.820455	3.3164151649	0
132	0	0.958308	0.820455	3.3164151649	0
133	0	1.103032	0.820455	3.3164151649	1
134	0	0.641413	0.820455	3.3164151649	1
135	0	0.716079	0.820455	3.3164151649	1
136	1	1.036158	0.820455	3.3164151649	0
