1	0	1.831823	0.821064	2.8411851436	0
2	0	0.511051	0.821064	2.8411851436	0
3	1	0.730025	0.821064	2.8411851436	1
4	0	2.674250	0.821064	2.8411851436	1
5	1	0.588518	0.821064	2.8411851436	0
6	0	0.520501	0.821064	2.8411851436	0
7	1	0.697947	0.821064	2.8411851436	1
8	0	1.164767	0.821064	2.8411851436	1
9	0	0.749553	0.821064	2.8411851436	0
10	1	2.814259	0.821064	2.8411851436	0
11	1	0.878253	0.821064	2.8411851436	0
12	0	1.223473	0.821064	2.8411851436	1
13	0	0.755283	0.821064	2.8411851436	0
14	1	1.708392	0.821064	2.8411851436	1
15	0	0.575713	0.821064	2.8411851436	0
16	0	0.529652	0.821064	2.8411851436	1
17	1	0.690351	0.821064	2.8411851436	0
18	0	0.880612	0.821064	2.8411851436	1
19	0	0.996423	0.821064	2.8411851436	1
20	0	0.789792	0.821064	2.8411851436	0
21	1	0.609809	0.821064	2.8411851436	1
22	0	0.516814	0.821064	2.8411851436	1
23	1	1.635717	0.821064	2.8411851436	0
24	0	1.403235	0.821064	2.8411851436	0
25	0	0.761890	0.821064	2.8411851436	0
26	0	1.077643	0.821064	2.8411851436	0
27	0	0.973433	0.821064	2.8411851436	1
28	1	1.183675	0.821064	2.8411851436	1
29	0	1.745328	0.821064	2.8411851436	1
30	0	0.556831	0.821064	2.8411851436	1
31	0	0.860809	0.821064	2.8411851436	1
32	1	1.699638	0.821064	2.8411851436	1
33	0	1.197579	0.821064	2.8411851436	0
34	0	0.873462	0.821064	2.8411851436	0
35	1	1.660737	0.821064	2.8411851436	0
36	0	0.803137	0.821064	2.8411851436	1
37	0	1.808991	0.821064	2.8411851436	0
38	0	1.025613	0.821064	2.8411851436	0
39	0	2.245422	0.821064	2.8411851436	1
40	1	0.786010	0.821064	2.8411851436	1
41	0	1.925555	0.821064	2.8411851436	1
42	0	1.557615	0.821064	2.8411851436	1
43	1	0.973243	0.821064	2.8411851436	0
44	0	1.200831	0.821064	2.8411851436	1
45	0	0.787164	0.821064	2.8411851436	0
46	0	1.303297	0.821064	2.8411851436	0
47	1	0.765689	0.821064	2.8411851436	0
48	0	0.944908	0.821064	2.8411851436	0
49	0	0.895262	0.821064	2.8411851436	1
50	0	0.802855	0.821064	2.8411851436	0
51	0	0.525107	0.821064	2.8411851436	0
52	1	1.067985	0.821064	2.8411851436	1
53	1	0.580034	0.821064	2.8411851436	0
54	0	0.772395	0.821064	2.8411851436	0
55	0	0.917732	0.821064	2.8411851436	1
56	0	1.037162	0.821064	2.8411851436	1
57	0	1.375634	0.821064	2.8411851436	1
58	0	0.857929	0.821064	2.8411851436	0
59	0	0.670835	0.821064	2.8411851436	0
60	1	0.699347	0.821064	2.8411851436	1
61	0	0.684194	0.821064	2.8411851436	1
62	1	0.678525	0.821064	2.8411851436	1
63	0	0.771888	0.821064	2.8411851436	1
64	1	0.544322	0.821064	2.8411851436	0
65	0	0.661707	0.821064	2.8411851436	1
66	0	0.736444	0.821064	2.8411851436	1
67	1	1.322761	0.821064	2.8411851436	0
68	0	1.725675	0.821064	2.8411851436	0
69	1	0.579935	0.821064	2.8411851436	1
70	0	0.842824	0.821064	2.8411851436	1
71	0	0.689743	0.821064	2.8411851436	0
72	0	0.672980	0.821064	2.8411851436	0
73	0	0.557518	0.821064	2.8411851436	0
74	1	0.572447	0.821064	2.8411851436	0
75	0	0.597310	0.821064	2.8411851436	1
76	0	1.957877	0.821064	2.8411851436	0
77	0	0.840755	0.821064	2.8411851436	1
78	1	0.798602	0.821064	2.8411851436	1
79	0	0.585254	0.821064	2.8411851436	1
80	0	0.527197	0.821064	2.8411851436	1
81	1	0.618689	0.821064	2.8411851436	1
82	0	1.080294	0.821064	2.8411851436	0
83	0	0.587692	0.821064	2.8411851436	1
84	0	1.092260	0.821064	2.8411851436	0
85	0	0.634190	0.821064	2.8411851436	1
86	0	1.475947	0.821064	2.8411851436	0
87	1	1.307171	0.821064	2.8411851436	0
88	0	0.503942	0.821064	2.8411851436	1
89	1	3.421013	0.821064	2.8411851436	1
90	0	1.022025	0.821064	2.8411851436	1
91	0	1.737743	0.821064	2.8411851436	0
92	0	2.190016	0.821064	2.8411851436	0
93	1	0.683674	0.821064	2.8411851436	0
94	0	0.512322	0.821064	2.8411851436	1
95	1	0.748158	0.821064	2.8411851436	1
96	1	0.646874	0.821064	2.8411851436	0
97	0	0.640008	0.821064	2.8411851436	1
98	0	1.095994	0.821064	2.8411851436	0
99	0	1.039874	0.821064	2.8411851436	0
100	0	1.995762	0.821064	2.8411851436	1
101	1	1.769822	0.821064	2.8411851436	0
102	0	0.943074	0.821064	2.8411851436	0
103	1	0.528745	0.821064	2.8411851436	1
104	0	0.523918	0.821064	2.8411851436	1
105	1	0.758605	0.821064	2.8411851436	0
106	0	0.507505	0.821064	2.8411851436	0
107	0	0.963972	0.821064	2.8411851436	1
108	0	0.828261	0.821064	2.8411851436	1
109	0	0.871994	0.821064	2.8411851436	1
110	0	0.948777	0.821064	2.8411851436	0
111	1	0.822685	0.821064	2.8411851436	1
112	0	1.502222	0.821064	2.8411851436	0
113	1	0.563914	0.821064	2.8411851436	1
114	0	0.522396	0.821064	2.8411851436	1
115	0	1.839373	0.821064	2.8411851436	1
116	0	0.571068	0.821064	2.8411851436	1
117	0	0.515814	0.821064	2.8411851436	1
118	0	0.570578	0.821064	2.8411851436	0
119	0	0.519059	0.821064	2.8411851436	1
120	0	1.596250	0.821064	2.8411851436	0
121	0	0.775875	0.821064	2.8411851436	1
122	0	0.767449	0.821064	2.8411851436	0
123	0	0.985814	0.821064	2.8411851436	0
124	1	0.704897	0.821064	2.8411851436	0
125	0	0.527343	0.821064	2.8411851436	0
126	0	0.776960	0.821064	2.8411851436	0
127	1	1.838635	0.821064	2.8411851436	1
128	0	0.785943	0.821064	2.8411851436	0
129	1	1.241485	0.821064	2.8411851436	0
130	0	0.676421	0.821064	2.8411851436	0
131	0	1.406560	0.821064	2.8411851436	1
132	0	1.166418	0.821064	2.8411851436	1
133	1	0.567477	0.821064	2.8411851436	0
134	0	0.757574	0.821064	2.8411851436	0
135	1	0.582575	0.821064	2.8411851436	1
136	0	0.991945	0.821064	2.8411851436	0
