1	0	1.068020	0.819972	3.2335951891	1
2	0	0.959578	0.819972	3.2335951891	0
3	1	1.015880	0.819972	3.2335951891	0
4	0	0.536223	0.819972	3.2335951891	0
5	1	0.624307	0.819972	3.2335951891	1
6	0	0.813966	0.819972	3.2335951891	0
7	0	0.992484	0.819972	3.2335951891	1
8	0	0.955406	0.819972	3.2335951891	0
9	0	0.850991	0.819972	3.2335951891	1
10	1	0.710166	0.819972	3.2335951891	0
11	0	0.918361	0.819972	3.2335951891	0
12	0	0.876920	0.819972	3.2335951891	1
13	0	1.802372	0.819972	3.2335951891	1
14	0	0.700402	0.819972	3.2335951891	0
15	0	1.117867	0.819972	3.2335951891	0
16	1	0.704323	0.819972	3.2335951891	1
17	0	1.036182	0.819972	3.2335951891	1
18	0	1.512332	0.819972	3.2335951891	1
19	1	1.837923	0.819972	3.2335951891	1
20	0	1.296844	0.819972	3.2335951891	0
21	1	1.883691	0.819972	3.2335951891	0
22	0	1.435471	0.819972	3.2335951891	1
23	1	0.580021	0.819972	3.2335951891	1
24	0	1.019594	0.819972	3.2335951891	0
25	1	0.900479	0.819972	3.2335951891	0
26	0	0.794965	0.819972	3.2335951891	0
27	0	0.506567	0.819972	3.2335951891	1
28	0	0.941696	0.819972	3.2335951891	1
29	0	0.536616	0.819972	3.2335951891	0
30	1	1.564208	0.819972	3.2335951891	1
31	0	1.185603	0.819972	3.2335951891	1
32	0	0.919972	0.819972	3.2335951891	0
33	0	1.158146	0.819972	3.2335951891	1
34	0	0.507130	0.819972	3.2335951891	0
35	1	1.070894	0.819972	3.2335951891	0
36	0	0.903048	0.819972	3.2335951891	0
37	0	0.889973	0.819972	3.2335951891	1
38	1	0.971705	0.819972	3.2335951891	0
39	1	0.765456	0.819972	3.2335951891	1
40	0	0.515635	0.819972	3.2335951891	0
41	1	0.901174	0.819972	3.2335951891	0
42	0	1.615006	0.819972	3.2335951891	1
43	1	0.671185	0.819972	3.2335951891	1
44	0	1.924050	0.819972	3.2335951891	1
45	0	0.650350	0.819972	3.2335951891	0
46	0	0.648686	0.819972	3.2335951891	1
47	1	0.732802	0.819972	3.2335951891	1
48	0	0.569338	0.819972	3.2335951891	1
49	1	1.091522	0.819972	3.2335951891	0
50	0	1.127266	0.819972	3.2335951891	0
51	0	0.568879	0.819972	3.2335951891	1
52	0	0.922475	0.819972	3.2335951891	0
53	0	1.299859	0.819972	3.2335951891	1
54	1	1.509811	0.819972	3.2335951891	1
55	0	0.917557	0.819972	3.2335951891	1
56	0	0.697776	0.819972	3.2335951891	0
57	0	0.522325	0.819972	3.2335951891	1
58	0	0.554518	0.819972	3.2335951891	0
59	0	0.642071	0.819972	3.2335951891	1
60	1	0.592908	0.819972	3.2335951891	0
61	0	1.297227	0.819972	3.2335951891	0
62	1	1.946927	0.819972	3.2335951891	0
63	0	1.173885	0.819972	3.2335951891	1
64	0	0.572107	0.819972	3.2335951891	0
65	0	1.809245	0.819972	3.2335951891	0
66	0	0.538023	0.819972	3.2335951891	0
67	1	0.938936	0.819972	3.2335951891	1
68	0	1.586518	0.819972	3.2335951891	1
69	1	1.548998	0.819972	3.2335951891	1
70	1	1.478537	0.819972	3.2335951891	0
71	0	0.538662	0.819972	3.2335951891	1
72	0	1.688012	0.819972	3.2335951891	1
73	1	0.580095	0.819972	3.2335951891	1
74	0	0.520095	0.819972	3.2335951891	1
75	0	1.278538	0.819972	3.2335951891	1
76	0	0.690701	0.819972	3.2335951891	1
77	1	0.684806	0.819972	3.2335951891	0
78	0	0.723354	0.819972	3.2335951891	1
79	1	0.593769	0.819972	3.2335951891	0
80	0	0.571013	0.819972	3.2335951891	0
81	0	2.827393	0.819972	3.2335951891	1
82	0	0.716388	0.819972	3.2335951891	0
83	1	0.811529	0.819972	3.2335951891	1
84	0	0.787276	0.819972	3.2335951891	0
85	0	1.330503	0.819972	3.2335951891	0
86	0	0.717515	0.819972	3.2335951891	0
87	1	0.876161	0.819972	3.2335951891	0
88	1	0.512653	0.819972	3.2335951891	1
89	0	2.509738	0.819972	3.2335951891	0
90	0	0.647184	0.819972	3.2335951891	1
91	0	2.602810	0.819972	3.2335951891	0
92	1	0.733130	0.819972	3.2335951891	0
93	0	1.135984	0.819972	3.2335951891	0
94	0	0.563672	0.819972	3.2335951891	0
95	0	1.229547	0.819972	3.2335951891	1
96	0	0.796219	0.819972	3.2335951891	0
97	0	1.472348	0.819972	3.2335951891	0
98	0	0.969705	0.819972	3.2335951891	0
99	0	0.870479	0.819972	3.2335951891	1
100	1	1.168820	0.819972	3.2335951891	1
101	0	0.502602	0.819972	3.2335951891	1
102	1	0.504164	0.819972	3.2335951891	1
103	0	0.519748	0.819972	3.2335951891	0
104	0	0.946100	0.819972	3.2335951891	1
105	0	0.533979	0.819972	3.2335951891	1
106	0	1.247929	0.819972	3.2335951891	1
107	0	0.554885	0.819972	3.2335951891	1
108	0	0.712599	0.819972	3.2335951891	1
109	0	0.765240	0.819972	3.2335951891	0
110	0	1.014407	0.819972	3.2335951891	0
111	0	0.914336	0.819972	3.2335951891	1
112	0	0.854190	0.819972	3.2335951891	1
113	0	0.549264	0.819972	3.2335951891	1
114	1	0.893543	0.819972	3.2335951891	0
115	0	0.511480	0.819972	3.2335951891	1
116	1	1.807043	0.819972	3.2335951891	1
117	0	2.311656	0.819972	3.2335951891	0
118	0	0.987763	0.819972	3.2335951891	0
119	1	0.747542	0.819972	3.2335951891	0
120	0	0.527894	0.819972	3.2335951891	1
121	1	1.021759	0.819972	3.2335951891	0
122	0	1.333659	0.819972	3.2335951891	0
123	1	1.211537	0.819972	3.2335951891	1
124	0	0.769156	0.819972	3.2335951891	0
125	0	0.955329	0.819972	3.2335951891	0
126	0	1.119064	0.819972	3.2335951891	0
127	0	0.545000	0.819972	3.2335951891	1
128	0	1.122781	0.819972	3.2335951891	1
129	1	1.817657	0.819972	3.2335951891	0
130	0	0.531172	0.819972	3.2335951891	0
131	0	2.445128	0.819972	3.2335951891	0
132	1	1.574462	0.819972	3.2335951891	1
133	0	0.500444	0.819972	3.2335951891	0
134	0	0.538138	0.819972	3.2335951891	1
135	1	0.822124	0.819972	3.2335951891	1
136	1	0.706747	0.819972	3.2335951891	0
