   1.0000000e+00   0.0000000e+00   5.1263100e-01   8.2537300e-01   2.7930078e+00   0.0000000e+00
   2.0000000e+00   0.0000000e+00   8.0938600e-01   8.2537300e-01   2.7930078e+00   1.0000000e+00
   3.0000000e+00   1.0000000e+00   1.2218180e+00   8.2537300e-01   2.7930078e+00   1.0000000e+00
   4.0000000e+00   0.0000000e+00   4.8900000e-01   8.2537300e-01   2.7930078e+00   1.0000000e+00
   5.0000000e+00   1.0000000e+00   5.4546500e-01   8.2537300e-01   2.7930078e+00   0.0000000e+00
   6.0000000e+00   0.0000000e+00   6.2450300e-01   8.2537300e-01   2.7930078e+00   0.0000000e+00
   7.0000000e+00   0.0000000e+00   8.2606200e-01   8.2537300e-01   2.7930078e+00   0.0000000e+00
   8.0000000e+00   0.0000000e+00   2.1959900e+00   8.2537300e-01   2.7930078e+00   1.0000000e+00
   9.0000000e+00   1.0000000e+00   9.4357700e-01   8.2537300e-01   2.7930078e+00   1.0000000e+00
   1.0000000e+01   0.0000000e+00   5.7603900e-01   8.2537300e-01   2.7930078e+00   0.0000000e+00
   1.1000000e+01   0.0000000e+00   8.0321800e-01   8.2537300e-01   2.7930078e+00   1.0000000e+00
   1.2000000e+01   0.0000000e+00   6.2050600e-01   8.2537300e-01   2.7930078e+00   0.0000000e+00
   1.3000000e+01   0.0000000e+00   8.2850200e-01   8.2537300e-01   2.7930078e+00   0.0000000e+00
   1.4000000e+01   0.0000000e+00   5.3001500e-01   8.2537300e-01   2.7930078e+00   1.0000000e+00
   1.5000000e+01   0.0000000e+00   1.7085190e+00   8.2537300e-01   2.7930078e+00   1.0000000e+00
   1.6000000e+01   0.0000000e+00   7.1322300e-01   8.2537300e-01   2.7930078e+00   0.0000000e+00
   1.7000000e+01   1.0000000e+00   1.8632070e+00   8.2537300e-01   2.7930078e+00   0.0000000e+00
   1.8000000e+01   0.0000000e+00   5.3238600e-01   8.2537300e-01   2.7930078e+00   1.0000000e+00
   1.9000000e+01   0.0000000e+00   1.2464340e+00   8.2537300e-01   2.7930078e+00   1.0000000e+00
   2.0000000e+01   1.0000000e+00   5.8377200e-01   8.2537300e-01   2.7930078e+00   0.0000000e+00
   2.1000000e+01   0.0000000e+00   6.6292100e-01   8.2537300e-01   2.7930078e+00   1.0000000e+00
   2.2000000e+01   1.0000000e+00   6.5805200e-01   8.2537300e-01   2.7930078e+00   1.0000000e+00
   2.3000000e+01   0.0000000e+00   6.8084600e-01   8.2537300e-01   2.7930078e+00   0.0000000e+00
   2.4000000e+01   0.0000000e+00   5.0173400e-01   8.2537300e-01   2.7930078e+00   0.0000000e+00
   2.5000000e+01   0.0000000e+00   7.2534700e-01   8.2537300e-01   2.7930078e+00   1.0000000e+00
   2.6000000e+01   0.0000000e+00   1.4154460e+00   8.2537300e-01   2.7930078e+00   0.0000000e+00
   2.7000000e+01   1.0000000e+00   5.3959200e-01   8.2537300e-01   2.7930078e+00   0.0000000e+00
   2.8000000e+01   0.0000000e+00   1.8864290e+00   8.2537300e-01   2.7930078e+00   1.0000000e+00
   2.9000000e+01   1.0000000e+00   9.2831100e-01   8.2537300e-01   2.7930078e+00   1.0000000e+00
   3.0000000e+01   0.0000000e+00   9.4673300e-01   8.2537300e-01   2.7930078e+00   1.0000000e+00
   3.1000000e+01   0.0000000e+00   4.5278800e-01   8.2537300e-01   2.7930078e+00   0.0000000e+00
   3.2000000e+01   0.0000000e+00   1.1996450e+00   8.2537300e-01   2.7930078e+00   0.0000000e+00
   3.3000000e+01   1.0000000e+00   1.2165280e+00   8.2537300e-01   2.7930078e+00   0.0000000e+00
   3.4000000e+01   0.0000000e+00   5.0402900e-01   8.2537300e-01   2.7930078e+00   1.0000000e+00
   3.5000000e+01   0.0000000e+00   6.6198400e-01   8.2537300e-01   2.7930078e+00   0.0000000e+00
   3.6000000e+01   0.0000000e+00   6.7549000e-01   8.2537300e-01   2.7930078e+00   0.0000000e+00
   3.7000000e+01   0.0000000e+00   4.4496400e-01   8.2537300e-01   2.7930078e+00   1.0000000e+00
   3.8000000e+01   0.0000000e+00   7.3619200e-01   8.2537300e-01   2.7930078e+00   0.0000000e+00
   3.9000000e+01   1.0000000e+00   7.7444700e-01   8.2537300e-01   2.7930078e+00   1.0000000e+00
   4.0000000e+01   0.0000000e+00   8.8585600e-01   8.2537300e-01   2.7930078e+00   1.0000000e+00
   4.1000000e+01   0.0000000e+00   1.1827490e+00   8.2537300e-01   2.7930078e+00   0.0000000e+00
   4.2000000e+01   0.0000000e+00   5.8894300e-01   8.2537300e-01   2.7930078e+00   1.0000000e+00
   4.3000000e+01   1.0000000e+00   7.8604600e-01   8.2537300e-01   2.7930078e+00   1.0000000e+00
   4.4000000e+01   1.0000000e+00   5.4077100e-01   8.2537300e-01   2.7930078e+00   0.0000000e+00
   4.5000000e+01   0.0000000e+00   9.6431300e-01   8.2537300e-01   2.7930078e+00   0.0000000e+00
   4.6000000e+01   0.0000000e+00   6.9814700e-01   8.2537300e-01   2.7930078e+00   1.0000000e+00
   4.7000000e+01   0.0000000e+00   9.7087800e-01   8.2537300e-01   2.7930078e+00   0.0000000e+00
   4.8000000e+01   0.0000000e+00   1.0155430e+00   8.2537300e-01   2.7930078e+00   0.0000000e+00
   4.9000000e+01   0.0000000e+00   1.3438770e+00   8.2537300e-01   2.7930078e+00   0.0000000e+00
   5.0000000e+01   1.0000000e+00   8.1537600e-01   8.2537300e-01   2.7930078e+00   1.0000000e+00
   5.1000000e+01   0.0000000e+00   5.2395100e-01   8.2537300e-01   2.7930078e+00   1.0000000e+00
   5.2000000e+01   1.0000000e+00   9.6966100e-01   8.2537300e-01   2.7930078e+00   0.0000000e+00
   5.3000000e+01   1.0000000e+00   2.2098690e+00   8.2537300e-01   2.7930078e+00   0.0000000e+00
   5.4000000e+01   0.0000000e+00   5.0669900e-01   8.2537300e-01   2.7930078e+00   1.0000000e+00
   5.5000000e+01   0.0000000e+00   2.3314610e+00   8.2537300e-01   2.7930078e+00   1.0000000e+00
   5.6000000e+01   0.0000000e+00   1.0202250e+00   8.2537300e-01   2.7930078e+00   0.0000000e+00
   5.7000000e+01   1.0000000e+00   5.6763200e-01   8.2537300e-01   2.7930078e+00   1.0000000e+00
   5.8000000e+01   0.0000000e+00   8.5079600e-01   8.2537300e-01   2.7930078e+00   1.0000000e+00
   5.9000000e+01   1.0000000e+00   1.2833230e+00   8.2537300e-01   2.7930078e+00   0.0000000e+00
   6.0000000e+01   0.0000000e+00   7.1154100e-01   8.2537300e-01   2.7930078e+00   0.0000000e+00
   6.1000000e+01   0.0000000e+00   1.3289250e+00   8.2537300e-01   2.7930078e+00   0.0000000e+00
   6.2000000e+01   0.0000000e+00   1.4259910e+00   8.2537300e-01   2.7930078e+00   0.0000000e+00
   6.3000000e+01   0.0000000e+00   1.4331000e+00   8.2537300e-01   2.7930078e+00   1.0000000e+00
   6.4000000e+01   1.0000000e+00   7.2666200e-01   8.2537300e-01   2.7930078e+00   1.0000000e+00
   6.5000000e+01   0.0000000e+00   1.0363890e+00   8.2537300e-01   2.7930078e+00   1.0000000e+00
   6.6000000e+01   0.0000000e+00   2.2761640e+00   8.2537300e-01   2.7930078e+00   0.0000000e+00
   6.7000000e+01   1.0000000e+00   5.8147900e-01   8.2537300e-01   2.7930078e+00   1.0000000e+00
   6.8000000e+01   0.0000000e+00   1.7467680e+00   8.2537300e-01   2.7930078e+00   1.0000000e+00
   6.9000000e+01   1.0000000e+00   1.1479540e+00   8.2537300e-01   2.7930078e+00   0.0000000e+00
   7.0000000e+01   0.0000000e+00   1.6039670e+00   8.2537300e-01   2.7930078e+00   0.0000000e+00
   7.1000000e+01   1.0000000e+00   5.7003900e-01   8.2537300e-01   2.7930078e+00   0.0000000e+00
   7.2000000e+01   0.0000000e+00   5.8445600e-01   8.2537300e-01   2.7930078e+00   0.0000000e+00
   7.3000000e+01   1.0000000e+00   7.2079700e-01   8.2537300e-01   2.7930078e+00   1.0000000e+00
   7.4000000e+01   0.0000000e+00   1.0119500e+00   8.2537300e-01   2.7930078e+00   1.0000000e+00
   7.5000000e+01   0.0000000e+00   7.6517600e-01   8.2537300e-01   2.7930078e+00   1.0000000e+00
   7.6000000e+01   1.0000000e+00   2.0698120e+00   8.2537300e-01   2.7930078e+00   0.0000000e+00
   7.7000000e+01   0.0000000e+00   4.9111000e-01   8.2537300e-01   2.7930078e+00   1.0000000e+00
   7.8000000e+01   1.0000000e+00   1.1928310e+00   8.2537300e-01   2.7930078e+00   1.0000000e+00
   7.9000000e+01   0.0000000e+00   7.5406000e-01   8.2537300e-01   2.7930078e+00   0.0000000e+00
   8.0000000e+01   0.0000000e+00   1.4809690e+00   8.2537300e-01   2.7930078e+00   0.0000000e+00
   8.1000000e+01   1.0000000e+00   4.7732100e-01   8.2537300e-01   2.7930078e+00   1.0000000e+00
   8.2000000e+01   0.0000000e+00   5.5402000e-01   8.2537300e-01   2.7930078e+00   0.0000000e+00
   8.3000000e+01   0.0000000e+00   7.0683300e-01   8.2537300e-01   2.7930078e+00   1.0000000e+00
   8.4000000e+01   0.0000000e+00   5.9776900e-01   8.2537300e-01   2.7930078e+00   1.0000000e+00
   8.5000000e+01   0.0000000e+00   6.7950100e-01   8.2537300e-01   2.7930078e+00   0.0000000e+00
   8.6000000e+01   0.0000000e+00   7.1719900e-01   8.2537300e-01   2.7930078e+00   1.0000000e+00
   8.7000000e+01   1.0000000e+00   8.6245900e-01   8.2537300e-01   2.7930078e+00   0.0000000e+00
   8.8000000e+01   0.0000000e+00   9.3418300e-01   8.2537300e-01   2.7930078e+00   1.0000000e+00
   8.9000000e+01   0.0000000e+00   4.3709200e-01   8.2537300e-01   2.7930078e+00   1.0000000e+00
   9.0000000e+01   0.0000000e+00   6.2634800e-01   8.2537300e-01   2.7930078e+00   0.0000000e+00
   9.1000000e+01   0.0000000e+00   1.1303510e+00   8.2537300e-01   2.7930078e+00   0.0000000e+00
   9.2000000e+01   0.0000000e+00   6.2286400e-01   8.2537300e-01   2.7930078e+00   0.0000000e+00
   9.3000000e+01   0.0000000e+00   5.7690100e-01   8.2537300e-01   2.7930078e+00   0.0000000e+00
   9.4000000e+01   1.0000000e+00   1.3586590e+00   8.2537300e-01   2.7930078e+00   1.0000000e+00
   9.5000000e+01   0.0000000e+00   7.1990700e-01   8.2537300e-01   2.7930078e+00   0.0000000e+00
   9.6000000e+01   0.0000000e+00   1.3534580e+00   8.2537300e-01   2.7930078e+00   0.0000000e+00
   9.7000000e+01   0.0000000e+00   1.2666810e+00   8.2537300e-01   2.7930078e+00   1.0000000e+00
   9.8000000e+01   0.0000000e+00   4.7290700e-01   8.2537300e-01   2.7930078e+00   1.0000000e+00
   9.9000000e+01   0.0000000e+00   6.8706200e-01   8.2537300e-01   2.7930078e+00   1.0000000e+00
   1.0000000e+02   1.0000000e+00   8.5923000e-01   8.2537300e-01   2.7930078e+00   0.0000000e+00
   1.0100000e+02   1.0000000e+00   1.4282720e+00   8.2537300e-01   2.7930078e+00   1.0000000e+00
   1.0200000e+02   0.0000000e+00   7.5971700e-01   8.2537300e-01   2.7930078e+00   1.0000000e+00
   1.0300000e+02   1.0000000e+00   1.4657060e+00   8.2537300e-01   2.7930078e+00   0.0000000e+00
   1.0400000e+02   0.0000000e+00   1.2065410e+00   8.2537300e-01   2.7930078e+00   1.0000000e+00
   1.0500000e+02   1.0000000e+00   4.4195000e-01   8.2537300e-01   2.7930078e+00   0.0000000e+00
   1.0600000e+02   0.0000000e+00   1.1318080e+00   8.2537300e-01   2.7930078e+00   0.0000000e+00
   1.0700000e+02   0.0000000e+00   9.2715100e-01   8.2537300e-01   2.7930078e+00   1.0000000e+00
   1.0800000e+02   0.0000000e+00   7.6730900e-01   8.2537300e-01   2.7930078e+00   0.0000000e+00
   1.0900000e+02   0.0000000e+00   5.9977900e-01   8.2537300e-01   2.7930078e+00   0.0000000e+00
   1.1000000e+02   0.0000000e+00   1.0375770e+00   8.2537300e-01   2.7930078e+00   1.0000000e+00
   1.1100000e+02   0.0000000e+00   7.9456900e-01   8.2537300e-01   2.7930078e+00   1.0000000e+00
   1.1200000e+02   1.0000000e+00   5.7451000e-01   8.2537300e-01   2.7930078e+00   1.0000000e+00
   1.1300000e+02   0.0000000e+00   7.0378500e-01   8.2537300e-01   2.7930078e+00   0.0000000e+00
   1.1400000e+02   0.0000000e+00   5.7317800e-01   8.2537300e-01   2.7930078e+00   1.0000000e+00
   1.1500000e+02   0.0000000e+00   1.8866860e+00   8.2537300e-01   2.7930078e+00   0.0000000e+00
   1.1600000e+02   1.0000000e+00   6.3758900e-01   8.2537300e-01   2.7930078e+00   0.0000000e+00
   1.1700000e+02   0.0000000e+00   1.3188750e+00   8.2537300e-01   2.7930078e+00   1.0000000e+00
   1.1800000e+02   0.0000000e+00   7.2658000e-01   8.2537300e-01   2.7930078e+00   0.0000000e+00
   1.1900000e+02   1.0000000e+00   9.7941800e-01   8.2537300e-01   2.7930078e+00   1.0000000e+00
   1.2000000e+02   0.0000000e+00   5.2606800e-01   8.2537300e-01   2.7930078e+00   1.0000000e+00
   1.2100000e+02   0.0000000e+00   9.8765200e-01   8.2537300e-01   2.7930078e+00   1.0000000e+00
   1.2200000e+02   1.0000000e+00   1.0221100e+00   8.2537300e-01   2.7930078e+00   1.0000000e+00
   1.2300000e+02   0.0000000e+00   8.8192800e-01   8.2537300e-01   2.7930078e+00   1.0000000e+00
   1.2400000e+02   0.0000000e+00   6.1093100e-01   8.2537300e-01   2.7930078e+00   0.0000000e+00
   1.2500000e+02   0.0000000e+00   1.1089270e+00   8.2537300e-01   2.7930078e+00   1.0000000e+00
   1.2600000e+02   1.0000000e+00   5.6905300e-01   8.2537300e-01   2.7930078e+00   0.0000000e+00
   1.2700000e+02   0.0000000e+00   1.3778490e+00   8.2537300e-01   2.7930078e+00   0.0000000e+00
   1.2800000e+02   1.0000000e+00   1.4692080e+00   8.2537300e-01   2.7930078e+00   1.0000000e+00
   1.2900000e+02   0.0000000e+00   6.4615700e-01   8.2537300e-01   2.7930078e+00   0.0000000e+00
   1.3000000e+02   1.0000000e+00   8.6312500e-01   8.2537300e-01   2.7930078e+00   0.0000000e+00
   1.3100000e+02   0.0000000e+00   1.6659180e+00   8.2537300e-01   2.7930078e+00   1.0000000e+00
   1.3200000e+02   0.0000000e+00   5.0832600e-01   8.2537300e-01   2.7930078e+00   1.0000000e+00
   1.3300000e+02   0.0000000e+00   1.4203500e+00   8.2537300e-01   2.7930078e+00   0.0000000e+00
   1.3400000e+02   1.0000000e+00   6.1943900e-01   8.2537300e-01   2.7930078e+00   0.0000000e+00
   1.3500000e+02   0.0000000e+00   9.0241900e-01   8.2537300e-01   2.7930078e+00   0.0000000e+00
   1.3600000e+02   1.0000000e+00   8.7680600e-01   8.2537300e-01   2.7930078e+00   1.0000000e+00
