1	0	1.218968	0.826145	2.7635979299	0
2	0	0.523612	0.826145	2.7635979299	0
3	1	0.619021	0.826145	2.7635979299	1
4	0	0.749072	0.826145	2.7635979299	1
5	0	0.702792	0.826145	2.7635979299	1
6	1	0.543492	0.826145	2.7635979299	0
7	0	0.566047	0.826145	2.7635979299	1
8	1	0.731204	0.826145	2.7635979299	1
9	0	1.283850	0.826145	2.7635979299	1
10	0	0.551860	0.826145	2.7635979299	1
11	1	1.538950	0.826145	2.7635979299	0
12	0	0.786924	0.826145	2.7635979299	0
13	0	2.092854	0.826145	2.7635979299	0
14	1	0.983094	0.826145	2.7635979299	0
15	0	2.544398	0.826145	2.7635979299	0
16	0	1.534832	0.826145	2.7635979299	1
17	0	1.653178	0.826145	2.7635979299	0
18	0	1.174868	0.826145	2.7635979299	1
19	0	1.095715	0.826145	2.7635979299	0
20	1	0.811667	0.826145	2.7635979299	1
21	0	0.765502	0.826145	2.7635979299	1
22	0	0.781329	0.826145	2.7635979299	0
23	0	0.654641	0.826145	2.7635979299	1
24	1	1.213355	0.826145	2.7635979299	0
25	0	0.514782	0.826145	2.7635979299	0
26	1	0.875398	0.826145	2.7635979299	1
27	0	1.473626	0.826145	2.7635979299	1
28	0	1.182427	0.826145	2.7635979299	0
29	0	1.921616	0.826145	2.7635979299	1
30	0	1.489480	0.826145	2.7635979299	0
31	1	0.744781	0.826145	2.7635979299	0
32	0	0.590418	0.826145	2.7635979299	0
33	1	0.675740	0.826145	2.7635979299	1
34	0	1.045132	0.826145	2.7635979299	1
35	0	2.755585	0.826145	2.7635979299	0
36	0	0.729477	0.826145	2.7635979299	1
37	0	0.588486	0.826145	2.7635979299	0
38	1	2.358329	0.826145	2.7635979299	1
39	0	0.867632	0.826145	2.7635979299	0
40	1	0.524856	0.826145	2.7635979299	0
41	0	1.167382	0.826145	2.7635979299	1
42	0	0.948612	0.826145	2.7635979299	1
43	0	0.928490	0.826145	2.7635979299	1
44	0	1.306654	0.826145	2.7635979299	0
45	1	0.673594	0.826145	2.7635979299	1
46	0	1.357296	0.826145	2.7635979299	1
47	1	1.552124	0.826145	2.7635979299	0
48	0	0.823786	0.826145	2.7635979299	0
49	1	1.240206	0.826145	2.7635979299	0
50	1	0.647075	0.826145	2.7635979299	1
51	0	0.907302	0.826145	2.7635979299	0
52	1	1.796148	0.826145	2.7635979299	0
53	0	0.541464	0.826145	2.7635979299	0
54	0	1.202151	0.826145	2.7635979299	0
55	0	1.084988	0.826145	2.7635979299	1
56	1	0.661884	0.826145	2.7635979299	1
57	0	0.961266	0.826145	2.7635979299	0
58	0	1.393435	0.826145	2.7635979299	1
59	0	0.509762	0.826145	2.7635979299	0
60	0	0.703572	0.826145	2.7635979299	1
61	1	0.516202	0.826145	2.7635979299	1
62	0	1.112568	0.826145	2.7635979299	1
63	0	0.824882	0.826145	2.7635979299	1
64	0	0.756762	0.826145	2.7635979299	1
65	1	0.717576	0.826145	2.7635979299	0
66	1	0.575648	0.826145	2.7635979299	0
67	0	0.975863	0.826145	2.7635979299	1
68	0	0.849198	0.826145	2.7635979299	0
69	0	1.416009	0.826145	2.7635979299	0
70	0	1.300068	0.826145	2.7635979299	1
71	1	1.357694	0.826145	2.7635979299	1
72	0	0.756478	0.826145	2.7635979299	1
73	0	1.999071	0.826145	2.7635979299	1
74	0	0.583208	0.826145	2.7635979299	1
75	0	0.619660	0.826145	2.7635979299	1
76	0	0.513268	0.826145	2.7635979299	1
77	0	0.555885	0.826145	2.7635979299	0
78	1	0.801604	0.826145	2.7635979299	0
79	0	1.663821	0.826145	2.7635979299	0
80	0	0.868491	0.826145	2.7635979299	0
81	0	0.549778	0.826145	2.7635979299	1
82	0	1.769661	0.826145	2.7635979299	1
83	0	1.437923	0.826145	2.7635979299	0
84	0	0.636866	0.826145	2.7635979299	0
85	1	0.652196	0.826145	2.7635979299	1
86	0	1.128746	0.826145	2.7635979299	1
87	1	0.710198	0.826145	2.7635979299	1
88	0	0.702248	0.826145	2.7635979299	0
89	1	1.123383	0.826145	2.7635979299	0
90	0	1.935737	0.826145	2.7635979299	0
91	1	1.322330	0.826145	2.7635979299	1
92	0	0.667593	0.826145	2.7635979299	0
93	0	0.650033	0.826145	2.7635979299	0
94	0	0.883032	0.826145	2.7635979299	1
95	0	0.507272	0.826145	2.7635979299	1
96	1	0.768612	0.826145	2.7635979299	0
97	0	0.713684	0.826145	2.7635979299	0
98	0	0.547359	0.826145	2.7635979299	0
99	1	0.710116	0.826145	2.7635979299	1
100	0	0.582842	0.826145	2.7635979299	0
101	0	0.699771	0.826145	2.7635979299	1
102	1	0.956471	0.826145	2.7635979299	0
103	0	1.103162	0.826145	2.7635979299	1
104	0	0.717009	0.826145	2.7635979299	0
105	1	0.900768	0.826145	2.7635979299	0
106	0	0.732314	0.826145	2.7635979299	1
107	1	0.766647	0.826145	2.7635979299	1
108	0	0.570677	0.826145	2.7635979299	1
109	0	1.246455	0.826145	2.7635979299	0
110	0	0.727986	0.826145	2.7635979299	1
111	1	0.755367	0.826145	2.7635979299	0
112	0	1.188182	0.826145	2.7635979299	1
113	0	1.957273	0.826145	2.7635979299	0
114	0	0.800696	0.826145	2.7635979299	1
115	0	0.819979	0.826145	2.7635979299	0
116	1	0.821900	0.826145	2.7635979299	1
117	0	0.594881	0.826145	2.7635979299	0
118	0	1.618981	0.826145	2.7635979299	1
119	0	0.579367	0.826145	2.7635979299	0
120	0	1.338660	0.826145	2.7635979299	0
121	1	1.316155	0.826145	2.7635979299	1
122	0	1.625432	0.826145	2.7635979299	1
123	0	1.188803	0.826145	2.7635979299	1
124	0	0.736132	0.826145	2.7635979299	0
125	1	0.607007	0.826145	2.7635979299	0
126	0	1.300426	0.826145	2.7635979299	0
127	1	1.098383	0.826145	2.7635979299	1
128	0	0.781558	0.826145	2.7635979299	0
129	1	0.725240	0.826145	2.7635979299	0
130	0	0.529298	0.826145	2.7635979299	1
131	0	0.747692	0.826145	2.7635979299	1
132	0	2.871429	0.826145	2.7635979299	0
133	1	0.933048	0.826145	2.7635979299	0
134	1	0.610190	0.826145	2.7635979299	1
135	0	0.681917	0.826145	2.7635979299	0
136	0	0.720995	0.826145	2.7635979299	1
