   1.0000000e+00   0.0000000e+00   2.2127110e+00   8.4071800e-01   3.1364704e+00   0.0000000e+00
   2.0000000e+00   0.0000000e+00   7.6742100e-01   8.4071800e-01   3.1364704e+00   0.0000000e+00
   3.0000000e+00   0.0000000e+00   7.7600500e-01   8.4071800e-01   3.1364704e+00   1.0000000e+00
   4.0000000e+00   0.0000000e+00   1.2507340e+00   8.4071800e-01   3.1364704e+00   0.0000000e+00
   5.0000000e+00   1.0000000e+00   6.9992100e-01   8.4071800e-01   3.1364704e+00   0.0000000e+00
   6.0000000e+00   0.0000000e+00   8.4140100e-01   8.4071800e-01   3.1364704e+00   1.0000000e+00
   7.0000000e+00   0.0000000e+00   7.9198000e-01   8.4071800e-01   3.1364704e+00   0.0000000e+00
   8.0000000e+00   1.0000000e+00   9.4080000e-01   8.4071800e-01   3.1364704e+00   1.0000000e+00
   9.0000000e+00   0.0000000e+00   5.0209600e-01   8.4071800e-01   3.1364704e+00   1.0000000e+00
   1.0000000e+01   1.0000000e+00   2.3498550e+00   8.4071800e-01   3.1364704e+00   0.0000000e+00
   1.1000000e+01   0.0000000e+00   8.2681200e-01   8.4071800e-01   3.1364704e+00   1.0000000e+00
   1.2000000e+01   0.0000000e+00   6.3343900e-01   8.4071800e-01   3.1364704e+00   1.0000000e+00
   1.3000000e+01   1.0000000e+00   1.0576060e+00   8.4071800e-01   3.1364704e+00   1.0000000e+00
   1.4000000e+01   0.0000000e+00   2.5157850e+00   8.4071800e-01   3.1364704e+00   1.0000000e+00
   1.5000000e+01   0.0000000e+00   8.4558300e-01   8.4071800e-01   3.1364704e+00   0.0000000e+00
   1.6000000e+01   1.0000000e+00   5.2677200e-01   8.4071800e-01   3.1364704e+00   1.0000000e+00
   1.7000000e+01   1.0000000e+00   1.0494510e+00   8.4071800e-01   3.1364704e+00   0.0000000e+00
   1.8000000e+01   0.0000000e+00   9.1433600e-01   8.4071800e-01   3.1364704e+00   1.0000000e+00
   1.9000000e+01   0.0000000e+00   1.5396710e+00   8.4071800e-01   3.1364704e+00   1.0000000e+00
   2.0000000e+01   0.0000000e+00   2.4109290e+00   8.4071800e-01   3.1364704e+00   1.0000000e+00
   2.1000000e+01   0.0000000e+00   9.9335300e-01   8.4071800e-01   3.1364704e+00   0.0000000e+00
   2.2000000e+01   1.0000000e+00   1.9159660e+00   8.4071800e-01   3.1364704e+00   1.0000000e+00
   2.3000000e+01   1.0000000e+00   4.5665800e-01   8.4071800e-01   3.1364704e+00   0.0000000e+00
   2.4000000e+01   0.0000000e+00   1.0334610e+00   8.4071800e-01   3.1364704e+00   1.0000000e+00
   2.5000000e+01   0.0000000e+00   6.1707600e-01   8.4071800e-01   3.1364704e+00   0.0000000e+00
   2.6000000e+01   1.0000000e+00   5.8147400e-01   8.4071800e-01   3.1364704e+00   1.0000000e+00
   2.7000000e+01   0.0000000e+00   6.8581100e-01   8.4071800e-01   3.1364704e+00   0.0000000e+00
   2.8000000e+01   1.0000000e+00   4.9040100e-01   8.4071800e-01   3.1364704e+00   0.0000000e+00
   2.9000000e+01   0.0000000e+00   7.6654100e-01   8.4071800e-01   3.1364704e+00   0.0000000e+00
   3.0000000e+01   0.0000000e+00   1.6908830e+00   8.4071800e-01   3.1364704e+00   1.0000000e+00
   3.1000000e+01   0.0000000e+00   6.1955200e-01   8.4071800e-01   3.1364704e+00   0.0000000e+00
   3.2000000e+01   1.0000000e+00   8.4084900e-01   8.4071800e-01   3.1364704e+00   0.0000000e+00
   3.3000000e+01   0.0000000e+00   6.9963900e-01   8.4071800e-01   3.1364704e+00   1.0000000e+00
   3.4000000e+01   0.0000000e+00   6.5438100e-01   8.4071800e-01   3.1364704e+00   0.0000000e+00
   3.5000000e+01   1.0000000e+00   1.1280740e+00   8.4071800e-01   3.1364704e+00   1.0000000e+00
   3.6000000e+01   0.0000000e+00   9.6057900e-01   8.4071800e-01   3.1364704e+00   1.0000000e+00
   3.7000000e+01   0.0000000e+00   8.6680100e-01   8.4071800e-01   3.1364704e+00   1.0000000e+00
   3.8000000e+01   0.0000000e+00   1.3677420e+00   8.4071800e-01   3.1364704e+00   0.0000000e+00
   3.9000000e+01   0.0000000e+00   6.6532700e-01   8.4071800e-01   3.1364704e+00   1.0000000e+00
   4.0000000e+01   0.0000000e+00   1.2401510e+00   8.4071800e-01   3.1364704e+00   0.0000000e+00
   4.1000000e+01   1.0000000e+00   1.2561950e+00   8.4071800e-01   3.1364704e+00   0.0000000e+00
   4.2000000e+01   0.0000000e+00   4.8283800e-01   8.4071800e-01   3.1364704e+00   0.0000000e+00
   4.3000000e+01   0.0000000e+00   3.0327500e+00   8.4071800e-01   3.1364704e+00   0.0000000e+00
   4.4000000e+01   0.0000000e+00   1.6379110e+00   8.4071800e-01   3.1364704e+00   1.0000000e+00
   4.5000000e+01   1.0000000e+00   1.5133600e+00   8.4071800e-01   3.1364704e+00   1.0000000e+00
   4.6000000e+01   0.0000000e+00   9.2091400e-01   8.4071800e-01   3.1364704e+00   0.0000000e+00
   4.7000000e+01   0.0000000e+00   1.1731130e+00   8.4071800e-01   3.1364704e+00   0.0000000e+00
   4.8000000e+01   0.0000000e+00   5.2833400e-01   8.4071800e-01   3.1364704e+00   1.0000000e+00
   4.9000000e+01   1.0000000e+00   4.5680600e-01   8.4071800e-01   3.1364704e+00   1.0000000e+00
   5.0000000e+01   0.0000000e+00   4.4010000e-01   8.4071800e-01   3.1364704e+00   1.0000000e+00
   5.1000000e+01   0.0000000e+00   7.1500600e-01   8.4071800e-01   3.1364704e+00   0.0000000e+00
   5.2000000e+01   0.0000000e+00   5.0401400e-01   8.4071800e-01   3.1364704e+00   1.0000000e+00
   5.3000000e+01   1.0000000e+00   7.1143200e-01   8.4071800e-01   3.1364704e+00   0.0000000e+00
   5.4000000e+01   1.0000000e+00   7.5662400e-01   8.4071800e-01   3.1364704e+00   1.0000000e+00
   5.5000000e+01   0.0000000e+00   6.6514900e-01   8.4071800e-01   3.1364704e+00   1.0000000e+00
   5.6000000e+01   0.0000000e+00   1.3293800e+00   8.4071800e-01   3.1364704e+00   1.0000000e+00
   5.7000000e+01   0.0000000e+00   6.8131900e-01   8.4071800e-01   3.1364704e+00   0.0000000e+00
   5.8000000e+01   1.0000000e+00   4.8707700e-01   8.4071800e-01   3.1364704e+00   0.0000000e+00
   5.9000000e+01   0.0000000e+00   1.4881300e+00   8.4071800e-01   3.1364704e+00   0.0000000e+00
   6.0000000e+01   0.0000000e+00   6.3707400e-01   8.4071800e-01   3.1364704e+00   1.0000000e+00
   6.1000000e+01   0.0000000e+00   8.6429200e-01   8.4071800e-01   3.1364704e+00   0.0000000e+00
   6.2000000e+01   0.0000000e+00   5.6598900e-01   8.4071800e-01   3.1364704e+00   1.0000000e+00
   6.3000000e+01   0.0000000e+00   7.3197300e-01   8.4071800e-01   3.1364704e+00   1.0000000e+00
   6.4000000e+01   1.0000000e+00   8.9896300e-01   8.4071800e-01   3.1364704e+00   0.0000000e+00
   6.5000000e+01   0.0000000e+00   5.6930000e-01   8.4071800e-01   3.1364704e+00   0.0000000e+00
   6.6000000e+01   1.0000000e+00   7.7856100e-01   8.4071800e-01   3.1364704e+00   1.0000000e+00
   6.7000000e+01   0.0000000e+00   5.6466100e-01   8.4071800e-01   3.1364704e+00   0.0000000e+00
   6.8000000e+01   0.0000000e+00   1.5435870e+00   8.4071800e-01   3.1364704e+00   0.0000000e+00
   6.9000000e+01   0.0000000e+00   6.5870800e-01   8.4071800e-01   3.1364704e+00   1.0000000e+00
   7.0000000e+01   0.0000000e+00   7.8433900e-01   8.4071800e-01   3.1364704e+00   0.0000000e+00
   7.1000000e+01   0.0000000e+00   7.1488900e-01   8.4071800e-01   3.1364704e+00   1.0000000e+00
   7.2000000e+01   1.0000000e+00   5.5111700e-01   8.4071800e-01   3.1364704e+00   1.0000000e+00
   7.3000000e+01   0.0000000e+00   5.5894000e-01   8.4071800e-01   3.1364704e+00   1.0000000e+00
   7.4000000e+01   1.0000000e+00   9.8165900e-01   8.4071800e-01   3.1364704e+00   0.0000000e+00
   7.5000000e+01   0.0000000e+00   5.0004300e-01   8.4071800e-01   3.1364704e+00   0.0000000e+00
   7.6000000e+01   0.0000000e+00   9.5622300e-01   8.4071800e-01   3.1364704e+00   1.0000000e+00
   7.7000000e+01   0.0000000e+00   1.1290800e+00   8.4071800e-01   3.1364704e+00   0.0000000e+00
   7.8000000e+01   0.0000000e+00   4.6757100e-01   8.4071800e-01   3.1364704e+00   0.0000000e+00
   7.9000000e+01   0.0000000e+00   5.5520000e-01   8.4071800e-01   3.1364704e+00   1.0000000e+00
   8.0000000e+01   0.0000000e+00   1.7412830e+00   8.4071800e-01   3.1364704e+00   1.0000000e+00
   8.1000000e+01   0.0000000e+00   8.9498100e-01   8.4071800e-01   3.1364704e+00   1.0000000e+00
   8.2000000e+01   1.0000000e+00   5.2161000e-01   8.4071800e-01   3.1364704e+00   1.0000000e+00
   8.3000000e+01   0.0000000e+00   9.9386400e-01   8.4071800e-01   3.1364704e+00   1.0000000e+00
   8.4000000e+01   1.0000000e+00   1.7404030e+00   8.4071800e-01   3.1364704e+00   0.0000000e+00
   8.5000000e+01   0.0000000e+00   7.9612000e-01   8.4071800e-01   3.1364704e+00   1.0000000e+00
   8.6000000e+01   1.0000000e+00   1.2133250e+00   8.4071800e-01   3.1364704e+00   0.0000000e+00
   8.7000000e+01   0.0000000e+00   1.0709180e+00   8.4071800e-01   3.1364704e+00   1.0000000e+00
   8.8000000e+01   1.0000000e+00   5.8910400e-01   8.4071800e-01   3.1364704e+00   1.0000000e+00
   8.9000000e+01   0.0000000e+00   5.5418000e-01   8.4071800e-01   3.1364704e+00   0.0000000e+00
   9.0000000e+01   0.0000000e+00   7.0213200e-01   8.4071800e-01   3.1364704e+00   0.0000000e+00
   9.1000000e+01   0.0000000e+00   1.3343180e+00   8.4071800e-01   3.1364704e+00   0.0000000e+00
   9.2000000e+01   0.0000000e+00   4.9664300e-01   8.4071800e-01   3.1364704e+00   1.0000000e+00
   9.3000000e+01   1.0000000e+00   5.5408500e-01   8.4071800e-01   3.1364704e+00   0.0000000e+00
   9.4000000e+01   0.0000000e+00   5.2822100e-01   8.4071800e-01   3.1364704e+00   0.0000000e+00
   9.5000000e+01   1.0000000e+00   9.8297500e-01   8.4071800e-01   3.1364704e+00   1.0000000e+00
   9.6000000e+01   0.0000000e+00   6.7232700e-01   8.4071800e-01   3.1364704e+00   0.0000000e+00
   9.7000000e+01   0.0000000e+00   1.9747800e+00   8.4071800e-01   3.1364704e+00   0.0000000e+00
   9.8000000e+01   0.0000000e+00   6.7352500e-01   8.4071800e-01   3.1364704e+00   1.0000000e+00
   9.9000000e+01   1.0000000e+00   5.4748900e-01   8.4071800e-01   3.1364704e+00   0.0000000e+00
   1.0000000e+02   0.0000000e+00   5.1006200e-01   8.4071800e-01   3.1364704e+00   0.0000000e+00
   1.0100000e+02   1.0000000e+00   9.5578900e-01   8.4071800e-01   3.1364704e+00   1.0000000e+00
   1.0200000e+02   0.0000000e+00   1.3096100e+00   8.4071800e-01   3.1364704e+00   0.0000000e+00
   1.0300000e+02   0.0000000e+00   2.1244350e+00   8.4071800e-01   3.1364704e+00   0.0000000e+00
   1.0400000e+02   0.0000000e+00   5.4945900e-01   8.4071800e-01   3.1364704e+00   0.0000000e+00
   1.0500000e+02   0.0000000e+00   1.0881730e+00   8.4071800e-01   3.1364704e+00   1.0000000e+00
   1.0600000e+02   0.0000000e+00   6.2376700e-01   8.4071800e-01   3.1364704e+00   0.0000000e+00
   1.0700000e+02   0.0000000e+00   5.1271300e-01   8.4071800e-01   3.1364704e+00   1.0000000e+00
   1.0800000e+02   0.0000000e+00   9.2087600e-01   8.4071800e-01   3.1364704e+00   0.0000000e+00
   1.0900000e+02   1.0000000e+00   5.3359000e-01   8.4071800e-01   3.1364704e+00   1.0000000e+00
   1.1000000e+02   0.0000000e+00   7.7365700e-01   8.4071800e-01   3.1364704e+00   1.0000000e+00
   1.1100000e+02   1.0000000e+00   4.7241400e-01   8.4071800e-01   3.1364704e+00   0.0000000e+00
   1.1200000e+02   0.0000000e+00   7.3534300e-01   8.4071800e-01   3.1364704e+00   1.0000000e+00
   1.1300000e+02   0.0000000e+00   5.8850700e-01   8.4071800e-01   3.1364704e+00   0.0000000e+00
   1.1400000e+02   1.0000000e+00   4.7497500e-01   8.4071800e-01   3.1364704e+00   1.0000000e+00
   1.1500000e+02   0.0000000e+00   1.3416300e+00   8.4071800e-01   3.1364704e+00   0.0000000e+00
   1.1600000e+02   0.0000000e+00   8.4791400e-01   8.4071800e-01   3.1364704e+00   0.0000000e+00
   1.1700000e+02   1.0000000e+00   8.3002000e-01   8.4071800e-01   3.1364704e+00   0.0000000e+00
   1.1800000e+02   0.0000000e+00   8.2419400e-01   8.4071800e-01   3.1364704e+00   1.0000000e+00
   1.1900000e+02   0.0000000e+00   8.0840200e-01   8.4071800e-01   3.1364704e+00   1.0000000e+00
   1.2000000e+02   1.0000000e+00   4.8248100e-01   8.4071800e-01   3.1364704e+00   0.0000000e+00
   1.2100000e+02   0.0000000e+00   5.4901300e-01   8.4071800e-01   3.1364704e+00   0.0000000e+00
   1.2200000e+02   0.0000000e+00   1.1672920e+00   8.4071800e-01   3.1364704e+00   1.0000000e+00
   1.2300000e+02   0.0000000e+00   1.6658710e+00   8.4071800e-01   3.1364704e+00   1.0000000e+00
   1.2400000e+02   0.0000000e+00   6.6798800e-01   8.4071800e-01   3.1364704e+00   1.0000000e+00
   1.2500000e+02   1.0000000e+00   9.0987800e-01   8.4071800e-01   3.1364704e+00   1.0000000e+00
   1.2600000e+02   0.0000000e+00   2.4483540e+00   8.4071800e-01   3.1364704e+00   0.0000000e+00
   1.2700000e+02   0.0000000e+00   4.6631000e-01   8.4071800e-01   3.1364704e+00   1.0000000e+00
   1.2800000e+02   0.0000000e+00   1.1183940e+00   8.4071800e-01   3.1364704e+00   0.0000000e+00
   1.2900000e+02   0.0000000e+00   9.1252200e-01   8.4071800e-01   3.1364704e+00   0.0000000e+00
   1.3000000e+02   1.0000000e+00   8.1693800e-01   8.4071800e-01   3.1364704e+00   0.0000000e+00
   1.3100000e+02   0.0000000e+00   7.0787200e-01   8.4071800e-01   3.1364704e+00   1.0000000e+00
   1.3200000e+02   0.0000000e+00   8.3279800e-01   8.4071800e-01   3.1364704e+00   1.0000000e+00
   1.3300000e+02   1.0000000e+00   1.1244930e+00   8.4071800e-01   3.1364704e+00   1.0000000e+00
   1.3400000e+02   0.0000000e+00   4.9534100e-01   8.4071800e-01   3.1364704e+00   0.0000000e+00
   1.3500000e+02   1.0000000e+00   5.4466100e-01   8.4071800e-01   3.1364704e+00   1.0000000e+00
   1.3600000e+02   1.0000000e+00   1.3213310e+00   8.4071800e-01   3.1364704e+00   0.0000000e+00
