1	0	2.184884	0.830751	3.4768931742	1
2	0	0.712509	0.830751	3.4768931742	1
3	1	0.553470	0.830751	3.4768931742	1
4	0	0.969809	0.830751	3.4768931742	1
5	1	0.564891	0.830751	3.4768931742	0
6	0	0.850668	0.830751	3.4768931742	0
7	0	1.416018	0.830751	3.4768931742	0
8	0	1.004321	0.830751	3.4768931742	1
9	0	0.570314	0.830751	3.4768931742	0
10	1	0.629916	0.830751	3.4768931742	1
11	0	1.865128	0.830751	3.4768931742	1
12	0	0.998054	0.830751	3.4768931742	1
13	0	0.575583	0.830751	3.4768931742	0
14	0	0.982842	0.830751	3.4768931742	0
15	1	0.763963	0.830751	3.4768931742	0
16	0	0.700353	0.830751	3.4768931742	0
17	0	0.780158	0.830751	3.4768931742	0
18	1	1.063720	0.830751	3.4768931742	0
19	0	0.629232	0.830751	3.4768931742	0
20	0	0.555244	0.830751	3.4768931742	0
21	0	1.076441	0.830751	3.4768931742	1
22	1	0.722892	0.830751	3.4768931742	1
23	0	1.072584	0.830751	3.4768931742	1
24	0	1.010029	0.830751	3.4768931742	1
25	0	0.733320	0.830751	3.4768931742	1
26	0	0.882272	0.830751	3.4768931742	1
27	1	0.501492	0.830751	3.4768931742	0
28	0	0.867132	0.830751	3.4768931742	1
29	1	0.884126	0.830751	3.4768931742	1
30	0	0.811643	0.830751	3.4768931742	0
31	0	2.082319	0.830751	3.4768931742	1
32	0	0.578695	0.830751	3.4768931742	0
33	0	1.074272	0.830751	3.4768931742	0
34	1	0.652458	0.830751	3.4768931742	0
35	0	0.532795	0.830751	3.4768931742	1
36	1	0.693899	0.830751	3.4768931742	1
37	0	0.728819	0.830751	3.4768931742	1
38	0	1.308814	0.830751	3.4768931742	0
39	0	0.875875	0.830751	3.4768931742	0
40	0	0.677267	0.830751	3.4768931742	0
41	0	0.788324	0.830751	3.4768931742	0
42	1	0.784377	0.830751	3.4768931742	1
43	0	1.001904	0.830751	3.4768931742	1
44	0	0.674665	0.830751	3.4768931742	1
45	0	1.367162	0.830751	3.4768931742	1
46	0	0.969400	0.830751	3.4768931742	0
47	1	0.565899	0.830751	3.4768931742	0
48	0	0.526302	0.830751	3.4768931742	1
49	0	1.512253	0.830751	3.4768931742	0
50	0	1.485691	0.830751	3.4768931742	0
51	1	1.066727	0.830751	3.4768931742	1
52	0	1.479699	0.830751	3.4768931742	0
53	1	0.638228	0.830751	3.4768931742	0
54	0	1.094051	0.830751	3.4768931742	1
55	1	0.797850	0.830751	3.4768931742	0
56	0	1.165939	0.830751	3.4768931742	0
57	0	0.601688	0.830751	3.4768931742	0
58	0	0.948182	0.830751	3.4768931742	1
59	1	1.705514	0.830751	3.4768931742	1
60	1	0.659842	0.830751	3.4768931742	0
61	0	0.803762	0.830751	3.4768931742	1
62	0	0.687000	0.830751	3.4768931742	0
63	1	1.197002	0.830751	3.4768931742	1
64	0	1.201257	0.830751	3.4768931742	0
65	1	0.821167	0.830751	3.4768931742	1
66	0	0.738297	0.830751	3.4768931742	1
67	1	0.578525	0.830751	3.4768931742	0
68	0	1.274054	0.830751	3.4768931742	1
69	0	0.822990	0.830751	3.4768931742	1
70	1	0.579630	0.830751	3.4768931742	0
71	0	1.421692	0.830751	3.4768931742	0
72	0	1.184219	0.830751	3.4768931742	0
73	1	0.547715	0.830751	3.4768931742	1
74	0	0.594307	0.830751	3.4768931742	0
75	1	3.056606	0.830751	3.4768931742	0
76	0	1.946113	0.830751	3.4768931742	1
77	0	0.570170	0.830751	3.4768931742	1
78	0	0.679982	0.830751	3.4768931742	0
79	0	1.461419	0.830751	3.4768931742	1
80	0	0.803739	0.830751	3.4768931742	0
81	0	0.573839	0.830751	3.4768931742	0
82	1	1.112092	0.830751	3.4768931742	1
83	1	1.412809	0.830751	3.4768931742	1
84	0	0.821209	0.830751	3.4768931742	0
85	1	0.528354	0.830751	3.4768931742	0
86	0	0.572660	0.830751	3.4768931742	0
87	1	0.689239	0.830751	3.4768931742	1
88	0	0.839925	0.830751	3.4768931742	1
89	1	2.216295	0.830751	3.4768931742	0
90	0	0.688715	0.830751	3.4768931742	1
91	0	1.011421	0.830751	3.4768931742	1
92	0	1.227925	0.830751	3.4768931742	0
93	0	1.253089	0.830751	3.4768931742	1
94	0	2.193157	0.830751	3.4768931742	1
95	0	2.137192	0.830751	3.4768931742	0
96	1	0.837768	0.830751	3.4768931742	1
97	0	1.376584	0.830751	3.4768931742	0
98	1	0.700887	0.830751	3.4768931742	0
99	0	0.648922	0.830751	3.4768931742	1
100	0	0.699747	0.830751	3.4768931742	1
101	0	0.524873	0.830751	3.4768931742	0
102	0	0.693453	0.830751	3.4768931742	1
103	1	0.572896	0.830751	3.4768931742	0
104	0	0.742846	0.830751	3.4768931742	0
105	1	0.711695	0.830751	3.4768931742	1
106	0	0.638358	0.830751	3.4768931742	0
107	0	0.903678	0.830751	3.4768931742	1
108	0	0.547958	0.830751	3.4768931742	0
109	0	1.679256	0.830751	3.4768931742	1
110	1	1.279851	0.830751	3.4768931742	0
111	0	0.916611	0.830751	3.4768931742	1
112	0	0.678818	0.830751	3.4768931742	0
113	1	0.601751	0.830751	3.4768931742	1
114	1	0.650818	0.830751	3.4768931742	1
115	0	0.562422	0.830751	3.4768931742	1
116	0	0.932103	0.830751	3.4768931742	1
117	0	2.064759	0.830751	3.4768931742	0
118	1	2.177318	0.830751	3.4768931742	0
119	0	0.680158	0.830751	3.4768931742	0
120	0	1.092673	0.830751	3.4768931742	1
121	0	2.949385	0.830751	3.4768931742	1
122	0	1.184047	0.830751	3.4768931742	1
123	0	1.155185	0.830751	3.4768931742	0
124	0	1.177835	0.830751	3.4768931742	1
125	0	0.658880	0.830751	3.4768931742	0
126	0	1.103372	0.830751	3.4768931742	1
127	0	1.315144	0.830751	3.4768931742	0
128	1	1.375534	0.830751	3.4768931742	1
129	0	2.901454	0.830751	3.4768931742	1
130	1	0.901754	0.830751	3.4768931742	0
131	0	0.848442	0.830751	3.4768931742	0
132	0	0.754267	0.830751	3.4768931742	1
133	0	0.864897	0.830751	3.4768931742	0
134	0	0.546330	0.830751	3.4768931742	0
135	1	0.566316	0.830751	3.4768931742	0
136	1	0.561468	0.830751	3.4768931742	1
