1	0	0.904911	0.833362	3.1213537521	0
2	0	0.800059	0.833362	3.1213537521	0
3	0	1.051790	0.833362	3.1213537521	1
4	1	0.999338	0.833362	3.1213537521	1
5	0	2.572967	0.833362	3.1213537521	0
6	0	0.625217	0.833362	3.1213537521	0
7	1	0.624251	0.833362	3.1213537521	0
8	0	0.594894	0.833362	3.1213537521	0
9	1	1.506977	0.833362	3.1213537521	1
10	1	0.753518	0.833362	3.1213537521	0
11	0	0.615326	0.833362	3.1213537521	1
12	0	0.781656	0.833362	3.1213537521	1
13	1	0.722168	0.833362	3.1213537521	0
14	0	2.085027	0.833362	3.1213537521	1
15	0	0.652344	0.833362	3.1213537521	0
16	0	1.558396	0.833362	3.1213537521	0
17	1	1.079138	0.833362	3.1213537521	1
18	0	0.796911	0.833362	3.1213537521	1
19	0	0.667507	0.833362	3.1213537521	0
20	0	0.850959	0.833362	3.1213537521	0
21	0	0.514067	0.833362	3.1213537521	1
22	1	1.551160	0.833362	3.1213537521	0
23	0	0.667049	0.833362	3.1213537521	1
24	0	0.833602	0.833362	3.1213537521	1
25	0	1.666655	0.833362	3.1213537521	0
26	0	1.526323	0.833362	3.1213537521	1
27	1	1.167997	0.833362	3.1213537521	1
28	0	0.747384	0.833362	3.1213537521	1
29	1	0.725489	0.833362	3.1213537521	0
30	0	0.916863	0.833362	3.1213537521	1
31	1	1.392776	0.833362	3.1213537521	1
32	0	0.643304	0.833362	3.1213537521	0
33	0	0.517166	0.833362	3.1213537521	1
34	0	0.821040	0.833362	3.1213537521	0
35	0	0.799220	0.833362	3.1213537521	1
36	0	1.069314	0.833362	3.1213537521	0
37	0	0.831851	0.833362	3.1213537521	0
38	0	1.197665	0.833362	3.1213537521	1
39	1	0.596188	0.833362	3.1213537521	1
40	0	0.830369	0.833362	3.1213537521	1
41	0	2.541074	0.833362	3.1213537521	0
42	1	0.973622	0.833362	3.1213537521	0
43	0	0.709181	0.833362	3.1213537521	1
44	1	0.967361	0.833362	3.1213537521	1
45	0	0.596480	0.833362	3.1213537521	1
46	0	0.589736	0.833362	3.1213537521	0
47	0	0.951334	0.833362	3.1213537521	1
48	0	0.744657	0.833362	3.1213537521	0
49	1	0.503010	0.833362	3.1213537521	0
50	0	0.514213	0.833362	3.1213537521	1
51	0	0.864840	0.833362	3.1213537521	0
52	0	2.773003	0.833362	3.1213537521	1
53	1	0.624526	0.833362	3.1213537521	0
54	0	0.926451	0.833362	3.1213537521	0
55	1	1.069175	0.833362	3.1213537521	1
56	0	1.877227	0.833362	3.1213537521	1
57	0	1.233741	0.833362	3.1213537521	0
58	0	2.642038	0.833362	3.1213537521	0
59	0	0.915945	0.833362	3.1213537521	0
60	1	0.582403	0.833362	3.1213537521	0
61	0	0.608477	0.833362	3.1213537521	0
62	1	0.653161	0.833362	3.1213537521	1
63	0	2.238655	0.833362	3.1213537521	1
64	1	0.735231	0.833362	3.1213537521	1
65	0	1.893075	0.833362	3.1213537521	0
66	0	0.535879	0.833362	3.1213537521	1
67	0	0.994097	0.833362	3.1213537521	1
68	1	0.798144	0.833362	3.1213537521	0
69	0	0.865257	0.833362	3.1213537521	1
70	1	0.566493	0.833362	3.1213537521	0
71	0	0.917762	0.833362	3.1213537521	0
72	1	0.628092	0.833362	3.1213537521	1
73	0	1.311164	0.833362	3.1213537521	1
74	0	0.669022	0.833362	3.1213537521	1
75	0	0.936188	0.833362	3.1213537521	0
76	1	0.921416	0.833362	3.1213537521	0
77	0	2.958365	0.833362	3.1213537521	1
78	0	0.974258	0.833362	3.1213537521	0
79	0	0.561922	0.833362	3.1213537521	0
80	0	2.200950	0.833362	3.1213537521	0
81	0	1.081006	0.833362	3.1213537521	0
82	1	1.972970	0.833362	3.1213537521	1
83	0	1.270829	0.833362	3.1213537521	1
84	0	0.517915	0.833362	3.1213537521	1
85	1	0.503503	0.833362	3.1213537521	1
86	0	0.756476	0.833362	3.1213537521	0
87	0	0.854048	0.833362	3.1213537521	1
88	0	1.347304	0.833362	3.1213537521	1
89	1	1.112788	0.833362	3.1213537521	0
90	0	0.619053	0.833362	3.1213537521	0
91	1	1.276637	0.833362	3.1213537521	1
92	1	0.805391	0.833362	3.1213537521	0
93	0	0.557835	0.833362	3.1213537521	0
94	0	0.958545	0.833362	3.1213537521	0
95	0	0.645030	0.833362	3.1213537521	1
96	0	0.732942	0.833362	3.1213537521	1
97	1	0.742021	0.833362	3.1213537521	1
98	0	1.711766	0.833362	3.1213537521	1
99	0	0.773857	0.833362	3.1213537521	1
100	1	1.441390	0.833362	3.1213537521	0
101	0	0.615921	0.833362	3.1213537521	0
102	0	1.328160	0.833362	3.1213537521	0
103	1	0.644298	0.833362	3.1213537521	0
104	0	0.685585	0.833362	3.1213537521	0
105	0	1.085920	0.833362	3.1213537521	0
106	0	0.520593	0.833362	3.1213537521	0
107	0	0.911750	0.833362	3.1213537521	1
108	0	1.111270	0.833362	3.1213537521	0
109	1	1.108177	0.833362	3.1213537521	1
110	1	0.568401	0.833362	3.1213537521	0
111	0	0.646110	0.833362	3.1213537521	1
112	0	0.726248	0.833362	3.1213537521	1
113	0	0.746362	0.833362	3.1213537521	1
114	0	0.559898	0.833362	3.1213537521	1
115	1	0.773330	0.833362	3.1213537521	1
116	0	0.925154	0.833362	3.1213537521	0
117	1	1.760130	0.833362	3.1213537521	1
118	0	0.778625	0.833362	3.1213537521	1
119	0	0.895040	0.833362	3.1213537521	1
120	0	0.737763	0.833362	3.1213537521	1
121	0	0.554306	0.833362	3.1213537521	1
122	1	0.524697	0.833362	3.1213537521	0
123	0	0.887027	0.833362	3.1213537521	0
124	1	0.835011	0.833362	3.1213537521	1
125	0	1.649192	0.833362	3.1213537521	1
126	0	2.330410	0.833362	3.1213537521	0
127	0	0.553498	0.833362	3.1213537521	1
128	0	1.089083	0.833362	3.1213537521	0
129	0	0.615019	0.833362	3.1213537521	1
130	1	0.681912	0.833362	3.1213537521	0
131	0	1.563325	0.833362	3.1213537521	0
132	0	0.928719	0.833362	3.1213537521	0
133	0	0.777922	0.833362	3.1213537521	0
134	1	0.811783	0.833362	3.1213537521	0
135	0	0.618123	0.833362	3.1213537521	0
136	1	0.943470	0.833362	3.1213537521	1
