1	0	1.758340	0.826721	3.1105316508	0
2	0	1.169736	0.826721	3.1105316508	0
3	1	1.076638	0.826721	3.1105316508	1
4	0	1.180586	0.826721	3.1105316508	0
5	0	1.117865	0.826721	3.1105316508	0
6	1	1.330892	0.826721	3.1105316508	0
7	0	1.128497	0.826721	3.1105316508	1
8	1	0.541920	0.826721	3.1105316508	1
9	0	1.069315	0.826721	3.1105316508	1
10	0	0.702125	0.826721	3.1105316508	0
11	0	0.559417	0.826721	3.1105316508	0
12	0	1.870807	0.826721	3.1105316508	1
13	0	0.923318	0.826721	3.1105316508	0
14	0	1.866611	0.826721	3.1105316508	1
15	1	0.527839	0.826721	3.1105316508	0
16	0	0.872913	0.826721	3.1105316508	0
17	0	0.934127	0.826721	3.1105316508	0
18	1	1.579724	0.826721	3.1105316508	0
19	0	1.350051	0.826721	3.1105316508	1
20	0	0.777554	0.826721	3.1105316508	1
21	0	0.656028	0.826721	3.1105316508	0
22	1	1.070946	0.826721	3.1105316508	1
23	1	0.671447	0.826721	3.1105316508	0
24	0	1.950290	0.826721	3.1105316508	1
25	0	0.550097	0.826721	3.1105316508	0
26	0	0.963804	0.826721	3.1105316508	1
27	0	0.519344	0.826721	3.1105316508	1
28	1	1.365384	0.826721	3.1105316508	1
29	0	0.769246	0.826721	3.1105316508	1
30	1	0.997584	0.826721	3.1105316508	0
31	0	0.968672	0.826721	3.1105316508	1
32	0	0.978189	0.826721	3.1105316508	1
33	0	1.128648	0.826721	3.1105316508	1
34	0	0.680945	0.826721	3.1105316508	0
35	0	0.501169	0.826721	3.1105316508	1
36	1	1.735116	0.826721	3.1105316508	1
37	0	0.614023	0.826721	3.1105316508	1
38	1	0.534991	0.826721	3.1105316508	1
39	0	0.727673	0.826721	3.1105316508	0
40	1	0.999790	0.826721	3.1105316508	0
41	0	0.609219	0.826721	3.1105316508	0
42	0	0.827772	0.826721	3.1105316508	0
43	1	0.532762	0.826721	3.1105316508	1
44	0	3.033566	0.826721	3.1105316508	1
45	1	0.682859	0.826721	3.1105316508	0
46	0	0.603729	0.826721	3.1105316508	1
47	0	2.090055	0.826721	3.1105316508	1
48	0	1.474440	0.826721	3.1105316508	1
49	0	0.709682	0.826721	3.1105316508	0
50	1	0.629540	0.826721	3.1105316508	0
51	0	0.843857	0.826721	3.1105316508	0
52	0	0.652625	0.826721	3.1105316508	1
53	1	0.516277	0.826721	3.1105316508	1
54	0	0.638118	0.826721	3.1105316508	0
55	0	0.607093	0.826721	3.1105316508	0
56	0	0.858549	0.826721	3.1105316508	1
57	1	0.585766	0.826721	3.1105316508	0
58	0	0.558663	0.826721	3.1105316508	1
59	1	0.520899	0.826721	3.1105316508	1
60	0	1.664956	0.826721	3.1105316508	0
61	0	1.570446	0.826721	3.1105316508	0
62	1	0.593245	0.826721	3.1105316508	1
63	0	0.804846	0.826721	3.1105316508	1
64	0	2.058167	0.826721	3.1105316508	0
65	0	0.707404	0.826721	3.1105316508	0
66	0	0.942946	0.826721	3.1105316508	0
67	0	0.753829	0.826721	3.1105316508	1
68	0	0.690659	0.826721	3.1105316508	0
69	1	1.510945	0.826721	3.1105316508	0
70	0	2.961746	0.826721	3.1105316508	0
71	0	0.518580	0.826721	3.1105316508	1
72	0	1.064303	0.826721	3.1105316508	0
73	0	0.809056	0.826721	3.1105316508	0
74	0	1.223197	0.826721	3.1105316508	1
75	0	0.661417	0.826721	3.1105316508	1
76	1	1.331798	0.826721	3.1105316508	0
77	0	0.666886	0.826721	3.1105316508	0
78	1	0.588392	0.826721	3.1105316508	1
79	0	0.986176	0.826721	3.1105316508	1
80	0	0.920579	0.826721	3.1105316508	0
81	0	1.048857	0.826721	3.1105316508	1
82	0	0.539746	0.826721	3.1105316508	0
83	0	0.616840	0.826721	3.1105316508	0
84	1	1.573405	0.826721	3.1105316508	0
85	0	1.282867	0.826721	3.1105316508	1
86	0	1.023609	0.826721	3.1105316508	1
87	0	1.231492	0.826721	3.1105316508	1
88	1	0.589904	0.826721	3.1105316508	1
89	0	1.020675	0.826721	3.1105316508	0
90	1	0.702525	0.826721	3.1105316508	1
91	0	0.880147	0.826721	3.1105316508	0
92	0	0.542899	0.826721	3.1105316508	0
93	0	0.964764	0.826721	3.1105316508	1
94	1	0.662400	0.826721	3.1105316508	0
95	0	0.852115	0.826721	3.1105316508	0
96	0	0.973810	0.826721	3.1105316508	1
97	1	0.919514	0.826721	3.1105316508	1
98	1	0.614949	0.826721	3.1105316508	0
99	0	0.920369	0.826721	3.1105316508	0
100	0	0.791237	0.826721	3.1105316508	1
101	0	1.021683	0.826721	3.1105316508	1
102	0	0.673286	0.826721	3.1105316508	1
103	1	1.342512	0.826721	3.1105316508	1
104	0	0.704217	0.826721	3.1105316508	0
105	0	1.240244	0.826721	3.1105316508	1
106	0	1.019660	0.826721	3.1105316508	0
107	0	0.530491	0.826721	3.1105316508	0
108	0	1.048664	0.826721	3.1105316508	0
109	1	0.654821	0.826721	3.1105316508	0
110	0	0.757396	0.826721	3.1105316508	1
111	1	0.519009	0.826721	3.1105316508	0
112	0	0.506468	0.826721	3.1105316508	0
113	0	1.230093	0.826721	3.1105316508	1
114	0	0.598298	0.826721	3.1105316508	1
115	0	1.019484	0.826721	3.1105316508	1
116	0	0.616313	0.826721	3.1105316508	0
117	0	0.562904	0.826721	3.1105316508	1
118	0	0.636679	0.826721	3.1105316508	1
119	1	0.584352	0.826721	3.1105316508	1
120	1	1.421692	0.826721	3.1105316508	0
121	0	1.114155	0.826721	3.1105316508	0
122	0	0.842675	0.826721	3.1105316508	0
123	1	2.493130	0.826721	3.1105316508	1
124	0	1.389980	0.826721	3.1105316508	1
125	0	1.007178	0.826721	3.1105316508	1
126	0	1.541062	0.826721	3.1105316508	0
127	1	0.778838	0.826721	3.1105316508	1
128	0	0.805826	0.826721	3.1105316508	1
129	1	1.398770	0.826721	3.1105316508	0
130	0	0.873407	0.826721	3.1105316508	0
131	1	2.038369	0.826721	3.1105316508	1
132	0	0.525435	0.826721	3.1105316508	0
133	1	0.813638	0.826721	3.1105316508	0
134	0	2.935045	0.826721	3.1105316508	1
135	1	0.525834	0.826721	3.1105316508	0
136	1	1.749566	0.826721	3.1105316508	1
