1	0	1.353331	0.827766	2.2413949687	0
2	0	0.567678	0.827766	2.2413949687	1
3	1	1.989536	0.827766	2.2413949687	1
4	0	1.200650	0.827766	2.2413949687	0
5	0	0.612583	0.827766	2.2413949687	1
6	0	1.571229	0.827766	2.2413949687	1
7	1	1.803563	0.827766	2.2413949687	0
8	1	0.838267	0.827766	2.2413949687	1
9	0	0.543042	0.827766	2.2413949687	0
10	0	1.195839	0.827766	2.2413949687	0
11	0	0.721229	0.827766	2.2413949687	0
12	1	1.195760	0.827766	2.2413949687	0
13	0	0.843523	0.827766	2.2413949687	1
14	0	1.875210	0.827766	2.2413949687	0
15	1	0.718744	0.827766	2.2413949687	0
16	0	3.107465	0.827766	2.2413949687	1
17	1	0.750124	0.827766	2.2413949687	1
18	0	1.695793	0.827766	2.2413949687	1
19	1	0.778065	0.827766	2.2413949687	0
20	0	0.872592	0.827766	2.2413949687	0
21	0	0.573051	0.827766	2.2413949687	1
22	1	0.616681	0.827766	2.2413949687	1
23	0	0.901025	0.827766	2.2413949687	1
24	1	0.697685	0.827766	2.2413949687	0
25	0	0.507402	0.827766	2.2413949687	1
26	0	0.679058	0.827766	2.2413949687	1
27	0	0.777714	0.827766	2.2413949687	0
28	0	0.888049	0.827766	2.2413949687	0
29	1	0.681164	0.827766	2.2413949687	1
30	0	0.832635	0.827766	2.2413949687	0
31	0	1.718301	0.827766	2.2413949687	1
32	0	0.684754	0.827766	2.2413949687	0
33	0	1.022341	0.827766	2.2413949687	0
34	1	1.146494	0.827766	2.2413949687	1
35	0	0.643654	0.827766	2.2413949687	0
36	1	0.500084	0.827766	2.2413949687	0
37	0	1.252668	0.827766	2.2413949687	1
38	0	0.714014	0.827766	2.2413949687	1
39	0	0.836188	0.827766	2.2413949687	0
40	1	0.551354	0.827766	2.2413949687	1
41	0	0.823570	0.827766	2.2413949687	0
42	0	0.762225	0.827766	2.2413949687	1
43	0	0.912366	0.827766	2.2413949687	1
44	1	0.976448	0.827766	2.2413949687	0
45	0	1.302884	0.827766	2.2413949687	1
46	0	1.522672	0.827766	2.2413949687	0
47	0	2.783225	0.827766	2.2413949687	1
48	0	0.595462	0.827766	2.2413949687	0
49	1	1.633789	0.827766	2.2413949687	0
50	0	0.775436	0.827766	2.2413949687	1
51	1	1.084945	0.827766	2.2413949687	1
52	0	0.788248	0.827766	2.2413949687	1
53	0	1.182942	0.827766	2.2413949687	1
54	0	1.255939	0.827766	2.2413949687	1
55	1	1.067525	0.827766	2.2413949687	0
56	0	0.689686	0.827766	2.2413949687	0
57	0	1.830885	0.827766	2.2413949687	0
58	0	1.121186	0.827766	2.2413949687	0
59	1	0.511186	0.827766	2.2413949687	1
60	0	0.822078	0.827766	2.2413949687	0
61	1	0.828259	0.827766	2.2413949687	1
62	0	1.193945	0.827766	2.2413949687	0
63	0	0.522750	0.827766	2.2413949687	1
64	1	1.195018	0.827766	2.2413949687	0
65	1	0.589198	0.827766	2.2413949687	0
66	0	1.265773	0.827766	2.2413949687	0
67	0	1.977761	0.827766	2.2413949687	1
68	0	0.798862	0.827766	2.2413949687	1
69	0	0.942824	0.827766	2.2413949687	0
70	0	0.512914	0.827766	2.2413949687	0
71	1	0.567705	0.827766	2.2413949687	1
72	0	0.693732	0.827766	2.2413949687	1
73	1	0.716699	0.827766	2.2413949687	0
74	0	0.763253	0.827766	2.2413949687	1
75	0	0.723322	0.827766	2.2413949687	0
76	0	1.491243	0.827766	2.2413949687	1
77	0	0.842557	0.827766	2.2413949687	1
78	0	1.040585	0.827766	2.2413949687	0
79	0	0.876135	0.827766	2.2413949687	1
80	1	1.044985	0.827766	2.2413949687	1
81	0	1.210431	0.827766	2.2413949687	0
82	1	0.603184	0.827766	2.2413949687	1
83	0	0.826991	0.827766	2.2413949687	1
84	1	1.697596	0.827766	2.2413949687	0
85	0	0.539288	0.827766	2.2413949687	1
86	0	0.969321	0.827766	2.2413949687	0
87	0	2.676097	0.827766	2.2413949687	1
88	1	1.294647	0.827766	2.2413949687	1
89	0	0.606563	0.827766	2.2413949687	0
90	1	1.077672	0.827766	2.2413949687	0
91	0	0.595928	0.827766	2.2413949687	1
92	1	0.686238	0.827766	2.2413949687	1
93	0	0.807764	0.827766	2.2413949687	0
94	0	0.949410	0.827766	2.2413949687	0
95	0	0.679572	0.827766	2.2413949687	0
96	0	1.032633	0.827766	2.2413949687	0
97	1	0.639114	0.827766	2.2413949687	0
98	1	0.775079	0.827766	2.2413949687	0
99	0	0.913676	0.827766	2.2413949687	1
100	0	0.623771	0.827766	2.2413949687	0
101	0	0.640212	0.827766	2.2413949687	1
102	0	0.813621	0.827766	2.2413949687	1
103	0	1.544884	0.827766	2.2413949687	0
104	0	0.553281	0.827766	2.2413949687	0
105	0	0.702304	0.827766	2.2413949687	0
106	1	1.287610	0.827766	2.2413949687	1
107	0	0.632438	0.827766	2.2413949687	0
108	0	0.513623	0.827766	2.2413949687	1
109	1	0.567960	0.827766	2.2413949687	0
110	0	0.657229	0.827766	2.2413949687	0
111	0	1.282231	0.827766	2.2413949687	1
112	0	0.842517	0.827766	2.2413949687	0
113	1	0.643335	0.827766	2.2413949687	1
114	0	1.301775	0.827766	2.2413949687	0
115	0	2.624280	0.827766	2.2413949687	1
116	0	0.591281	0.827766	2.2413949687	1
117	0	0.622976	0.827766	2.2413949687	0
118	0	0.601752	0.827766	2.2413949687	0
119	0	0.805068	0.827766	2.2413949687	1
120	0	0.857730	0.827766	2.2413949687	1
121	0	0.950680	0.827766	2.2413949687	1
122	0	1.432366	0.827766	2.2413949687	1
123	0	0.501465	0.827766	2.2413949687	1
124	0	0.625737	0.827766	2.2413949687	0
125	1	1.048204	0.827766	2.2413949687	1
126	0	1.464491	0.827766	2.2413949687	1
127	1	1.519268	0.827766	2.2413949687	0
128	0	1.555375	0.827766	2.2413949687	1
129	0	0.569830	0.827766	2.2413949687	0
130	1	0.633107	0.827766	2.2413949687	1
131	0	0.839550	0.827766	2.2413949687	0
132	1	0.949158	0.827766	2.2413949687	0
133	0	1.130139	0.827766	2.2413949687	0
134	0	0.678554	0.827766	2.2413949687	1
135	1	1.971164	0.827766	2.2413949687	0
136	1	1.351073	0.827766	2.2413949687	1
