   1.0000000e+00   0.0000000e+00   7.1707500e-01   8.3853600e-01   2.3038479e+00   0.0000000e+00
   2.0000000e+00   0.0000000e+00   1.2361500e+00   8.3853600e-01   2.3038479e+00   0.0000000e+00
   3.0000000e+00   1.0000000e+00   7.6527500e-01   8.3853600e-01   2.3038479e+00   0.0000000e+00
   4.0000000e+00   0.0000000e+00   1.1005760e+00   8.3853600e-01   2.3038479e+00   1.0000000e+00
   5.0000000e+00   0.0000000e+00   7.0872000e-01   8.3853600e-01   2.3038479e+00   1.0000000e+00
   6.0000000e+00   1.0000000e+00   6.1988200e-01   8.3853600e-01   2.3038479e+00   1.0000000e+00
   7.0000000e+00   0.0000000e+00   1.3271110e+00   8.3853600e-01   2.3038479e+00   0.0000000e+00
   8.0000000e+00   0.0000000e+00   5.8041300e-01   8.3853600e-01   2.3038479e+00   0.0000000e+00
   9.0000000e+00   0.0000000e+00   9.1934300e-01   8.3853600e-01   2.3038479e+00   1.0000000e+00
   1.0000000e+01   1.0000000e+00   9.4285300e-01   8.3853600e-01   2.3038479e+00   0.0000000e+00
   1.1000000e+01   0.0000000e+00   8.9758900e-01   8.3853600e-01   2.3038479e+00   1.0000000e+00
   1.2000000e+01   1.0000000e+00   7.8026500e-01   8.3853600e-01   2.3038479e+00   1.0000000e+00
   1.3000000e+01   0.0000000e+00   1.2736320e+00   8.3853600e-01   2.3038479e+00   0.0000000e+00
   1.4000000e+01   1.0000000e+00   4.5629200e-01   8.3853600e-01   2.3038479e+00   1.0000000e+00
   1.5000000e+01   0.0000000e+00   9.9231700e-01   8.3853600e-01   2.3038479e+00   0.0000000e+00
   1.6000000e+01   0.0000000e+00   6.7565200e-01   8.3853600e-01   2.3038479e+00   1.0000000e+00
   1.7000000e+01   0.0000000e+00   5.2958300e-01   8.3853600e-01   2.3038479e+00   0.0000000e+00
   1.8000000e+01   0.0000000e+00   9.3321400e-01   8.3853600e-01   2.3038479e+00   1.0000000e+00
   1.9000000e+01   0.0000000e+00   7.5362800e-01   8.3853600e-01   2.3038479e+00   0.0000000e+00
   2.0000000e+01   1.0000000e+00   2.1887200e+00   8.3853600e-01   2.3038479e+00   0.0000000e+00
   2.1000000e+01   0.0000000e+00   1.0986310e+00   8.3853600e-01   2.3038479e+00   1.0000000e+00
   2.2000000e+01   0.0000000e+00   8.5537500e-01   8.3853600e-01   2.3038479e+00   1.0000000e+00
   2.3000000e+01   0.0000000e+00   1.4143000e+00   8.3853600e-01   2.3038479e+00   0.0000000e+00
   2.4000000e+01   1.0000000e+00   5.8927300e-01   8.3853600e-01   2.3038479e+00   1.0000000e+00
   2.5000000e+01   0.0000000e+00   6.1771600e-01   8.3853600e-01   2.3038479e+00   0.0000000e+00
   2.6000000e+01   0.0000000e+00   9.0712700e-01   8.3853600e-01   2.3038479e+00   1.0000000e+00
   2.7000000e+01   1.0000000e+00   1.8893940e+00   8.3853600e-01   2.3038479e+00   0.0000000e+00
   2.8000000e+01   1.0000000e+00   9.1795200e-01   8.3853600e-01   2.3038479e+00   1.0000000e+00
   2.9000000e+01   0.0000000e+00   7.4277000e-01   8.3853600e-01   2.3038479e+00   1.0000000e+00
   3.0000000e+01   0.0000000e+00   4.6570200e-01   8.3853600e-01   2.3038479e+00   1.0000000e+00
   3.1000000e+01   0.0000000e+00   3.0240020e+00   8.3853600e-01   2.3038479e+00   0.0000000e+00
   3.2000000e+01   1.0000000e+00   1.1119320e+00   8.3853600e-01   2.3038479e+00   0.0000000e+00
   3.3000000e+01   0.0000000e+00   9.9937900e-01   8.3853600e-01   2.3038479e+00   1.0000000e+00
   3.4000000e+01   0.0000000e+00   1.2603430e+00   8.3853600e-01   2.3038479e+00   0.0000000e+00
   3.5000000e+01   0.0000000e+00   8.7957400e-01   8.3853600e-01   2.3038479e+00   1.0000000e+00
   3.6000000e+01   0.0000000e+00   4.7350500e-01   8.3853600e-01   2.3038479e+00   1.0000000e+00
   3.7000000e+01   1.0000000e+00   1.2874140e+00   8.3853600e-01   2.3038479e+00   0.0000000e+00
   3.8000000e+01   1.0000000e+00   1.3308410e+00   8.3853600e-01   2.3038479e+00   1.0000000e+00
   3.9000000e+01   0.0000000e+00   7.9297200e-01   8.3853600e-01   2.3038479e+00   1.0000000e+00
   4.0000000e+01   0.0000000e+00   1.1683100e+00   8.3853600e-01   2.3038479e+00   0.0000000e+00
   4.1000000e+01   0.0000000e+00   1.0046020e+00   8.3853600e-01   2.3038479e+00   0.0000000e+00
   4.2000000e+01   0.0000000e+00   9.7152800e-01   8.3853600e-01   2.3038479e+00   0.0000000e+00
   4.3000000e+01   0.0000000e+00   9.0262200e-01   8.3853600e-01   2.3038479e+00   1.0000000e+00
   4.4000000e+01   1.0000000e+00   4.6138200e-01   8.3853600e-01   2.3038479e+00   0.0000000e+00
   4.5000000e+01   0.0000000e+00   5.8931200e-01   8.3853600e-01   2.3038479e+00   1.0000000e+00
   4.6000000e+01   0.0000000e+00   6.7800800e-01   8.3853600e-01   2.3038479e+00   1.0000000e+00
   4.7000000e+01   0.0000000e+00   7.4007700e-01   8.3853600e-01   2.3038479e+00   1.0000000e+00
   4.8000000e+01   1.0000000e+00   4.5315900e-01   8.3853600e-01   2.3038479e+00   1.0000000e+00
   4.9000000e+01   0.0000000e+00   1.7531610e+00   8.3853600e-01   2.3038479e+00   0.0000000e+00
   5.0000000e+01   1.0000000e+00   6.0184700e-01   8.3853600e-01   2.3038479e+00   1.0000000e+00
   5.1000000e+01   0.0000000e+00   4.9791500e-01   8.3853600e-01   2.3038479e+00   0.0000000e+00
   5.2000000e+01   0.0000000e+00   4.3523000e-01   8.3853600e-01   2.3038479e+00   1.0000000e+00
   5.3000000e+01   1.0000000e+00   9.1757700e-01   8.3853600e-01   2.3038479e+00   0.0000000e+00
   5.4000000e+01   0.0000000e+00   7.7583900e-01   8.3853600e-01   2.3038479e+00   0.0000000e+00
   5.5000000e+01   1.0000000e+00   9.3962300e-01   8.3853600e-01   2.3038479e+00   1.0000000e+00
   5.6000000e+01   0.0000000e+00   4.9782300e-01   8.3853600e-01   2.3038479e+00   0.0000000e+00
   5.7000000e+01   0.0000000e+00   7.3354600e-01   8.3853600e-01   2.3038479e+00   0.0000000e+00
   5.8000000e+01   0.0000000e+00   6.5628200e-01   8.3853600e-01   2.3038479e+00   0.0000000e+00
   5.9000000e+01   0.0000000e+00   6.9086100e-01   8.3853600e-01   2.3038479e+00   1.0000000e+00
   6.0000000e+01   1.0000000e+00   5.4630200e-01   8.3853600e-01   2.3038479e+00   0.0000000e+00
   6.1000000e+01   0.0000000e+00   5.9060000e-01   8.3853600e-01   2.3038479e+00   1.0000000e+00
   6.2000000e+01   1.0000000e+00   7.5057000e-01   8.3853600e-01   2.3038479e+00   0.0000000e+00
   6.3000000e+01   0.0000000e+00   1.7498440e+00   8.3853600e-01   2.3038479e+00   1.0000000e+00
   6.4000000e+01   0.0000000e+00   5.4466900e-01   8.3853600e-01   2.3038479e+00   0.0000000e+00
   6.5000000e+01   0.0000000e+00   4.6905300e-01   8.3853600e-01   2.3038479e+00   0.0000000e+00
   6.6000000e+01   0.0000000e+00   9.2688700e-01   8.3853600e-01   2.3038479e+00   1.0000000e+00
   6.7000000e+01   1.0000000e+00   1.7387350e+00   8.3853600e-01   2.3038479e+00   1.0000000e+00
   6.8000000e+01   0.0000000e+00   9.0389000e-01   8.3853600e-01   2.3038479e+00   0.0000000e+00
   6.9000000e+01   0.0000000e+00   7.2154200e-01   8.3853600e-01   2.3038479e+00   0.0000000e+00
   7.0000000e+01   0.0000000e+00   2.1169380e+00   8.3853600e-01   2.3038479e+00   0.0000000e+00
   7.1000000e+01   0.0000000e+00   8.3494200e-01   8.3853600e-01   2.3038479e+00   1.0000000e+00
   7.2000000e+01   0.0000000e+00   9.4054800e-01   8.3853600e-01   2.3038479e+00   0.0000000e+00
   7.3000000e+01   0.0000000e+00   4.3774100e-01   8.3853600e-01   2.3038479e+00   1.0000000e+00
   7.4000000e+01   0.0000000e+00   8.9518500e-01   8.3853600e-01   2.3038479e+00   1.0000000e+00
   7.5000000e+01   1.0000000e+00   8.3503300e-01   8.3853600e-01   2.3038479e+00   1.0000000e+00
   7.6000000e+01   0.0000000e+00   1.0843740e+00   8.3853600e-01   2.3038479e+00   1.0000000e+00
   7.7000000e+01   0.0000000e+00   7.0926700e-01   8.3853600e-01   2.3038479e+00   0.0000000e+00
   7.8000000e+01   0.0000000e+00   7.2728600e-01   8.3853600e-01   2.3038479e+00   0.0000000e+00
   7.9000000e+01   1.0000000e+00   5.9162500e-01   8.3853600e-01   2.3038479e+00   0.0000000e+00
   8.0000000e+01   1.0000000e+00   1.3341150e+00   8.3853600e-01   2.3038479e+00   1.0000000e+00
   8.1000000e+01   0.0000000e+00   6.7841200e-01   8.3853600e-01   2.3038479e+00   1.0000000e+00
   8.2000000e+01   0.0000000e+00   1.0245880e+00   8.3853600e-01   2.3038479e+00   0.0000000e+00
   8.3000000e+01   0.0000000e+00   2.6638160e+00   8.3853600e-01   2.3038479e+00   1.0000000e+00
   8.4000000e+01   0.0000000e+00   8.9594200e-01   8.3853600e-01   2.3038479e+00   0.0000000e+00
   8.5000000e+01   0.0000000e+00   2.2783370e+00   8.3853600e-01   2.3038479e+00   0.0000000e+00
   8.6000000e+01   1.0000000e+00   4.9264300e-01   8.3853600e-01   2.3038479e+00   0.0000000e+00
   8.7000000e+01   0.0000000e+00   1.9966120e+00   8.3853600e-01   2.3038479e+00   1.0000000e+00
   8.8000000e+01   1.0000000e+00   6.3012800e-01   8.3853600e-01   2.3038479e+00   0.0000000e+00
   8.9000000e+01   0.0000000e+00   5.5839300e-01   8.3853600e-01   2.3038479e+00   1.0000000e+00
   9.0000000e+01   0.0000000e+00   7.6752400e-01   8.3853600e-01   2.3038479e+00   0.0000000e+00
   9.1000000e+01   0.0000000e+00   7.5974200e-01   8.3853600e-01   2.3038479e+00   1.0000000e+00
   9.2000000e+01   0.0000000e+00   8.2394600e-01   8.3853600e-01   2.3038479e+00   0.0000000e+00
   9.3000000e+01   1.0000000e+00   6.1005000e-01   8.3853600e-01   2.3038479e+00   1.0000000e+00
   9.4000000e+01   0.0000000e+00   6.1384600e-01   8.3853600e-01   2.3038479e+00   1.0000000e+00
   9.5000000e+01   1.0000000e+00   5.6066000e-01   8.3853600e-01   2.3038479e+00   0.0000000e+00
   9.6000000e+01   0.0000000e+00   1.6957950e+00   8.3853600e-01   2.3038479e+00   0.0000000e+00
   9.7000000e+01   0.0000000e+00   4.8968500e-01   8.3853600e-01   2.3038479e+00   0.0000000e+00
   9.8000000e+01   1.0000000e+00   1.3341620e+00   8.3853600e-01   2.3038479e+00   1.0000000e+00
   9.9000000e+01   0.0000000e+00   7.2438300e-01   8.3853600e-01   2.3038479e+00   1.0000000e+00
   1.0000000e+02   0.0000000e+00   8.7616300e-01   8.3853600e-01   2.3038479e+00   1.0000000e+00
   1.0100000e+02   0.0000000e+00   5.9790500e-01   8.3853600e-01   2.3038479e+00   1.0000000e+00
   1.0200000e+02   1.0000000e+00   7.6731400e-01   8.3853600e-01   2.3038479e+00   0.0000000e+00
   1.0300000e+02   0.0000000e+00   1.4536280e+00   8.3853600e-01   2.3038479e+00   1.0000000e+00
   1.0400000e+02   1.0000000e+00   6.3801100e-01   8.3853600e-01   2.3038479e+00   1.0000000e+00
   1.0500000e+02   0.0000000e+00   5.3045000e-01   8.3853600e-01   2.3038479e+00   0.0000000e+00
   1.0600000e+02   1.0000000e+00   5.4174600e-01   8.3853600e-01   2.3038479e+00   1.0000000e+00
   1.0700000e+02   0.0000000e+00   7.7717500e-01   8.3853600e-01   2.3038479e+00   1.0000000e+00
   1.0800000e+02   1.0000000e+00   2.1000510e+00   8.3853600e-01   2.3038479e+00   0.0000000e+00
   1.0900000e+02   0.0000000e+00   2.0940720e+00   8.3853600e-01   2.3038479e+00   0.0000000e+00
   1.1000000e+02   1.0000000e+00   8.5011400e-01   8.3853600e-01   2.3038479e+00   1.0000000e+00
   1.1100000e+02   0.0000000e+00   6.2393100e-01   8.3853600e-01   2.3038479e+00   1.0000000e+00
   1.1200000e+02   0.0000000e+00   6.0562700e-01   8.3853600e-01   2.3038479e+00   0.0000000e+00
   1.1300000e+02   1.0000000e+00   9.7601000e-01   8.3853600e-01   2.3038479e+00   0.0000000e+00
   1.1400000e+02   0.0000000e+00   6.0612500e-01   8.3853600e-01   2.3038479e+00   1.0000000e+00
   1.1500000e+02   0.0000000e+00   6.8936000e-01   8.3853600e-01   2.3038479e+00   0.0000000e+00
   1.1600000e+02   1.0000000e+00   8.5385900e-01   8.3853600e-01   2.3038479e+00   0.0000000e+00
   1.1700000e+02   0.0000000e+00   7.1947400e-01   8.3853600e-01   2.3038479e+00   1.0000000e+00
   1.1800000e+02   0.0000000e+00   6.5581800e-01   8.3853600e-01   2.3038479e+00   0.0000000e+00
   1.1900000e+02   0.0000000e+00   1.0008900e+00   8.3853600e-01   2.3038479e+00   0.0000000e+00
   1.2000000e+02   0.0000000e+00   9.0167100e-01   8.3853600e-01   2.3038479e+00   0.0000000e+00
   1.2100000e+02   0.0000000e+00   1.3677890e+00   8.3853600e-01   2.3038479e+00   1.0000000e+00
   1.2200000e+02   0.0000000e+00   5.4561700e-01   8.3853600e-01   2.3038479e+00   0.0000000e+00
   1.2300000e+02   1.0000000e+00   4.8822600e-01   8.3853600e-01   2.3038479e+00   1.0000000e+00
   1.2400000e+02   0.0000000e+00   5.3440100e-01   8.3853600e-01   2.3038479e+00   1.0000000e+00
   1.2500000e+02   1.0000000e+00   1.2074010e+00   8.3853600e-01   2.3038479e+00   0.0000000e+00
   1.2600000e+02   0.0000000e+00   4.9945400e-01   8.3853600e-01   2.3038479e+00   0.0000000e+00
   1.2700000e+02   1.0000000e+00   1.1814950e+00   8.3853600e-01   2.3038479e+00   1.0000000e+00
   1.2800000e+02   0.0000000e+00   6.4166100e-01   8.3853600e-01   2.3038479e+00   1.0000000e+00
   1.2900000e+02   0.0000000e+00   9.8515800e-01   8.3853600e-01   2.3038479e+00   1.0000000e+00
   1.3000000e+02   0.0000000e+00   8.6044700e-01   8.3853600e-01   2.3038479e+00   0.0000000e+00
   1.3100000e+02   0.0000000e+00   7.3192600e-01   8.3853600e-01   2.3038479e+00   0.0000000e+00
   1.3200000e+02   1.0000000e+00   8.0773000e-01   8.3853600e-01   2.3038479e+00   1.0000000e+00
   1.3300000e+02   0.0000000e+00   1.1424170e+00   8.3853600e-01   2.3038479e+00   1.0000000e+00
   1.3400000e+02   0.0000000e+00   6.8704700e-01   8.3853600e-01   2.3038479e+00   0.0000000e+00
   1.3500000e+02   0.0000000e+00   1.5804800e+00   8.3853600e-01   2.3038479e+00   1.0000000e+00
   1.3600000e+02   1.0000000e+00   1.4663460e+00   8.3853600e-01   2.3038479e+00   0.0000000e+00
