1	0	0.675821	0.826469	2.7755378525	0
2	0	0.824361	0.826469	2.7755378525	0
3	1	0.590072	0.826469	2.7755378525	1
4	0	0.562683	0.826469	2.7755378525	1
5	1	0.924893	0.826469	2.7755378525	0
6	0	1.427130	0.826469	2.7755378525	1
7	1	0.691088	0.826469	2.7755378525	1
8	0	0.877011	0.826469	2.7755378525	1
9	0	0.627014	0.826469	2.7755378525	1
10	1	0.505355	0.826469	2.7755378525	0
11	0	0.661336	0.826469	2.7755378525	1
12	0	1.257332	0.826469	2.7755378525	1
13	0	0.942884	0.826469	2.7755378525	0
14	1	0.581946	0.826469	2.7755378525	0
15	0	0.933881	0.826469	2.7755378525	0
16	1	0.661647	0.826469	2.7755378525	1
17	1	0.876324	0.826469	2.7755378525	0
18	0	0.879829	0.826469	2.7755378525	0
19	0	1.009370	0.826469	2.7755378525	0
20	0	0.612203	0.826469	2.7755378525	0
21	1	0.641000	0.826469	2.7755378525	1
22	1	0.689874	0.826469	2.7755378525	0
23	0	1.247743	0.826469	2.7755378525	0
24	1	0.739187	0.826469	2.7755378525	1
25	0	0.785543	0.826469	2.7755378525	1
26	0	0.872437	0.826469	2.7755378525	0
27	0	0.597463	0.826469	2.7755378525	1
28	0	0.876954	0.826469	2.7755378525	0
29	0	0.846901	0.826469	2.7755378525	1
30	0	1.143808	0.826469	2.7755378525	1
31	1	0.846248	0.826469	2.7755378525	1
32	0	0.942153	0.826469	2.7755378525	1
33	0	1.894807	0.826469	2.7755378525	0
34	1	0.868530	0.826469	2.7755378525	0
35	0	0.737617	0.826469	2.7755378525	1
36	1	0.706741	0.826469	2.7755378525	1
37	0	0.844585	0.826469	2.7755378525	1
38	0	2.054437	0.826469	2.7755378525	0
39	0	0.639464	0.826469	2.7755378525	0
40	0	1.071831	0.826469	2.7755378525	0
41	1	1.052732	0.826469	2.7755378525	0
42	0	0.617785	0.826469	2.7755378525	0
43	1	1.019416	0.826469	2.7755378525	0
44	0	0.652621	0.826469	2.7755378525	1
45	1	0.680804	0.826469	2.7755378525	1
46	0	1.219961	0.826469	2.7755378525	0
47	0	0.755912	0.826469	2.7755378525	1
48	1	0.828838	0.826469	2.7755378525	0
49	0	1.160127	0.826469	2.7755378525	0
50	1	1.223101	0.826469	2.7755378525	1
51	0	0.842136	0.826469	2.7755378525	1
52	0	0.887443	0.826469	2.7755378525	1
53	0	0.816582	0.826469	2.7755378525	0
54	0	3.102662	0.826469	2.7755378525	1
55	1	0.539007	0.826469	2.7755378525	1
56	0	0.598162	0.826469	2.7755378525	0
57	0	0.631683	0.826469	2.7755378525	1
58	0	1.067526	0.826469	2.7755378525	0
59	0	0.992917	0.826469	2.7755378525	0
60	0	0.777068	0.826469	2.7755378525	1
61	0	1.219656	0.826469	2.7755378525	0
62	0	0.648232	0.826469	2.7755378525	1
63	1	1.700842	0.826469	2.7755378525	0
64	1	1.915710	0.826469	2.7755378525	0
65	0	0.912624	0.826469	2.7755378525	1
66	0	0.556193	0.826469	2.7755378525	0
67	0	0.606398	0.826469	2.7755378525	1
68	0	0.678513	0.826469	2.7755378525	1
69	1	1.820681	0.826469	2.7755378525	1
70	0	0.930504	0.826469	2.7755378525	0
71	0	0.503249	0.826469	2.7755378525	1
72	1	1.018509	0.826469	2.7755378525	0
73	0	0.755846	0.826469	2.7755378525	1
74	0	0.660741	0.826469	2.7755378525	0
75	0	0.733102	0.826469	2.7755378525	1
76	0	0.621737	0.826469	2.7755378525	1
77	0	0.544439	0.826469	2.7755378525	0
78	1	1.334045	0.826469	2.7755378525	1
79	0	0.736386	0.826469	2.7755378525	0
80	1	2.031615	0.826469	2.7755378525	1
81	0	1.184960	0.826469	2.7755378525	1
82	1	0.810635	0.826469	2.7755378525	0
83	0	1.246307	0.826469	2.7755378525	1
84	0	0.721775	0.826469	2.7755378525	0
85	1	3.260635	0.826469	2.7755378525	1
86	0	0.833369	0.826469	2.7755378525	0
87	1	0.770613	0.826469	2.7755378525	0
88	0	2.470387	0.826469	2.7755378525	1
89	0	0.547714	0.826469	2.7755378525	0
90	0	1.685208	0.826469	2.7755378525	0
91	1	1.655713	0.826469	2.7755378525	1
92	0	1.009107	0.826469	2.7755378525	0
93	1	1.187839	0.826469	2.7755378525	0
94	0	0.553917	0.826469	2.7755378525	1
95	1	1.702958	0.826469	2.7755378525	0
96	0	0.607106	0.826469	2.7755378525	1
97	0	1.386384	0.826469	2.7755378525	0
98	0	0.547680	0.826469	2.7755378525	1
99	0	0.839828	0.826469	2.7755378525	0
100	0	0.601255	0.826469	2.7755378525	0
101	0	0.559803	0.826469	2.7755378525	1
102	0	1.304938	0.826469	2.7755378525	1
103	0	0.912494	0.826469	2.7755378525	1
104	0	0.880459	0.826469	2.7755378525	0
105	1	0.870996	0.826469	2.7755378525	1
106	0	1.289052	0.826469	2.7755378525	1
107	0	0.689604	0.826469	2.7755378525	1
108	0	3.124561	0.826469	2.7755378525	1
109	0	0.980563	0.826469	2.7755378525	0
110	1	0.921027	0.826469	2.7755378525	0
111	0	2.515256	0.826469	2.7755378525	1
112	1	0.933047	0.826469	2.7755378525	1
113	0	1.354570	0.826469	2.7755378525	1
114	0	1.210419	0.826469	2.7755378525	0
115	0	0.683147	0.826469	2.7755378525	0
116	1	1.769134	0.826469	2.7755378525	1
117	0	0.792737	0.826469	2.7755378525	1
118	0	0.693935	0.826469	2.7755378525	0
119	1	0.522462	0.826469	2.7755378525	0
120	0	0.582072	0.826469	2.7755378525	0
121	0	0.813806	0.826469	2.7755378525	1
122	0	1.537201	0.826469	2.7755378525	0
123	0	0.991947	0.826469	2.7755378525	0
124	0	0.783083	0.826469	2.7755378525	0
125	0	0.848794	0.826469	2.7755378525	0
126	0	1.066983	0.826469	2.7755378525	1
127	0	0.864511	0.826469	2.7755378525	0
128	1	2.220112	0.826469	2.7755378525	1
129	0	0.645284	0.826469	2.7755378525	1
130	0	0.568256	0.826469	2.7755378525	1
131	1	0.890494	0.826469	2.7755378525	0
132	0	0.849581	0.826469	2.7755378525	0
133	0	0.528827	0.826469	2.7755378525	1
134	0	1.304063	0.826469	2.7755378525	0
135	1	0.793115	0.826469	2.7755378525	0
136	1	0.515266	0.826469	2.7755378525	1
