1	0	2.579258	0.826636	2.9340367290	0
2	0	1.310665	0.826636	2.9340367290	1
3	0	1.520734	0.826636	2.9340367290	0
4	1	0.668511	0.826636	2.9340367290	0
5	0	0.779246	0.826636	2.9340367290	0
6	1	0.922227	0.826636	2.9340367290	1
7	0	0.676368	0.826636	2.9340367290	1
8	1	0.798594	0.826636	2.9340367290	0
9	0	0.517133	0.826636	2.9340367290	1
10	1	1.701496	0.826636	2.9340367290	1
11	0	1.762439	0.826636	2.9340367290	1
12	0	1.822496	0.826636	2.9340367290	0
13	1	1.027980	0.826636	2.9340367290	1
14	0	1.004877	0.826636	2.9340367290	1
15	0	1.256430	0.826636	2.9340367290	0
16	0	0.578704	0.826636	2.9340367290	0
17	1	0.688766	0.826636	2.9340367290	0
18	0	0.509280	0.826636	2.9340367290	1
19	0	0.783083	0.826636	2.9340367290	0
20	1	0.826463	0.826636	2.9340367290	1
21	0	0.800328	0.826636	2.9340367290	0
22	0	0.612184	0.826636	2.9340367290	0
23	1	0.510968	0.826636	2.9340367290	0
24	0	0.565176	0.826636	2.9340367290	1
25	0	1.885046	0.826636	2.9340367290	0
26	0	1.350538	0.826636	2.9340367290	1
27	0	0.666852	0.826636	2.9340367290	1
28	1	1.008723	0.826636	2.9340367290	1
29	0	1.232451	0.826636	2.9340367290	0
30	1	0.568006	0.826636	2.9340367290	0
31	0	0.804467	0.826636	2.9340367290	1
32	0	1.192806	0.826636	2.9340367290	0
33	0	0.521496	0.826636	2.9340367290	1
34	0	0.976006	0.826636	2.9340367290	1
35	0	0.541736	0.826636	2.9340367290	1
36	1	0.610169	0.826636	2.9340367290	0
37	1	0.670174	0.826636	2.9340367290	1
38	0	0.884297	0.826636	2.9340367290	0
39	1	1.874823	0.826636	2.9340367290	0
40	0	1.027724	0.826636	2.9340367290	0
41	0	1.325676	0.826636	2.9340367290	1
42	1	1.587126	0.826636	2.9340367290	1
43	0	0.797176	0.826636	2.9340367290	0
44	0	0.573613	0.826636	2.9340367290	0
45	1	0.784046	0.826636	2.9340367290	1
46	0	0.732691	0.826636	2.9340367290	0
47	0	0.907296	0.826636	2.9340367290	1
48	0	1.171539	0.826636	2.9340367290	0
49	0	1.522922	0.826636	2.9340367290	1
50	0	2.230148	0.826636	2.9340367290	0
51	0	0.552918	0.826636	2.9340367290	0
52	0	1.586801	0.826636	2.9340367290	0
53	0	1.123103	0.826636	2.9340367290	1
54	1	0.509440	0.826636	2.9340367290	0
55	0	1.759991	0.826636	2.9340367290	0
56	0	0.577453	0.826636	2.9340367290	0
57	0	1.048505	0.826636	2.9340367290	1
58	0	0.658810	0.826636	2.9340367290	1
59	0	1.900608	0.826636	2.9340367290	1
60	1	0.854851	0.826636	2.9340367290	1
61	0	0.928228	0.826636	2.9340367290	1
62	0	1.102722	0.826636	2.9340367290	1
63	0	2.644611	0.826636	2.9340367290	0
64	1	0.601669	0.826636	2.9340367290	0
65	0	0.545875	0.826636	2.9340367290	1
66	1	1.157407	0.826636	2.9340367290	0
67	0	0.928699	0.826636	2.9340367290	1
68	0	1.402682	0.826636	2.9340367290	1
69	1	0.901729	0.826636	2.9340367290	1
70	0	1.778246	0.826636	2.9340367290	0
71	0	1.046281	0.826636	2.9340367290	1
72	0	1.314505	0.826636	2.9340367290	0
73	0	0.995117	0.826636	2.9340367290	1
74	0	1.600111	0.826636	2.9340367290	0
75	0	0.818444	0.826636	2.9340367290	0
76	0	1.328147	0.826636	2.9340367290	1
77	1	0.557817	0.826636	2.9340367290	1
78	0	0.518848	0.826636	2.9340367290	1
79	1	0.722879	0.826636	2.9340367290	0
80	0	0.913916	0.826636	2.9340367290	1
81	0	0.540048	0.826636	2.9340367290	1
82	0	0.837302	0.826636	2.9340367290	1
83	1	0.606430	0.826636	2.9340367290	1
84	0	0.594098	0.826636	2.9340367290	1
85	0	0.520201	0.826636	2.9340367290	1
86	0	0.592786	0.826636	2.9340367290	0
87	1	0.575920	0.826636	2.9340367290	0
88	0	1.214079	0.826636	2.9340367290	0
89	1	1.061085	0.826636	2.9340367290	0
90	0	0.572472	0.826636	2.9340367290	0
91	0	0.687540	0.826636	2.9340367290	0
92	0	2.316109	0.826636	2.9340367290	0
93	0	0.667825	0.826636	2.9340367290	1
94	1	1.007473	0.826636	2.9340367290	1
95	0	0.633261	0.826636	2.9340367290	1
96	0	1.920922	0.826636	2.9340367290	0
97	0	1.917100	0.826636	2.9340367290	1
98	0	1.100468	0.826636	2.9340367290	0
99	1	0.674669	0.826636	2.9340367290	0
100	1	0.705146	0.826636	2.9340367290	1
101	0	1.934796	0.826636	2.9340367290	0
102	1	0.548048	0.826636	2.9340367290	0
103	0	0.847490	0.826636	2.9340367290	0
104	0	1.884282	0.826636	2.9340367290	0
105	0	0.528559	0.826636	2.9340367290	0
106	1	0.749715	0.826636	2.9340367290	1
107	1	0.556289	0.826636	2.9340367290	1
108	0	0.528292	0.826636	2.9340367290	0
109	0	0.506065	0.826636	2.9340367290	1
110	0	0.640126	0.826636	2.9340367290	1
111	1	1.886813	0.826636	2.9340367290	0
112	0	1.643694	0.826636	2.9340367290	1
113	1	1.408461	0.826636	2.9340367290	1
114	0	0.886845	0.826636	2.9340367290	1
115	0	0.713902	0.826636	2.9340367290	0
116	0	0.554550	0.826636	2.9340367290	1
117	0	1.784253	0.826636	2.9340367290	1
118	0	0.647922	0.826636	2.9340367290	1
119	1	1.098035	0.826636	2.9340367290	0
120	0	0.749130	0.826636	2.9340367290	1
121	1	0.799901	0.826636	2.9340367290	0
122	0	0.585858	0.826636	2.9340367290	1
123	1	0.504692	0.826636	2.9340367290	1
124	0	0.542063	0.826636	2.9340367290	1
125	0	0.512324	0.826636	2.9340367290	0
126	0	0.543245	0.826636	2.9340367290	0
127	1	0.835326	0.826636	2.9340367290	0
128	0	0.550659	0.826636	2.9340367290	0
129	1	0.809731	0.826636	2.9340367290	1
130	0	0.843195	0.826636	2.9340367290	1
131	0	0.996629	0.826636	2.9340367290	0
132	0	0.900710	0.826636	2.9340367290	0
133	0	0.725359	0.826636	2.9340367290	0
134	0	0.807406	0.826636	2.9340367290	0
135	1	1.333147	0.826636	2.9340367290	1
136	1	1.816187	0.826636	2.9340367290	0
