   1.0000000e+00   0.0000000e+00   1.0964410e+00   8.2499200e-01   2.5823231e+00   0.0000000e+00
   2.0000000e+00   0.0000000e+00   4.5892400e-01   8.2499200e-01   2.5823231e+00   1.0000000e+00
   3.0000000e+00   0.0000000e+00   1.0460850e+00   8.2499200e-01   2.5823231e+00   1.0000000e+00
   4.0000000e+00   1.0000000e+00   6.4787700e-01   8.2499200e-01   2.5823231e+00   1.0000000e+00
   5.0000000e+00   0.0000000e+00   4.4846200e-01   8.2499200e-01   2.5823231e+00   0.0000000e+00
   6.0000000e+00   0.0000000e+00   8.5612800e-01   8.2499200e-01   2.5823231e+00   0.0000000e+00
   7.0000000e+00   0.0000000e+00   6.6199000e-01   8.2499200e-01   2.5823231e+00   1.0000000e+00
   8.0000000e+00   0.0000000e+00   6.9353900e-01   8.2499200e-01   2.5823231e+00   1.0000000e+00
   9.0000000e+00   1.0000000e+00   5.1951900e-01   8.2499200e-01   2.5823231e+00   0.0000000e+00
   1.0000000e+01   0.0000000e+00   8.1791800e-01   8.2499200e-01   2.5823231e+00   0.0000000e+00
   1.1000000e+01   1.0000000e+00   6.1328500e-01   8.2499200e-01   2.5823231e+00   1.0000000e+00
   1.2000000e+01   0.0000000e+00   7.1549000e-01   8.2499200e-01   2.5823231e+00   0.0000000e+00
   1.3000000e+01   0.0000000e+00   4.8388600e-01   8.2499200e-01   2.5823231e+00   1.0000000e+00
   1.4000000e+01   0.0000000e+00   1.7008840e+00   8.2499200e-01   2.5823231e+00   0.0000000e+00
   1.5000000e+01   0.0000000e+00   9.1814500e-01   8.2499200e-01   2.5823231e+00   1.0000000e+00
   1.6000000e+01   1.0000000e+00   7.5640600e-01   8.2499200e-01   2.5823231e+00   0.0000000e+00
   1.7000000e+01   0.0000000e+00   5.6182600e-01   8.2499200e-01   2.5823231e+00   0.0000000e+00
   1.8000000e+01   1.0000000e+00   5.2613200e-01   8.2499200e-01   2.5823231e+00   0.0000000e+00
   1.9000000e+01   0.0000000e+00   8.4132000e-01   8.2499200e-01   2.5823231e+00   0.0000000e+00
   2.0000000e+01   0.0000000e+00   1.4493490e+00   8.2499200e-01   2.5823231e+00   1.0000000e+00
   2.1000000e+01   0.0000000e+00   1.5502200e+00   8.2499200e-01   2.5823231e+00   0.0000000e+00
   2.2000000e+01   1.0000000e+00   5.1444200e-01   8.2499200e-01   2.5823231e+00   1.0000000e+00
   2.3000000e+01   0.0000000e+00   1.2385760e+00   8.2499200e-01   2.5823231e+00   1.0000000e+00
   2.4000000e+01   0.0000000e+00   1.7027760e+00   8.2499200e-01   2.5823231e+00   1.0000000e+00
   2.5000000e+01   0.0000000e+00   1.1380890e+00   8.2499200e-01   2.5823231e+00   1.0000000e+00
   2.6000000e+01   0.0000000e+00   6.9905300e-01   8.2499200e-01   2.5823231e+00   1.0000000e+00
   2.7000000e+01   1.0000000e+00   1.0538880e+00   8.2499200e-01   2.5823231e+00   0.0000000e+00
   2.8000000e+01   0.0000000e+00   1.1257370e+00   8.2499200e-01   2.5823231e+00   0.0000000e+00
   2.9000000e+01   0.0000000e+00   9.1426900e-01   8.2499200e-01   2.5823231e+00   0.0000000e+00
   3.0000000e+01   0.0000000e+00   5.1818300e-01   8.2499200e-01   2.5823231e+00   1.0000000e+00
   3.1000000e+01   0.0000000e+00   4.4737700e-01   8.2499200e-01   2.5823231e+00   1.0000000e+00
   3.2000000e+01   0.0000000e+00   1.3391410e+00   8.2499200e-01   2.5823231e+00   0.0000000e+00
   3.3000000e+01   1.0000000e+00   1.1095450e+00   8.2499200e-01   2.5823231e+00   1.0000000e+00
   3.4000000e+01   1.0000000e+00   7.3169400e-01   8.2499200e-01   2.5823231e+00   0.0000000e+00
   3.5000000e+01   0.0000000e+00   4.5214200e-01   8.2499200e-01   2.5823231e+00   0.0000000e+00
   3.6000000e+01   0.0000000e+00   5.8882900e-01   8.2499200e-01   2.5823231e+00   1.0000000e+00
   3.7000000e+01   0.0000000e+00   6.8723000e-01   8.2499200e-01   2.5823231e+00   0.0000000e+00
   3.8000000e+01   0.0000000e+00   9.3063200e-01   8.2499200e-01   2.5823231e+00   0.0000000e+00
   3.9000000e+01   0.0000000e+00   5.8212900e-01   8.2499200e-01   2.5823231e+00   1.0000000e+00
   4.0000000e+01   0.0000000e+00   4.9808400e-01   8.2499200e-01   2.5823231e+00   1.0000000e+00
   4.1000000e+01   0.0000000e+00   6.8843600e-01   8.2499200e-01   2.5823231e+00   0.0000000e+00
   4.2000000e+01   0.0000000e+00   6.9320700e-01   8.2499200e-01   2.5823231e+00   1.0000000e+00
   4.3000000e+01   1.0000000e+00   7.9911500e-01   8.2499200e-01   2.5823231e+00   1.0000000e+00
   4.4000000e+01   0.0000000e+00   8.4216600e-01   8.2499200e-01   2.5823231e+00   1.0000000e+00
   4.5000000e+01   1.0000000e+00   2.8853450e+00   8.2499200e-01   2.5823231e+00   1.0000000e+00
   4.6000000e+01   0.0000000e+00   8.1960000e-01   8.2499200e-01   2.5823231e+00   0.0000000e+00
   4.7000000e+01   1.0000000e+00   6.1843600e-01   8.2499200e-01   2.5823231e+00   0.0000000e+00
   4.8000000e+01   1.0000000e+00   7.6205800e-01   8.2499200e-01   2.5823231e+00   1.0000000e+00
   4.9000000e+01   0.0000000e+00   9.1066300e-01   8.2499200e-01   2.5823231e+00   1.0000000e+00
   5.0000000e+01   0.0000000e+00   1.8045890e+00   8.2499200e-01   2.5823231e+00   1.0000000e+00
   5.1000000e+01   0.0000000e+00   5.1803800e-01   8.2499200e-01   2.5823231e+00   0.0000000e+00
   5.2000000e+01   0.0000000e+00   4.6471300e-01   8.2499200e-01   2.5823231e+00   1.0000000e+00
   5.3000000e+01   1.0000000e+00   4.5038700e-01   8.2499200e-01   2.5823231e+00   0.0000000e+00
   5.4000000e+01   0.0000000e+00   1.2101060e+00   8.2499200e-01   2.5823231e+00   1.0000000e+00
   5.5000000e+01   0.0000000e+00   1.5924400e+00   8.2499200e-01   2.5823231e+00   0.0000000e+00
   5.6000000e+01   0.0000000e+00   9.4405100e-01   8.2499200e-01   2.5823231e+00   0.0000000e+00
   5.7000000e+01   1.0000000e+00   1.7090360e+00   8.2499200e-01   2.5823231e+00   0.0000000e+00
   5.8000000e+01   0.0000000e+00   7.6007200e-01   8.2499200e-01   2.5823231e+00   0.0000000e+00
   5.9000000e+01   0.0000000e+00   1.2626850e+00   8.2499200e-01   2.5823231e+00   1.0000000e+00
   6.0000000e+01   0.0000000e+00   1.1268950e+00   8.2499200e-01   2.5823231e+00   0.0000000e+00
   6.1000000e+01   1.0000000e+00   8.2478800e-01   8.2499200e-01   2.5823231e+00   1.0000000e+00
   6.2000000e+01   0.0000000e+00   4.8070000e-01   8.2499200e-01   2.5823231e+00   1.0000000e+00
   6.3000000e+01   0.0000000e+00   6.9740700e-01   8.2499200e-01   2.5823231e+00   0.0000000e+00
   6.4000000e+01   0.0000000e+00   6.4845500e-01   8.2499200e-01   2.5823231e+00   0.0000000e+00
   6.5000000e+01   0.0000000e+00   1.2653880e+00   8.2499200e-01   2.5823231e+00   1.0000000e+00
   6.6000000e+01   1.0000000e+00   1.0537850e+00   8.2499200e-01   2.5823231e+00   0.0000000e+00
   6.7000000e+01   0.0000000e+00   4.9521500e-01   8.2499200e-01   2.5823231e+00   0.0000000e+00
   6.8000000e+01   1.0000000e+00   5.3022100e-01   8.2499200e-01   2.5823231e+00   1.0000000e+00
   6.9000000e+01   1.0000000e+00   5.8368700e-01   8.2499200e-01   2.5823231e+00   1.0000000e+00
   7.0000000e+01   0.0000000e+00   5.0202400e-01   8.2499200e-01   2.5823231e+00   1.0000000e+00
   7.1000000e+01   0.0000000e+00   1.3344050e+00   8.2499200e-01   2.5823231e+00   1.0000000e+00
   7.2000000e+01   1.0000000e+00   2.1370970e+00   8.2499200e-01   2.5823231e+00   0.0000000e+00
   7.3000000e+01   0.0000000e+00   1.1321840e+00   8.2499200e-01   2.5823231e+00   0.0000000e+00
   7.4000000e+01   0.0000000e+00   8.7680100e-01   8.2499200e-01   2.5823231e+00   1.0000000e+00
   7.5000000e+01   0.0000000e+00   1.1818510e+00   8.2499200e-01   2.5823231e+00   0.0000000e+00
   7.6000000e+01   1.0000000e+00   8.6447900e-01   8.2499200e-01   2.5823231e+00   0.0000000e+00
   7.7000000e+01   0.0000000e+00   1.2443560e+00   8.2499200e-01   2.5823231e+00   0.0000000e+00
   7.8000000e+01   1.0000000e+00   9.5964300e-01   8.2499200e-01   2.5823231e+00   1.0000000e+00
   7.9000000e+01   0.0000000e+00   7.4334000e-01   8.2499200e-01   2.5823231e+00   1.0000000e+00
   8.0000000e+01   0.0000000e+00   1.0492090e+00   8.2499200e-01   2.5823231e+00   1.0000000e+00
   8.1000000e+01   1.0000000e+00   1.4303730e+00   8.2499200e-01   2.5823231e+00   0.0000000e+00
   8.2000000e+01   0.0000000e+00   7.5014600e-01   8.2499200e-01   2.5823231e+00   0.0000000e+00
   8.3000000e+01   0.0000000e+00   5.7170500e-01   8.2499200e-01   2.5823231e+00   0.0000000e+00
   8.4000000e+01   1.0000000e+00   8.3560000e-01   8.2499200e-01   2.5823231e+00   1.0000000e+00
   8.5000000e+01   0.0000000e+00   4.5035700e-01   8.2499200e-01   2.5823231e+00   1.0000000e+00
   8.6000000e+01   1.0000000e+00   5.0324000e-01   8.2499200e-01   2.5823231e+00   1.0000000e+00
   8.7000000e+01   0.0000000e+00   2.6549210e+00   8.2499200e-01   2.5823231e+00   0.0000000e+00
   8.8000000e+01   0.0000000e+00   4.6681600e-01   8.2499200e-01   2.5823231e+00   1.0000000e+00
   8.9000000e+01   0.0000000e+00   6.9202900e-01   8.2499200e-01   2.5823231e+00   0.0000000e+00
   9.0000000e+01   0.0000000e+00   5.3821700e-01   8.2499200e-01   2.5823231e+00   0.0000000e+00
   9.1000000e+01   1.0000000e+00   1.2350700e+00   8.2499200e-01   2.5823231e+00   0.0000000e+00
   9.2000000e+01   0.0000000e+00   1.8986410e+00   8.2499200e-01   2.5823231e+00   1.0000000e+00
   9.3000000e+01   0.0000000e+00   1.0770060e+00   8.2499200e-01   2.5823231e+00   1.0000000e+00
   9.4000000e+01   1.0000000e+00   1.2608870e+00   8.2499200e-01   2.5823231e+00   1.0000000e+00
   9.5000000e+01   0.0000000e+00   5.3988800e-01   8.2499200e-01   2.5823231e+00   1.0000000e+00
   9.6000000e+01   1.0000000e+00   5.9798500e-01   8.2499200e-01   2.5823231e+00   0.0000000e+00
   9.7000000e+01   0.0000000e+00   8.0018900e-01   8.2499200e-01   2.5823231e+00   0.0000000e+00
   9.8000000e+01   1.0000000e+00   2.5400980e+00   8.2499200e-01   2.5823231e+00   1.0000000e+00
   9.9000000e+01   0.0000000e+00   5.1627700e-01   8.2499200e-01   2.5823231e+00   0.0000000e+00
   1.0000000e+02   0.0000000e+00   1.0746560e+00   8.2499200e-01   2.5823231e+00   1.0000000e+00
   1.0100000e+02   0.0000000e+00   4.6635300e-01   8.2499200e-01   2.5823231e+00   0.0000000e+00
   1.0200000e+02   0.0000000e+00   1.4259020e+00   8.2499200e-01   2.5823231e+00   0.0000000e+00
   1.0300000e+02   0.0000000e+00   4.3668900e-01   8.2499200e-01   2.5823231e+00   1.0000000e+00
   1.0400000e+02   1.0000000e+00   1.6567110e+00   8.2499200e-01   2.5823231e+00   0.0000000e+00
   1.0500000e+02   0.0000000e+00   5.1998000e-01   8.2499200e-01   2.5823231e+00   0.0000000e+00
   1.0600000e+02   1.0000000e+00   6.1277100e-01   8.2499200e-01   2.5823231e+00   0.0000000e+00
   1.0700000e+02   0.0000000e+00   1.0651490e+00   8.2499200e-01   2.5823231e+00   0.0000000e+00
   1.0800000e+02   0.0000000e+00   8.6804200e-01   8.2499200e-01   2.5823231e+00   1.0000000e+00
   1.0900000e+02   1.0000000e+00   1.5069980e+00   8.2499200e-01   2.5823231e+00   1.0000000e+00
   1.1000000e+02   0.0000000e+00   7.9903800e-01   8.2499200e-01   2.5823231e+00   1.0000000e+00
   1.1100000e+02   1.0000000e+00   7.1612600e-01   8.2499200e-01   2.5823231e+00   0.0000000e+00
   1.1200000e+02   0.0000000e+00   5.3569100e-01   8.2499200e-01   2.5823231e+00   0.0000000e+00
   1.1300000e+02   1.0000000e+00   4.9431100e-01   8.2499200e-01   2.5823231e+00   1.0000000e+00
   1.1400000e+02   0.0000000e+00   1.2649430e+00   8.2499200e-01   2.5823231e+00   1.0000000e+00
   1.1500000e+02   0.0000000e+00   7.8124700e-01   8.2499200e-01   2.5823231e+00   1.0000000e+00
   1.1600000e+02   1.0000000e+00   7.7748200e-01   8.2499200e-01   2.5823231e+00   1.0000000e+00
   1.1700000e+02   0.0000000e+00   1.1707820e+00   8.2499200e-01   2.5823231e+00   0.0000000e+00
   1.1800000e+02   0.0000000e+00   6.9143400e-01   8.2499200e-01   2.5823231e+00   0.0000000e+00
   1.1900000e+02   0.0000000e+00   9.3485700e-01   8.2499200e-01   2.5823231e+00   1.0000000e+00
   1.2000000e+02   0.0000000e+00   1.2247690e+00   8.2499200e-01   2.5823231e+00   1.0000000e+00
   1.2100000e+02   0.0000000e+00   1.0089960e+00   8.2499200e-01   2.5823231e+00   0.0000000e+00
   1.2200000e+02   1.0000000e+00   1.1950550e+00   8.2499200e-01   2.5823231e+00   0.0000000e+00
   1.2300000e+02   0.0000000e+00   7.5928400e-01   8.2499200e-01   2.5823231e+00   0.0000000e+00
   1.2400000e+02   1.0000000e+00   4.9018200e-01   8.2499200e-01   2.5823231e+00   1.0000000e+00
   1.2500000e+02   0.0000000e+00   1.1977380e+00   8.2499200e-01   2.5823231e+00   0.0000000e+00
   1.2600000e+02   1.0000000e+00   8.3041000e-01   8.2499200e-01   2.5823231e+00   0.0000000e+00
   1.2700000e+02   0.0000000e+00   8.2317300e-01   8.2499200e-01   2.5823231e+00   1.0000000e+00
   1.2800000e+02   0.0000000e+00   1.3744070e+00   8.2499200e-01   2.5823231e+00   1.0000000e+00
   1.2900000e+02   0.0000000e+00   1.0691870e+00   8.2499200e-01   2.5823231e+00   1.0000000e+00
   1.3000000e+02   0.0000000e+00   1.4364640e+00   8.2499200e-01   2.5823231e+00   0.0000000e+00
   1.3100000e+02   1.0000000e+00   4.4684300e-01   8.2499200e-01   2.5823231e+00   0.0000000e+00
   1.3200000e+02   0.0000000e+00   6.6457500e-01   8.2499200e-01   2.5823231e+00   1.0000000e+00
   1.3300000e+02   0.0000000e+00   1.1500190e+00   8.2499200e-01   2.5823231e+00   0.0000000e+00
   1.3400000e+02   1.0000000e+00   8.4408500e-01   8.2499200e-01   2.5823231e+00   1.0000000e+00
   1.3500000e+02   0.0000000e+00   7.9981300e-01   8.2499200e-01   2.5823231e+00   1.0000000e+00
   1.3600000e+02   0.0000000e+00   1.5836770e+00   8.2499200e-01   2.5823231e+00   0.0000000e+00
