1	0	1.375384	0.825545	2.6763418428	0
2	0	0.774230	0.825545	2.6763418428	0
3	0	1.221800	0.825545	2.6763418428	1
4	0	1.790520	0.825545	2.6763418428	0
5	1	0.585282	0.825545	2.6763418428	0
6	0	0.733308	0.825545	2.6763418428	0
7	1	0.513370	0.825545	2.6763418428	1
8	0	0.583243	0.825545	2.6763418428	0
9	0	2.103719	0.825545	2.6763418428	1
10	0	0.540954	0.825545	2.6763418428	0
11	1	1.572241	0.825545	2.6763418428	0
12	0	1.583345	0.825545	2.6763418428	1
13	1	0.836695	0.825545	2.6763418428	1
14	0	0.605043	0.825545	2.6763418428	1
15	0	1.790803	0.825545	2.6763418428	0
16	0	0.992435	0.825545	2.6763418428	1
17	1	1.128885	0.825545	2.6763418428	1
18	0	0.977281	0.825545	2.6763418428	0
19	1	0.629045	0.825545	2.6763418428	0
20	0	0.529223	0.825545	2.6763418428	0
21	0	0.605056	0.825545	2.6763418428	1
22	0	0.697944	0.825545	2.6763418428	0
23	0	1.132562	0.825545	2.6763418428	1
24	0	1.540455	0.825545	2.6763418428	0
25	0	1.116571	0.825545	2.6763418428	0
26	1	1.370933	0.825545	2.6763418428	1
27	1	0.686186	0.825545	2.6763418428	0
28	0	0.592731	0.825545	2.6763418428	1
29	0	1.231669	0.825545	2.6763418428	1
30	1	0.800100	0.825545	2.6763418428	1
31	0	1.195833	0.825545	2.6763418428	1
32	0	0.589963	0.825545	2.6763418428	1
33	1	1.115966	0.825545	2.6763418428	0
34	0	0.624351	0.825545	2.6763418428	1
35	0	3.106182	0.825545	2.6763418428	0
36	0	0.881173	0.825545	2.6763418428	1
37	0	0.638707	0.825545	2.6763418428	0
38	1	1.404674	0.825545	2.6763418428	0
39	0	1.289433	0.825545	2.6763418428	1
40	1	0.751555	0.825545	2.6763418428	1
41	0	0.609169	0.825545	2.6763418428	1
42	1	0.608534	0.825545	2.6763418428	0
43	1	2.479207	0.825545	2.6763418428	1
44	0	0.707950	0.825545	2.6763418428	1
45	0	1.045928	0.825545	2.6763418428	0
46	0	0.702361	0.825545	2.6763418428	1
47	1	0.869253	0.825545	2.6763418428	1
48	0	0.731338	0.825545	2.6763418428	0
49	0	0.624321	0.825545	2.6763418428	0
50	1	0.641090	0.825545	2.6763418428	0
51	0	0.842383	0.825545	2.6763418428	0
52	0	0.601251	0.825545	2.6763418428	0
53	1	0.718710	0.825545	2.6763418428	1
54	0	0.780183	0.825545	2.6763418428	1
55	0	0.788038	0.825545	2.6763418428	0
56	0	1.498177	0.825545	2.6763418428	1
57	0	0.537229	0.825545	2.6763418428	0
58	0	1.008284	0.825545	2.6763418428	1
59	1	1.070644	0.825545	2.6763418428	0
60	0	0.593617	0.825545	2.6763418428	1
61	0	0.640639	0.825545	2.6763418428	0
62	0	0.506189	0.825545	2.6763418428	1
63	0	0.762035	0.825545	2.6763418428	0
64	0	0.870040	0.825545	2.6763418428	0
65	0	0.670253	0.825545	2.6763418428	1
66	1	0.970020	0.825545	2.6763418428	0
67	0	0.770022	0.825545	2.6763418428	1
68	0	1.339026	0.825545	2.6763418428	1
69	0	1.408337	0.825545	2.6763418428	0
70	1	0.564943	0.825545	2.6763418428	1
71	0	0.722017	0.825545	2.6763418428	0
72	1	2.001235	0.825545	2.6763418428	1
73	0	0.624144	0.825545	2.6763418428	0
74	0	1.239707	0.825545	2.6763418428	1
75	1	1.053300	0.825545	2.6763418428	0
76	0	1.090439	0.825545	2.6763418428	0
77	1	1.029004	0.825545	2.6763418428	1
78	0	0.617120	0.825545	2.6763418428	0
79	1	1.384709	0.825545	2.6763418428	0
80	0	1.957567	0.825545	2.6763418428	1
81	0	2.185176	0.825545	2.6763418428	0
82	1	0.589880	0.825545	2.6763418428	0
83	0	1.195341	0.825545	2.6763418428	1
84	0	0.781598	0.825545	2.6763418428	0
85	0	0.897911	0.825545	2.6763418428	1
86	0	0.663070	0.825545	2.6763418428	0
87	0	0.528102	0.825545	2.6763418428	0
88	1	1.486801	0.825545	2.6763418428	1
89	0	0.636487	0.825545	2.6763418428	0
90	1	0.557286	0.825545	2.6763418428	0
91	0	0.728642	0.825545	2.6763418428	1
92	1	0.625151	0.825545	2.6763418428	1
93	0	1.272025	0.825545	2.6763418428	0
94	0	1.162712	0.825545	2.6763418428	1
95	0	2.681595	0.825545	2.6763418428	1
96	1	1.937398	0.825545	2.6763418428	0
97	0	1.740213	0.825545	2.6763418428	1
98	0	0.651218	0.825545	2.6763418428	0
99	1	0.603186	0.825545	2.6763418428	1
100	0	0.719966	0.825545	2.6763418428	1
101	1	0.581745	0.825545	2.6763418428	1
102	0	1.049693	0.825545	2.6763418428	1
103	1	1.623061	0.825545	2.6763418428	0
104	0	1.055650	0.825545	2.6763418428	0
105	0	0.727396	0.825545	2.6763418428	0
106	0	0.739287	0.825545	2.6763418428	1
107	1	0.933011	0.825545	2.6763418428	1
108	0	0.655939	0.825545	2.6763418428	0
109	0	0.534947	0.825545	2.6763418428	1
110	0	0.727259	0.825545	2.6763418428	1
111	0	1.294284	0.825545	2.6763418428	1
112	1	0.527647	0.825545	2.6763418428	0
113	0	1.699123	0.825545	2.6763418428	1
114	0	0.994892	0.825545	2.6763418428	1
115	0	0.894437	0.825545	2.6763418428	1
116	0	0.531074	0.825545	2.6763418428	1
117	1	0.967585	0.825545	2.6763418428	0
118	0	0.792126	0.825545	2.6763418428	0
119	0	0.820358	0.825545	2.6763418428	0
120	0	0.555698	0.825545	2.6763418428	1
121	1	2.713203	0.825545	2.6763418428	1
122	0	0.523805	0.825545	2.6763418428	1
123	0	0.721374	0.825545	2.6763418428	1
124	0	1.890236	0.825545	2.6763418428	0
125	1	1.517951	0.825545	2.6763418428	0
126	0	0.874936	0.825545	2.6763418428	1
127	0	0.923436	0.825545	2.6763418428	0
128	0	0.528157	0.825545	2.6763418428	0
129	0	1.074709	0.825545	2.6763418428	1
130	0	0.626866	0.825545	2.6763418428	0
131	1	0.503158	0.825545	2.6763418428	1
132	0	1.456351	0.825545	2.6763418428	0
133	0	0.859798	0.825545	2.6763418428	0
134	1	0.686230	0.825545	2.6763418428	1
135	1	0.646513	0.825545	2.6763418428	0
136	0	1.187054	0.825545	2.6763418428	0
