1	0	2.161019	0.821616	2.8535207126	1
2	0	0.599500	0.821616	2.8535207126	0
3	1	0.568986	0.821616	2.8535207126	1
4	0	0.817081	0.821616	2.8535207126	0
5	0	2.709634	0.821616	2.8535207126	1
6	1	0.522159	0.821616	2.8535207126	0
7	0	0.945331	0.821616	2.8535207126	1
8	0	1.150339	0.821616	2.8535207126	0
9	1	1.162416	0.821616	2.8535207126	1
10	0	0.593159	0.821616	2.8535207126	1
11	0	1.232084	0.821616	2.8535207126	1
12	1	0.638335	0.821616	2.8535207126	0
13	0	0.565409	0.821616	2.8535207126	1
14	0	1.628514	0.821616	2.8535207126	0
15	0	1.058397	0.821616	2.8535207126	1
16	0	0.560006	0.821616	2.8535207126	1
17	1	0.593080	0.821616	2.8535207126	0
18	0	0.776084	0.821616	2.8535207126	0
19	1	0.646044	0.821616	2.8535207126	1
20	0	0.864116	0.821616	2.8535207126	0
21	0	0.745970	0.821616	2.8535207126	0
22	0	0.603903	0.821616	2.8535207126	1
23	0	0.973946	0.821616	2.8535207126	0
24	1	1.639051	0.821616	2.8535207126	0
25	0	0.646405	0.821616	2.8535207126	0
26	0	0.614958	0.821616	2.8535207126	1
27	0	3.174055	0.821616	2.8535207126	0
28	1	0.884586	0.821616	2.8535207126	1
29	0	0.907872	0.821616	2.8535207126	0
30	1	1.394407	0.821616	2.8535207126	0
31	0	1.720558	0.821616	2.8535207126	1
32	1	2.017339	0.821616	2.8535207126	1
33	0	1.484009	0.821616	2.8535207126	0
34	0	0.709672	0.821616	2.8535207126	1
35	0	1.004869	0.821616	2.8535207126	0
36	1	0.954015	0.821616	2.8535207126	1
37	0	1.460915	0.821616	2.8535207126	0
38	1	0.604454	0.821616	2.8535207126	0
39	0	1.785822	0.821616	2.8535207126	1
40	1	0.603432	0.821616	2.8535207126	1
41	0	0.796219	0.821616	2.8535207126	1
42	1	0.731851	0.821616	2.8535207126	0
43	1	0.536127	0.821616	2.8535207126	0
44	0	0.825336	0.821616	2.8535207126	1
45	0	0.506559	0.821616	2.8535207126	0
46	0	1.022035	0.821616	2.8535207126	0
47	0	1.055596	0.821616	2.8535207126	1
48	0	0.724973	0.821616	2.8535207126	0
49	0	0.570669	0.821616	2.8535207126	1
50	0	0.616532	0.821616	2.8535207126	1
51	0	0.832135	0.821616	2.8535207126	1
52	1	0.621628	0.821616	2.8535207126	1
53	0	0.821104	0.821616	2.8535207126	0
54	0	0.638265	0.821616	2.8535207126	0
55	0	0.513243	0.821616	2.8535207126	1
56	0	0.691635	0.821616	2.8535207126	0
57	1	0.678586	0.821616	2.8535207126	0
58	1	0.835242	0.821616	2.8535207126	1
59	0	1.467078	0.821616	2.8535207126	1
60	0	0.612531	0.821616	2.8535207126	1
61	0	2.563413	0.821616	2.8535207126	0
62	1	1.221250	0.821616	2.8535207126	1
63	0	0.611979	0.821616	2.8535207126	1
64	0	0.512499	0.821616	2.8535207126	0
65	0	1.610007	0.821616	2.8535207126	0
66	0	0.853730	0.821616	2.8535207126	1
67	1	0.617483	0.821616	2.8535207126	0
68	0	0.626254	0.821616	2.8535207126	0
69	0	0.968469	0.821616	2.8535207126	1
70	1	0.790741	0.821616	2.8535207126	0
71	0	0.960626	0.821616	2.8535207126	0
72	1	1.382084	0.821616	2.8535207126	1
73	0	0.748611	0.821616	2.8535207126	0
74	1	1.085014	0.821616	2.8535207126	0
75	0	0.753622	0.821616	2.8535207126	0
76	0	0.928148	0.821616	2.8535207126	1
77	0	0.802356	0.821616	2.8535207126	0
78	1	1.595990	0.821616	2.8535207126	1
79	0	0.515700	0.821616	2.8535207126	0
80	0	1.852927	0.821616	2.8535207126	1
81	0	0.537734	0.821616	2.8535207126	1
82	0	0.824090	0.821616	2.8535207126	1
83	1	0.550944	0.821616	2.8535207126	1
84	0	1.212128	0.821616	2.8535207126	0
85	0	0.856653	0.821616	2.8535207126	0
86	0	1.019217	0.821616	2.8535207126	1
87	0	1.906184	0.821616	2.8535207126	0
88	0	1.650018	0.821616	2.8535207126	1
89	0	0.951007	0.821616	2.8535207126	1
90	0	1.426433	0.821616	2.8535207126	1
91	0	0.575093	0.821616	2.8535207126	1
92	1	1.189057	0.821616	2.8535207126	0
93	0	0.690904	0.821616	2.8535207126	0
94	1	0.665309	0.821616	2.8535207126	1
95	0	0.853821	0.821616	2.8535207126	0
96	0	1.365732	0.821616	2.8535207126	0
97	0	0.553862	0.821616	2.8535207126	1
98	1	0.665564	0.821616	2.8535207126	0
99	0	0.725042	0.821616	2.8535207126	1
100	1	0.543125	0.821616	2.8535207126	1
101	1	1.750838	0.821616	2.8535207126	0
102	0	0.741692	0.821616	2.8535207126	0
103	0	1.943891	0.821616	2.8535207126	1
104	0	0.606790	0.821616	2.8535207126	0
105	0	1.065402	0.821616	2.8535207126	1
106	0	0.705159	0.821616	2.8535207126	0
107	1	0.771498	0.821616	2.8535207126	0
108	0	1.214412	0.821616	2.8535207126	1
109	1	0.566012	0.821616	2.8535207126	1
110	0	1.161046	0.821616	2.8535207126	1
111	0	0.765281	0.821616	2.8535207126	1
112	0	0.738018	0.821616	2.8535207126	0
113	0	0.710261	0.821616	2.8535207126	0
114	0	1.045923	0.821616	2.8535207126	0
115	1	0.858834	0.821616	2.8535207126	0
116	0	0.583484	0.821616	2.8535207126	1
117	0	0.800317	0.821616	2.8535207126	1
118	1	0.782572	0.821616	2.8535207126	1
119	0	1.949417	0.821616	2.8535207126	1
120	1	0.938106	0.821616	2.8535207126	1
121	0	0.838383	0.821616	2.8535207126	1
122	0	1.116873	0.821616	2.8535207126	0
123	1	2.546052	0.821616	2.8535207126	0
124	0	0.586070	0.821616	2.8535207126	0
125	1	0.595634	0.821616	2.8535207126	1
126	0	1.273207	0.821616	2.8535207126	0
127	0	1.603287	0.821616	2.8535207126	0
128	0	1.646296	0.821616	2.8535207126	0
129	0	0.663389	0.821616	2.8535207126	1
130	0	1.132983	0.821616	2.8535207126	0
131	0	2.354657	0.821616	2.8535207126	0
132	0	0.647275	0.821616	2.8535207126	1
133	1	0.585745	0.821616	2.8535207126	0
134	0	0.658133	0.821616	2.8535207126	1
135	1	0.796813	0.821616	2.8535207126	0
136	1	0.674150	0.821616	2.8535207126	1
