   1.0000000e+00   0.0000000e+00   5.2800000e-01   8.2295600e-01   3.3142251e+00   0.0000000e+00
   2.0000000e+00   0.0000000e+00   5.1142200e-01   8.2295600e-01   3.3142251e+00   0.0000000e+00
   3.0000000e+00   1.0000000e+00   4.4823900e-01   8.2295600e-01   3.3142251e+00   1.0000000e+00
   4.0000000e+00   0.0000000e+00   5.7732500e-01   8.2295600e-01   3.3142251e+00   1.0000000e+00
   5.0000000e+00   0.0000000e+00   1.1595310e+00   8.2295600e-01   3.3142251e+00   1.0000000e+00
   6.0000000e+00   0.0000000e+00   7.0155600e-01   8.2295600e-01   3.3142251e+00   1.0000000e+00
   7.0000000e+00   0.0000000e+00   8.8590300e-01   8.2295600e-01   3.3142251e+00   0.0000000e+00
   8.0000000e+00   1.0000000e+00   3.1677030e+00   8.2295600e-01   3.3142251e+00   0.0000000e+00
   9.0000000e+00   0.0000000e+00   5.5611100e-01   8.2295600e-01   3.3142251e+00   0.0000000e+00
   1.0000000e+01   0.0000000e+00   5.7337200e-01   8.2295600e-01   3.3142251e+00   1.0000000e+00
   1.1000000e+01   1.0000000e+00   8.8811800e-01   8.2295600e-01   3.3142251e+00   1.0000000e+00
   1.2000000e+01   0.0000000e+00   4.7018800e-01   8.2295600e-01   3.3142251e+00   0.0000000e+00
   1.3000000e+01   1.0000000e+00   5.1514200e-01   8.2295600e-01   3.3142251e+00   0.0000000e+00
   1.4000000e+01   0.0000000e+00   1.3785100e+00   8.2295600e-01   3.3142251e+00   0.0000000e+00
   1.5000000e+01   1.0000000e+00   6.9187200e-01   8.2295600e-01   3.3142251e+00   0.0000000e+00
   1.6000000e+01   0.0000000e+00   7.7801400e-01   8.2295600e-01   3.3142251e+00   0.0000000e+00
   1.7000000e+01   1.0000000e+00   1.3590620e+00   8.2295600e-01   3.3142251e+00   1.0000000e+00
   1.8000000e+01   0.0000000e+00   8.6629900e-01   8.2295600e-01   3.3142251e+00   0.0000000e+00
   1.9000000e+01   0.0000000e+00   1.4905850e+00   8.2295600e-01   3.3142251e+00   0.0000000e+00
   2.0000000e+01   0.0000000e+00   5.8240800e-01   8.2295600e-01   3.3142251e+00   1.0000000e+00
   2.1000000e+01   0.0000000e+00   9.5048800e-01   8.2295600e-01   3.3142251e+00   0.0000000e+00
   2.2000000e+01   1.0000000e+00   4.5219700e-01   8.2295600e-01   3.3142251e+00   0.0000000e+00
   2.3000000e+01   0.0000000e+00   8.5622100e-01   8.2295600e-01   3.3142251e+00   0.0000000e+00
   2.4000000e+01   1.0000000e+00   4.8662100e-01   8.2295600e-01   3.3142251e+00   1.0000000e+00
   2.5000000e+01   0.0000000e+00   5.3699500e-01   8.2295600e-01   3.3142251e+00   1.0000000e+00
   2.6000000e+01   0.0000000e+00   6.1960300e-01   8.2295600e-01   3.3142251e+00   1.0000000e+00
   2.7000000e+01   0.0000000e+00   5.3339600e-01   8.2295600e-01   3.3142251e+00   1.0000000e+00
   2.8000000e+01   0.0000000e+00   6.5010300e-01   8.2295600e-01   3.3142251e+00   1.0000000e+00
   2.9000000e+01   1.0000000e+00   1.8920490e+00   8.2295600e-01   3.3142251e+00   0.0000000e+00
   3.0000000e+01   0.0000000e+00   6.9051100e-01   8.2295600e-01   3.3142251e+00   1.0000000e+00
   3.1000000e+01   1.0000000e+00   7.5029300e-01   8.2295600e-01   3.3142251e+00   1.0000000e+00
   3.2000000e+01   0.0000000e+00   7.9226700e-01   8.2295600e-01   3.3142251e+00   0.0000000e+00
   3.3000000e+01   0.0000000e+00   9.9867900e-01   8.2295600e-01   3.3142251e+00   1.0000000e+00
   3.4000000e+01   0.0000000e+00   2.4656320e+00   8.2295600e-01   3.3142251e+00   1.0000000e+00
   3.5000000e+01   0.0000000e+00   4.7707700e-01   8.2295600e-01   3.3142251e+00   0.0000000e+00
   3.6000000e+01   0.0000000e+00   6.4739400e-01   8.2295600e-01   3.3142251e+00   1.0000000e+00
   3.7000000e+01   1.0000000e+00   6.6712000e-01   8.2295600e-01   3.3142251e+00   1.0000000e+00
   3.8000000e+01   0.0000000e+00   1.2339930e+00   8.2295600e-01   3.3142251e+00   1.0000000e+00
   3.9000000e+01   0.0000000e+00   8.1215900e-01   8.2295600e-01   3.3142251e+00   0.0000000e+00
   4.0000000e+01   0.0000000e+00   7.7041600e-01   8.2295600e-01   3.3142251e+00   1.0000000e+00
   4.1000000e+01   0.0000000e+00   7.9699900e-01   8.2295600e-01   3.3142251e+00   1.0000000e+00
   4.2000000e+01   0.0000000e+00   6.8619000e-01   8.2295600e-01   3.3142251e+00   0.0000000e+00
   4.3000000e+01   1.0000000e+00   7.0385500e-01   8.2295600e-01   3.3142251e+00   0.0000000e+00
   4.4000000e+01   1.0000000e+00   4.4111400e-01   8.2295600e-01   3.3142251e+00   1.0000000e+00
   4.5000000e+01   0.0000000e+00   8.9008200e-01   8.2295600e-01   3.3142251e+00   1.0000000e+00
   4.6000000e+01   0.0000000e+00   1.2862990e+00   8.2295600e-01   3.3142251e+00   1.0000000e+00
   4.7000000e+01   1.0000000e+00   1.1432300e+00   8.2295600e-01   3.3142251e+00   0.0000000e+00
   4.8000000e+01   0.0000000e+00   1.0686360e+00   8.2295600e-01   3.3142251e+00   1.0000000e+00
   4.9000000e+01   1.0000000e+00   9.8499900e-01   8.2295600e-01   3.3142251e+00   0.0000000e+00
   5.0000000e+01   0.0000000e+00   1.0011240e+00   8.2295600e-01   3.3142251e+00   0.0000000e+00
   5.1000000e+01   0.0000000e+00   2.4624330e+00   8.2295600e-01   3.3142251e+00   1.0000000e+00
   5.2000000e+01   1.0000000e+00   1.5046900e+00   8.2295600e-01   3.3142251e+00   1.0000000e+00
   5.3000000e+01   0.0000000e+00   1.1408050e+00   8.2295600e-01   3.3142251e+00   0.0000000e+00
   5.4000000e+01   1.0000000e+00   7.2804900e-01   8.2295600e-01   3.3142251e+00   0.0000000e+00
   5.5000000e+01   0.0000000e+00   9.0634200e-01   8.2295600e-01   3.3142251e+00   1.0000000e+00
   5.6000000e+01   1.0000000e+00   1.4919020e+00   8.2295600e-01   3.3142251e+00   1.0000000e+00
   5.7000000e+01   0.0000000e+00   6.9585200e-01   8.2295600e-01   3.3142251e+00   0.0000000e+00
   5.8000000e+01   0.0000000e+00   5.5844700e-01   8.2295600e-01   3.3142251e+00   0.0000000e+00
   5.9000000e+01   0.0000000e+00   4.3559300e-01   8.2295600e-01   3.3142251e+00   0.0000000e+00
   6.0000000e+01   1.0000000e+00   8.2411800e-01   8.2295600e-01   3.3142251e+00   1.0000000e+00
   6.1000000e+01   0.0000000e+00   1.4870590e+00   8.2295600e-01   3.3142251e+00   1.0000000e+00
   6.2000000e+01   0.0000000e+00   2.2687200e+00   8.2295600e-01   3.3142251e+00   0.0000000e+00
   6.3000000e+01   0.0000000e+00   4.8417800e-01   8.2295600e-01   3.3142251e+00   0.0000000e+00
   6.4000000e+01   0.0000000e+00   1.5063270e+00   8.2295600e-01   3.3142251e+00   1.0000000e+00
   6.5000000e+01   0.0000000e+00   4.4444100e-01   8.2295600e-01   3.3142251e+00   0.0000000e+00
   6.6000000e+01   0.0000000e+00   6.7995100e-01   8.2295600e-01   3.3142251e+00   1.0000000e+00
   6.7000000e+01   1.0000000e+00   1.9904160e+00   8.2295600e-01   3.3142251e+00   0.0000000e+00
   6.8000000e+01   1.0000000e+00   8.0330000e-01   8.2295600e-01   3.3142251e+00   0.0000000e+00
   6.9000000e+01   0.0000000e+00   6.0232900e-01   8.2295600e-01   3.3142251e+00   0.0000000e+00
   7.0000000e+01   0.0000000e+00   1.1683940e+00   8.2295600e-01   3.3142251e+00   1.0000000e+00
   7.1000000e+01   1.0000000e+00   1.1720410e+00   8.2295600e-01   3.3142251e+00   1.0000000e+00
   7.2000000e+01   0.0000000e+00   6.1332500e-01   8.2295600e-01   3.3142251e+00   1.0000000e+00
   7.3000000e+01   0.0000000e+00   1.0455700e+00   8.2295600e-01   3.3142251e+00   0.0000000e+00
   7.4000000e+01   0.0000000e+00   1.6339670e+00   8.2295600e-01   3.3142251e+00   0.0000000e+00
   7.5000000e+01   0.0000000e+00   1.3493450e+00   8.2295600e-01   3.3142251e+00   1.0000000e+00
   7.6000000e+01   0.0000000e+00   6.6960500e-01   8.2295600e-01   3.3142251e+00   0.0000000e+00
   7.7000000e+01   1.0000000e+00   5.9162800e-01   8.2295600e-01   3.3142251e+00   0.0000000e+00
   7.8000000e+01   1.0000000e+00   5.8678500e-01   8.2295600e-01   3.3142251e+00   1.0000000e+00
   7.9000000e+01   0.0000000e+00   5.3343700e-01   8.2295600e-01   3.3142251e+00   0.0000000e+00
   8.0000000e+01   0.0000000e+00   2.7544230e+00   8.2295600e-01   3.3142251e+00   0.0000000e+00
   8.1000000e+01   0.0000000e+00   5.7552500e-01   8.2295600e-01   3.3142251e+00   1.0000000e+00
   8.2000000e+01   1.0000000e+00   2.1461860e+00   8.2295600e-01   3.3142251e+00   1.0000000e+00
   8.3000000e+01   0.0000000e+00   9.9381800e-01   8.2295600e-01   3.3142251e+00   1.0000000e+00
   8.4000000e+01   0.0000000e+00   5.8844500e-01   8.2295600e-01   3.3142251e+00   0.0000000e+00
   8.5000000e+01   0.0000000e+00   7.6005200e-01   8.2295600e-01   3.3142251e+00   1.0000000e+00
   8.6000000e+01   0.0000000e+00   6.7448800e-01   8.2295600e-01   3.3142251e+00   1.0000000e+00
   8.7000000e+01   1.0000000e+00   7.3870100e-01   8.2295600e-01   3.3142251e+00   0.0000000e+00
   8.8000000e+01   0.0000000e+00   6.9464400e-01   8.2295600e-01   3.3142251e+00   1.0000000e+00
   8.9000000e+01   0.0000000e+00   1.4084890e+00   8.2295600e-01   3.3142251e+00   1.0000000e+00
   9.0000000e+01   0.0000000e+00   9.0889000e-01   8.2295600e-01   3.3142251e+00   0.0000000e+00
   9.1000000e+01   0.0000000e+00   5.0381400e-01   8.2295600e-01   3.3142251e+00   0.0000000e+00
   9.2000000e+01   1.0000000e+00   7.2617100e-01   8.2295600e-01   3.3142251e+00   1.0000000e+00
   9.3000000e+01   0.0000000e+00   7.3203900e-01   8.2295600e-01   3.3142251e+00   0.0000000e+00
   9.4000000e+01   1.0000000e+00   7.5844900e-01   8.2295600e-01   3.3142251e+00   0.0000000e+00
   9.5000000e+01   0.0000000e+00   5.6100100e-01   8.2295600e-01   3.3142251e+00   0.0000000e+00
   9.6000000e+01   1.0000000e+00   7.5406100e-01   8.2295600e-01   3.3142251e+00   1.0000000e+00
   9.7000000e+01   0.0000000e+00   4.9964700e-01   8.2295600e-01   3.3142251e+00   1.0000000e+00
   9.8000000e+01   0.0000000e+00   5.9061700e-01   8.2295600e-01   3.3142251e+00   1.0000000e+00
   9.9000000e+01   0.0000000e+00   2.6912500e+00   8.2295600e-01   3.3142251e+00   1.0000000e+00
   1.0000000e+02   1.0000000e+00   1.1309430e+00   8.2295600e-01   3.3142251e+00   0.0000000e+00
   1.0100000e+02   0.0000000e+00   1.1904640e+00   8.2295600e-01   3.3142251e+00   0.0000000e+00
   1.0200000e+02   0.0000000e+00   1.5177990e+00   8.2295600e-01   3.3142251e+00   0.0000000e+00
   1.0300000e+02   0.0000000e+00   9.5422200e-01   8.2295600e-01   3.3142251e+00   1.0000000e+00
   1.0400000e+02   0.0000000e+00   1.5051520e+00   8.2295600e-01   3.3142251e+00   1.0000000e+00
   1.0500000e+02   0.0000000e+00   4.5713700e-01   8.2295600e-01   3.3142251e+00   1.0000000e+00
   1.0600000e+02   1.0000000e+00   5.0598300e-01   8.2295600e-01   3.3142251e+00   0.0000000e+00
   1.0700000e+02   0.0000000e+00   8.8891100e-01   8.2295600e-01   3.3142251e+00   0.0000000e+00
   1.0800000e+02   0.0000000e+00   4.9882100e-01   8.2295600e-01   3.3142251e+00   1.0000000e+00
   1.0900000e+02   0.0000000e+00   6.7739600e-01   8.2295600e-01   3.3142251e+00   1.0000000e+00
   1.1000000e+02   0.0000000e+00   4.7010000e-01   8.2295600e-01   3.3142251e+00   0.0000000e+00
   1.1100000e+02   1.0000000e+00   1.7822610e+00   8.2295600e-01   3.3142251e+00   1.0000000e+00
   1.1200000e+02   0.0000000e+00   1.1093180e+00   8.2295600e-01   3.3142251e+00   1.0000000e+00
   1.1300000e+02   1.0000000e+00   5.8191500e-01   8.2295600e-01   3.3142251e+00   0.0000000e+00
   1.1400000e+02   0.0000000e+00   8.7810500e-01   8.2295600e-01   3.3142251e+00   0.0000000e+00
   1.1500000e+02   0.0000000e+00   9.9254500e-01   8.2295600e-01   3.3142251e+00   1.0000000e+00
   1.1600000e+02   1.0000000e+00   1.6578340e+00   8.2295600e-01   3.3142251e+00   1.0000000e+00
   1.1700000e+02   0.0000000e+00   1.6513400e+00   8.2295600e-01   3.3142251e+00   0.0000000e+00
   1.1800000e+02   0.0000000e+00   6.6294500e-01   8.2295600e-01   3.3142251e+00   1.0000000e+00
   1.1900000e+02   0.0000000e+00   1.1920930e+00   8.2295600e-01   3.3142251e+00   0.0000000e+00
   1.2000000e+02   1.0000000e+00   5.8195200e-01   8.2295600e-01   3.3142251e+00   1.0000000e+00
   1.2100000e+02   0.0000000e+00   6.1669000e-01   8.2295600e-01   3.3142251e+00   1.0000000e+00
   1.2200000e+02   1.0000000e+00   1.1454380e+00   8.2295600e-01   3.3142251e+00   0.0000000e+00
   1.2300000e+02   0.0000000e+00   4.4091200e-01   8.2295600e-01   3.3142251e+00   0.0000000e+00
   1.2400000e+02   1.0000000e+00   1.0478150e+00   8.2295600e-01   3.3142251e+00   1.0000000e+00
   1.2500000e+02   0.0000000e+00   5.2494000e-01   8.2295600e-01   3.3142251e+00   0.0000000e+00
   1.2600000e+02   0.0000000e+00   6.4902600e-01   8.2295600e-01   3.3142251e+00   1.0000000e+00
   1.2700000e+02   0.0000000e+00   6.2291900e-01   8.2295600e-01   3.3142251e+00   0.0000000e+00
   1.2800000e+02   0.0000000e+00   6.6650800e-01   8.2295600e-01   3.3142251e+00   0.0000000e+00
   1.2900000e+02   0.0000000e+00   8.8479000e-01   8.2295600e-01   3.3142251e+00   1.0000000e+00
   1.3000000e+02   0.0000000e+00   8.2336500e-01   8.2295600e-01   3.3142251e+00   0.0000000e+00
   1.3100000e+02   0.0000000e+00   1.2592280e+00   8.2295600e-01   3.3142251e+00   0.0000000e+00
   1.3200000e+02   0.0000000e+00   4.4901900e-01   8.2295600e-01   3.3142251e+00   1.0000000e+00
   1.3300000e+02   1.0000000e+00   7.5372500e-01   8.2295600e-01   3.3142251e+00   0.0000000e+00
   1.3400000e+02   0.0000000e+00   4.8379100e-01   8.2295600e-01   3.3142251e+00   0.0000000e+00
   1.3500000e+02   1.0000000e+00   5.6124100e-01   8.2295600e-01   3.3142251e+00   0.0000000e+00
   1.3600000e+02   1.0000000e+00   4.8849600e-01   8.2295600e-01   3.3142251e+00   1.0000000e+00
