   1.0000000e+00   0.0000000e+00   4.5962100e-01   8.2849000e-01   2.9673675e+00   0.0000000e+00
   2.0000000e+00   0.0000000e+00   7.0312800e-01   8.2849000e-01   2.9673675e+00   0.0000000e+00
   3.0000000e+00   1.0000000e+00   1.2986840e+00   8.2849000e-01   2.9673675e+00   0.0000000e+00
   4.0000000e+00   0.0000000e+00   1.2858570e+00   8.2849000e-01   2.9673675e+00   1.0000000e+00
   5.0000000e+00   0.0000000e+00   5.2278700e-01   8.2849000e-01   2.9673675e+00   1.0000000e+00
   6.0000000e+00   0.0000000e+00   5.4111300e-01   8.2849000e-01   2.9673675e+00   1.0000000e+00
   7.0000000e+00   1.0000000e+00   1.5842620e+00   8.2849000e-01   2.9673675e+00   1.0000000e+00
   8.0000000e+00   0.0000000e+00   9.2267700e-01   8.2849000e-01   2.9673675e+00   1.0000000e+00
   9.0000000e+00   1.0000000e+00   1.1291190e+00   8.2849000e-01   2.9673675e+00   0.0000000e+00
   1.0000000e+01   1.0000000e+00   8.6878700e-01   8.2849000e-01   2.9673675e+00   1.0000000e+00
   1.1000000e+01   0.0000000e+00   4.7374700e-01   8.2849000e-01   2.9673675e+00   0.0000000e+00
   1.2000000e+01   0.0000000e+00   5.7166500e-01   8.2849000e-01   2.9673675e+00   0.0000000e+00
   1.3000000e+01   1.0000000e+00   5.2265200e-01   8.2849000e-01   2.9673675e+00   1.0000000e+00
   1.4000000e+01   0.0000000e+00   2.2512750e+00   8.2849000e-01   2.9673675e+00   1.0000000e+00
   1.5000000e+01   0.0000000e+00   1.4030340e+00   8.2849000e-01   2.9673675e+00   1.0000000e+00
   1.6000000e+01   0.0000000e+00   8.4219400e-01   8.2849000e-01   2.9673675e+00   1.0000000e+00
   1.7000000e+01   1.0000000e+00   2.4000390e+00   8.2849000e-01   2.9673675e+00   0.0000000e+00
   1.8000000e+01   0.0000000e+00   1.7195540e+00   8.2849000e-01   2.9673675e+00   1.0000000e+00
   1.9000000e+01   0.0000000e+00   1.1179300e+00   8.2849000e-01   2.9673675e+00   0.0000000e+00
   2.0000000e+01   0.0000000e+00   8.0245800e-01   8.2849000e-01   2.9673675e+00   0.0000000e+00
   2.1000000e+01   1.0000000e+00   6.9041200e-01   8.2849000e-01   2.9673675e+00   1.0000000e+00
   2.2000000e+01   0.0000000e+00   1.1805100e+00   8.2849000e-01   2.9673675e+00   1.0000000e+00
   2.3000000e+01   1.0000000e+00   2.1621580e+00   8.2849000e-01   2.9673675e+00   0.0000000e+00
   2.4000000e+01   0.0000000e+00   4.5615200e-01   8.2849000e-01   2.9673675e+00   1.0000000e+00
   2.5000000e+01   0.0000000e+00   8.0388800e-01   8.2849000e-01   2.9673675e+00   1.0000000e+00
   2.6000000e+01   1.0000000e+00   4.5076700e-01   8.2849000e-01   2.9673675e+00   1.0000000e+00
   2.7000000e+01   0.0000000e+00   1.5963950e+00   8.2849000e-01   2.9673675e+00   0.0000000e+00
   2.8000000e+01   0.0000000e+00   9.0691000e-01   8.2849000e-01   2.9673675e+00   0.0000000e+00
   2.9000000e+01   1.0000000e+00   3.7635270e+00   8.2849000e-01   2.9673675e+00   0.0000000e+00
   3.0000000e+01   0.0000000e+00   1.6125430e+00   8.2849000e-01   2.9673675e+00   0.0000000e+00
   3.1000000e+01   0.0000000e+00   5.9012300e-01   8.2849000e-01   2.9673675e+00   1.0000000e+00
   3.2000000e+01   0.0000000e+00   6.1816300e-01   8.2849000e-01   2.9673675e+00   0.0000000e+00
   3.3000000e+01   0.0000000e+00   6.2287700e-01   8.2849000e-01   2.9673675e+00   0.0000000e+00
   3.4000000e+01   1.0000000e+00   7.7667000e-01   8.2849000e-01   2.9673675e+00   0.0000000e+00
   3.5000000e+01   0.0000000e+00   4.5811400e-01   8.2849000e-01   2.9673675e+00   1.0000000e+00
   3.6000000e+01   1.0000000e+00   1.9807260e+00   8.2849000e-01   2.9673675e+00   1.0000000e+00
   3.7000000e+01   0.0000000e+00   8.0435600e-01   8.2849000e-01   2.9673675e+00   1.0000000e+00
   3.8000000e+01   0.0000000e+00   2.2118470e+00   8.2849000e-01   2.9673675e+00   0.0000000e+00
   3.9000000e+01   0.0000000e+00   9.1588100e-01   8.2849000e-01   2.9673675e+00   1.0000000e+00
   4.0000000e+01   0.0000000e+00   4.8945000e-01   8.2849000e-01   2.9673675e+00   1.0000000e+00
   4.1000000e+01   1.0000000e+00   8.8763400e-01   8.2849000e-01   2.9673675e+00   0.0000000e+00
   4.2000000e+01   0.0000000e+00   7.2453000e-01   8.2849000e-01   2.9673675e+00   0.0000000e+00
   4.3000000e+01   0.0000000e+00   5.3827000e-01   8.2849000e-01   2.9673675e+00   1.0000000e+00
   4.4000000e+01   0.0000000e+00   1.4877190e+00   8.2849000e-01   2.9673675e+00   0.0000000e+00
   4.5000000e+01   1.0000000e+00   1.0483360e+00   8.2849000e-01   2.9673675e+00   1.0000000e+00
   4.6000000e+01   0.0000000e+00   1.1789650e+00   8.2849000e-01   2.9673675e+00   0.0000000e+00
   4.7000000e+01   0.0000000e+00   5.0141200e-01   8.2849000e-01   2.9673675e+00   0.0000000e+00
   4.8000000e+01   0.0000000e+00   1.0968350e+00   8.2849000e-01   2.9673675e+00   1.0000000e+00
   4.9000000e+01   1.0000000e+00   5.0099600e-01   8.2849000e-01   2.9673675e+00   1.0000000e+00
   5.0000000e+01   0.0000000e+00   5.1527500e-01   8.2849000e-01   2.9673675e+00   0.0000000e+00
   5.1000000e+01   1.0000000e+00   4.9601800e-01   8.2849000e-01   2.9673675e+00   0.0000000e+00
   5.2000000e+01   0.0000000e+00   4.8199300e-01   8.2849000e-01   2.9673675e+00   1.0000000e+00
   5.3000000e+01   0.0000000e+00   1.4648910e+00   8.2849000e-01   2.9673675e+00   0.0000000e+00
   5.4000000e+01   0.0000000e+00   9.8042400e-01   8.2849000e-01   2.9673675e+00   1.0000000e+00
   5.5000000e+01   0.0000000e+00   4.3889100e-01   8.2849000e-01   2.9673675e+00   1.0000000e+00
   5.6000000e+01   0.0000000e+00   2.2858830e+00   8.2849000e-01   2.9673675e+00   1.0000000e+00
   5.7000000e+01   1.0000000e+00   6.2433100e-01   8.2849000e-01   2.9673675e+00   1.0000000e+00
   5.8000000e+01   1.0000000e+00   6.2929800e-01   8.2849000e-01   2.9673675e+00   0.0000000e+00
   5.9000000e+01   0.0000000e+00   5.4027000e-01   8.2849000e-01   2.9673675e+00   0.0000000e+00
   6.0000000e+01   0.0000000e+00   8.4720500e-01   8.2849000e-01   2.9673675e+00   0.0000000e+00
   6.1000000e+01   1.0000000e+00   6.7663200e-01   8.2849000e-01   2.9673675e+00   0.0000000e+00
   6.2000000e+01   0.0000000e+00   4.9624600e-01   8.2849000e-01   2.9673675e+00   0.0000000e+00
   6.3000000e+01   0.0000000e+00   1.5623250e+00   8.2849000e-01   2.9673675e+00   0.0000000e+00
   6.4000000e+01   0.0000000e+00   9.6297900e-01   8.2849000e-01   2.9673675e+00   1.0000000e+00
   6.5000000e+01   1.0000000e+00   4.5849100e-01   8.2849000e-01   2.9673675e+00   1.0000000e+00
   6.6000000e+01   0.0000000e+00   1.1113090e+00   8.2849000e-01   2.9673675e+00   0.0000000e+00
   6.7000000e+01   0.0000000e+00   5.6760200e-01   8.2849000e-01   2.9673675e+00   1.0000000e+00
   6.8000000e+01   0.0000000e+00   1.1064050e+00   8.2849000e-01   2.9673675e+00   0.0000000e+00
   6.9000000e+01   0.0000000e+00   7.2038700e-01   8.2849000e-01   2.9673675e+00   1.0000000e+00
   7.0000000e+01   0.0000000e+00   7.1360800e-01   8.2849000e-01   2.9673675e+00   1.0000000e+00
   7.1000000e+01   1.0000000e+00   1.4364060e+00   8.2849000e-01   2.9673675e+00   1.0000000e+00
   7.2000000e+01   0.0000000e+00   5.1631400e-01   8.2849000e-01   2.9673675e+00   0.0000000e+00
   7.3000000e+01   0.0000000e+00   5.3681700e-01   8.2849000e-01   2.9673675e+00   0.0000000e+00
   7.4000000e+01   1.0000000e+00   1.4814060e+00   8.2849000e-01   2.9673675e+00   0.0000000e+00
   7.5000000e+01   0.0000000e+00   7.4768700e-01   8.2849000e-01   2.9673675e+00   0.0000000e+00
   7.6000000e+01   1.0000000e+00   6.1355200e-01   8.2849000e-01   2.9673675e+00   1.0000000e+00
   7.7000000e+01   0.0000000e+00   3.5193890e+00   8.2849000e-01   2.9673675e+00   0.0000000e+00
   7.8000000e+01   0.0000000e+00   5.0782100e-01   8.2849000e-01   2.9673675e+00   1.0000000e+00
   7.9000000e+01   0.0000000e+00   6.7058900e-01   8.2849000e-01   2.9673675e+00   1.0000000e+00
   8.0000000e+01   0.0000000e+00   5.3228200e-01   8.2849000e-01   2.9673675e+00   1.0000000e+00
   8.1000000e+01   0.0000000e+00   6.2622400e-01   8.2849000e-01   2.9673675e+00   0.0000000e+00
   8.2000000e+01   1.0000000e+00   9.6232400e-01   8.2849000e-01   2.9673675e+00   0.0000000e+00
   8.3000000e+01   0.0000000e+00   6.6312800e-01   8.2849000e-01   2.9673675e+00   0.0000000e+00
   8.4000000e+01   1.0000000e+00   8.1912000e-01   8.2849000e-01   2.9673675e+00   0.0000000e+00
   8.5000000e+01   0.0000000e+00   4.6037000e-01   8.2849000e-01   2.9673675e+00   0.0000000e+00
   8.6000000e+01   0.0000000e+00   1.1126190e+00   8.2849000e-01   2.9673675e+00   1.0000000e+00
   8.7000000e+01   0.0000000e+00   1.5917180e+00   8.2849000e-01   2.9673675e+00   0.0000000e+00
   8.8000000e+01   0.0000000e+00   4.9215700e-01   8.2849000e-01   2.9673675e+00   1.0000000e+00
   8.9000000e+01   1.0000000e+00   7.3426100e-01   8.2849000e-01   2.9673675e+00   1.0000000e+00
   9.0000000e+01   0.0000000e+00   8.7478600e-01   8.2849000e-01   2.9673675e+00   0.0000000e+00
   9.1000000e+01   1.0000000e+00   5.2177000e-01   8.2849000e-01   2.9673675e+00   0.0000000e+00
   9.2000000e+01   0.0000000e+00   5.4366700e-01   8.2849000e-01   2.9673675e+00   1.0000000e+00
   9.3000000e+01   1.0000000e+00   7.9092300e-01   8.2849000e-01   2.9673675e+00   1.0000000e+00
   9.4000000e+01   0.0000000e+00   4.4619000e-01   8.2849000e-01   2.9673675e+00   1.0000000e+00
   9.5000000e+01   1.0000000e+00   1.2693150e+00   8.2849000e-01   2.9673675e+00   0.0000000e+00
   9.6000000e+01   0.0000000e+00   1.0932580e+00   8.2849000e-01   2.9673675e+00   0.0000000e+00
   9.7000000e+01   0.0000000e+00   4.3671700e-01   8.2849000e-01   2.9673675e+00   0.0000000e+00
   9.8000000e+01   0.0000000e+00   6.7576400e-01   8.2849000e-01   2.9673675e+00   1.0000000e+00
   9.9000000e+01   1.0000000e+00   6.4901800e-01   8.2849000e-01   2.9673675e+00   1.0000000e+00
   1.0000000e+02   0.0000000e+00   7.6728600e-01   8.2849000e-01   2.9673675e+00   1.0000000e+00
   1.0100000e+02   1.0000000e+00   5.9124600e-01   8.2849000e-01   2.9673675e+00   1.0000000e+00
   1.0200000e+02   0.0000000e+00   1.5129130e+00   8.2849000e-01   2.9673675e+00   0.0000000e+00
   1.0300000e+02   0.0000000e+00   1.7016210e+00   8.2849000e-01   2.9673675e+00   1.0000000e+00
   1.0400000e+02   0.0000000e+00   1.3378240e+00   8.2849000e-01   2.9673675e+00   0.0000000e+00
   1.0500000e+02   0.0000000e+00   4.9297100e-01   8.2849000e-01   2.9673675e+00   0.0000000e+00
   1.0600000e+02   0.0000000e+00   8.8630300e-01   8.2849000e-01   2.9673675e+00   0.0000000e+00
   1.0700000e+02   0.0000000e+00   1.6523700e+00   8.2849000e-01   2.9673675e+00   0.0000000e+00
   1.0800000e+02   0.0000000e+00   8.8045200e-01   8.2849000e-01   2.9673675e+00   0.0000000e+00
   1.0900000e+02   1.0000000e+00   5.6547200e-01   8.2849000e-01   2.9673675e+00   0.0000000e+00
   1.1000000e+02   0.0000000e+00   9.6422800e-01   8.2849000e-01   2.9673675e+00   1.0000000e+00
   1.1100000e+02   0.0000000e+00   4.9028700e-01   8.2849000e-01   2.9673675e+00   1.0000000e+00
   1.1200000e+02   1.0000000e+00   4.4995600e-01   8.2849000e-01   2.9673675e+00   1.0000000e+00
   1.1300000e+02   0.0000000e+00   1.2645330e+00   8.2849000e-01   2.9673675e+00   0.0000000e+00
   1.1400000e+02   1.0000000e+00   5.4240100e-01   8.2849000e-01   2.9673675e+00   0.0000000e+00
   1.1500000e+02   0.0000000e+00   4.3931900e-01   8.2849000e-01   2.9673675e+00   0.0000000e+00
   1.1600000e+02   0.0000000e+00   5.6585100e-01   8.2849000e-01   2.9673675e+00   1.0000000e+00
   1.1700000e+02   0.0000000e+00   5.2404500e-01   8.2849000e-01   2.9673675e+00   1.0000000e+00
   1.1800000e+02   0.0000000e+00   9.8126900e-01   8.2849000e-01   2.9673675e+00   1.0000000e+00
   1.1900000e+02   1.0000000e+00   7.8975800e-01   8.2849000e-01   2.9673675e+00   0.0000000e+00
   1.2000000e+02   0.0000000e+00   8.8396500e-01   8.2849000e-01   2.9673675e+00   1.0000000e+00
   1.2100000e+02   1.0000000e+00   6.8324600e-01   8.2849000e-01   2.9673675e+00   1.0000000e+00
   1.2200000e+02   0.0000000e+00   5.6906100e-01   8.2849000e-01   2.9673675e+00   1.0000000e+00
   1.2300000e+02   0.0000000e+00   4.9669600e-01   8.2849000e-01   2.9673675e+00   1.0000000e+00
   1.2400000e+02   0.0000000e+00   5.7528500e-01   8.2849000e-01   2.9673675e+00   0.0000000e+00
   1.2500000e+02   0.0000000e+00   7.3438800e-01   8.2849000e-01   2.9673675e+00   1.0000000e+00
   1.2600000e+02   0.0000000e+00   4.7842100e-01   8.2849000e-01   2.9673675e+00   0.0000000e+00
   1.2700000e+02   1.0000000e+00   9.8044800e-01   8.2849000e-01   2.9673675e+00   0.0000000e+00
   1.2800000e+02   0.0000000e+00   9.2504900e-01   8.2849000e-01   2.9673675e+00   1.0000000e+00
   1.2900000e+02   0.0000000e+00   1.0625310e+00   8.2849000e-01   2.9673675e+00   0.0000000e+00
   1.3000000e+02   0.0000000e+00   9.5835200e-01   8.2849000e-01   2.9673675e+00   0.0000000e+00
   1.3100000e+02   1.0000000e+00   5.0795800e-01   8.2849000e-01   2.9673675e+00   1.0000000e+00
   1.3200000e+02   1.0000000e+00   4.6232400e-01   8.2849000e-01   2.9673675e+00   1.0000000e+00
   1.3300000e+02   0.0000000e+00   1.2683810e+00   8.2849000e-01   2.9673675e+00   1.0000000e+00
   1.3400000e+02   1.0000000e+00   6.5521300e-01   8.2849000e-01   2.9673675e+00   0.0000000e+00
   1.3500000e+02   0.0000000e+00   8.3098000e-01   8.2849000e-01   2.9673675e+00   1.0000000e+00
   1.3600000e+02   0.0000000e+00   2.2047870e+00   8.2849000e-01   2.9673675e+00   0.0000000e+00
