1	0	0.947669	0.821918	3.1321910722	1
2	0	1.176834	0.821918	3.1321910722	1
3	0	0.682523	0.821918	3.1321910722	0
4	0	1.023551	0.821918	3.1321910722	1
5	1	0.547877	0.821918	3.1321910722	1
6	0	0.526166	0.821918	3.1321910722	1
7	0	1.264623	0.821918	3.1321910722	0
8	0	0.802496	0.821918	3.1321910722	1
9	0	0.706899	0.821918	3.1321910722	0
10	0	1.751785	0.821918	3.1321910722	1
11	1	1.273674	0.821918	3.1321910722	0
12	0	1.668975	0.821918	3.1321910722	0
13	0	0.712061	0.821918	3.1321910722	1
14	1	1.153932	0.821918	3.1321910722	1
15	0	0.641140	0.821918	3.1321910722	1
16	0	0.866087	0.821918	3.1321910722	1
17	0	0.512643	0.821918	3.1321910722	0
18	1	0.790677	0.821918	3.1321910722	0
19	0	0.660358	0.821918	3.1321910722	0
20	1	0.660242	0.821918	3.1321910722	0
21	0	0.630277	0.821918	3.1321910722	1
22	0	0.911565	0.821918	3.1321910722	0
23	0	0.779572	0.821918	3.1321910722	0
24	0	0.712174	0.821918	3.1321910722	1
25	0	0.553448	0.821918	3.1321910722	0
26	0	1.190703	0.821918	3.1321910722	0
27	1	1.054672	0.821918	3.1321910722	1
28	0	0.966654	0.821918	3.1321910722	1
29	1	0.632916	0.821918	3.1321910722	0
30	0	0.724071	0.821918	3.1321910722	1
31	0	0.557964	0.821918	3.1321910722	0
32	1	0.686311	0.821918	3.1321910722	1
33	0	1.367731	0.821918	3.1321910722	0
34	1	0.574057	0.821918	3.1321910722	0
35	0	0.962921	0.821918	3.1321910722	1
36	0	0.838369	0.821918	3.1321910722	1
37	0	1.161626	0.821918	3.1321910722	1
38	1	0.797103	0.821918	3.1321910722	1
39	1	0.901198	0.821918	3.1321910722	1
40	0	1.155571	0.821918	3.1321910722	1
41	0	2.447454	0.821918	3.1321910722	0
42	0	0.979524	0.821918	3.1321910722	1
43	1	0.789690	0.821918	3.1321910722	0
44	0	1.075388	0.821918	3.1321910722	0
45	0	0.557454	0.821918	3.1321910722	0
46	0	2.344458	0.821918	3.1321910722	1
47	1	1.194493	0.821918	3.1321910722	1
48	1	0.883071	0.821918	3.1321910722	0
49	0	0.527947	0.821918	3.1321910722	0
50	1	0.862449	0.821918	3.1321910722	0
51	0	0.590780	0.821918	3.1321910722	0
52	0	0.531483	0.821918	3.1321910722	1
53	0	0.697562	0.821918	3.1321910722	0
54	1	0.609512	0.821918	3.1321910722	1
55	0	0.573542	0.821918	3.1321910722	1
56	0	1.243587	0.821918	3.1321910722	0
57	0	1.417123	0.821918	3.1321910722	1
58	0	2.574900	0.821918	3.1321910722	1
59	1	1.629215	0.821918	3.1321910722	0
60	0	1.472076	0.821918	3.1321910722	0
61	0	0.679762	0.821918	3.1321910722	0
62	0	0.570887	0.821918	3.1321910722	0
63	0	0.527724	0.821918	3.1321910722	1
64	0	1.019278	0.821918	3.1321910722	0
65	1	1.056036	0.821918	3.1321910722	1
66	0	0.611751	0.821918	3.1321910722	0
67	1	0.513010	0.821918	3.1321910722	1
68	0	0.999275	0.821918	3.1321910722	0
69	1	0.765577	0.821918	3.1321910722	0
70	0	0.680079	0.821918	3.1321910722	1
71	0	0.891415	0.821918	3.1321910722	1
72	0	3.246448	0.821918	3.1321910722	0
73	1	0.520971	0.821918	3.1321910722	0
74	0	0.747198	0.821918	3.1321910722	1
75	1	1.725614	0.821918	3.1321910722	1
76	0	1.425787	0.821918	3.1321910722	0
77	1	0.717495	0.821918	3.1321910722	0
78	0	0.554774	0.821918	3.1321910722	0
79	0	0.744261	0.821918	3.1321910722	1
80	1	0.518694	0.821918	3.1321910722	1
81	0	2.497832	0.821918	3.1321910722	1
82	0	0.674583	0.821918	3.1321910722	1
83	0	0.616625	0.821918	3.1321910722	0
84	0	1.340100	0.821918	3.1321910722	0
85	1	0.702831	0.821918	3.1321910722	1
86	0	1.573443	0.821918	3.1321910722	1
87	0	0.751036	0.821918	3.1321910722	0
88	1	1.530916	0.821918	3.1321910722	0
89	0	0.509724	0.821918	3.1321910722	0
90	0	1.214568	0.821918	3.1321910722	0
91	1	2.220382	0.821918	3.1321910722	1
92	1	0.562378	0.821918	3.1321910722	0
93	0	1.009298	0.821918	3.1321910722	0
94	0	2.733652	0.821918	3.1321910722	1
95	0	0.947495	0.821918	3.1321910722	1
96	0	0.742918	0.821918	3.1321910722	1
97	0	1.048521	0.821918	3.1321910722	0
98	1	0.797806	0.821918	3.1321910722	1
99	0	0.803710	0.821918	3.1321910722	1
100	1	0.833481	0.821918	3.1321910722	0
101	0	0.929197	0.821918	3.1321910722	1
102	0	0.640061	0.821918	3.1321910722	0
103	0	0.855825	0.821918	3.1321910722	1
104	0	1.483913	0.821918	3.1321910722	0
105	0	0.540161	0.821918	3.1321910722	1
106	1	1.044805	0.821918	3.1321910722	0
107	0	0.684075	0.821918	3.1321910722	0
108	0	0.711583	0.821918	3.1321910722	1
109	1	0.939914	0.821918	3.1321910722	1
110	0	1.938574	0.821918	3.1321910722	0
111	1	1.157939	0.821918	3.1321910722	0
112	0	0.805819	0.821918	3.1321910722	0
113	1	1.231940	0.821918	3.1321910722	1
114	0	1.077205	0.821918	3.1321910722	1
115	0	0.571708	0.821918	3.1321910722	0
116	0	0.762808	0.821918	3.1321910722	1
117	0	1.160285	0.821918	3.1321910722	1
118	0	1.541501	0.821918	3.1321910722	1
119	0	1.232539	0.821918	3.1321910722	1
120	0	0.726029	0.821918	3.1321910722	0
121	1	0.637980	0.821918	3.1321910722	1
122	0	1.647031	0.821918	3.1321910722	0
123	0	2.587193	0.821918	3.1321910722	1
124	0	0.652900	0.821918	3.1321910722	0
125	1	0.620518	0.821918	3.1321910722	0
126	0	0.821291	0.821918	3.1321910722	1
127	0	0.858909	0.821918	3.1321910722	0
128	0	1.139396	0.821918	3.1321910722	1
129	1	0.771103	0.821918	3.1321910722	1
130	0	1.438032	0.821918	3.1321910722	0
131	1	0.770069	0.821918	3.1321910722	0
132	0	0.699906	0.821918	3.1321910722	0
133	0	0.625220	0.821918	3.1321910722	1
134	1	1.057857	0.821918	3.1321910722	0
135	0	0.899845	0.821918	3.1321910722	0
136	1	0.578713	0.821918	3.1321910722	1
