   1.0000000e+00   0.0000000e+00   1.6674960e+00   8.3815800e-01   2.3931594e+00   1.0000000e+00
   2.0000000e+00   0.0000000e+00   9.3457800e-01   8.3815800e-01   2.3931594e+00   1.0000000e+00
   3.0000000e+00   1.0000000e+00   1.1437300e+00   8.3815800e-01   2.3931594e+00   0.0000000e+00
   4.0000000e+00   0.0000000e+00   7.0611600e-01   8.3815800e-01   2.3931594e+00   0.0000000e+00
   5.0000000e+00   1.0000000e+00   8.1543000e-01   8.3815800e-01   2.3931594e+00   1.0000000e+00
   6.0000000e+00   0.0000000e+00   7.9942900e-01   8.3815800e-01   2.3931594e+00   1.0000000e+00
   7.0000000e+00   0.0000000e+00   5.3342400e-01   8.3815800e-01   2.3931594e+00   0.0000000e+00
   8.0000000e+00   0.0000000e+00   6.0816000e-01   8.3815800e-01   2.3931594e+00   0.0000000e+00
   9.0000000e+00   0.0000000e+00   8.3238100e-01   8.3815800e-01   2.3931594e+00   0.0000000e+00
   1.0000000e+01   0.0000000e+00   5.3312600e-01   8.3815800e-01   2.3931594e+00   0.0000000e+00
   1.1000000e+01   1.0000000e+00   8.1849700e-01   8.3815800e-01   2.3931594e+00   0.0000000e+00
   1.2000000e+01   0.0000000e+00   6.4587100e-01   8.3815800e-01   2.3931594e+00   1.0000000e+00
   1.3000000e+01   1.0000000e+00   6.2614900e-01   8.3815800e-01   2.3931594e+00   1.0000000e+00
   1.4000000e+01   0.0000000e+00   8.3444700e-01   8.3815800e-01   2.3931594e+00   1.0000000e+00
   1.5000000e+01   0.0000000e+00   1.6691230e+00   8.3815800e-01   2.3931594e+00   0.0000000e+00
   1.6000000e+01   1.0000000e+00   9.2454200e-01   8.3815800e-01   2.3931594e+00   1.0000000e+00
   1.7000000e+01   0.0000000e+00   1.0739070e+00   8.3815800e-01   2.3931594e+00   1.0000000e+00
   1.8000000e+01   1.0000000e+00   5.4442000e-01   8.3815800e-01   2.3931594e+00   0.0000000e+00
   1.9000000e+01   0.0000000e+00   4.6099300e-01   8.3815800e-01   2.3931594e+00   0.0000000e+00
   2.0000000e+01   0.0000000e+00   5.6573600e-01   8.3815800e-01   2.3931594e+00   1.0000000e+00
   2.1000000e+01   0.0000000e+00   1.0501630e+00   8.3815800e-01   2.3931594e+00   0.0000000e+00
   2.2000000e+01   1.0000000e+00   5.6260300e-01   8.3815800e-01   2.3931594e+00   1.0000000e+00
   2.3000000e+01   0.0000000e+00   4.8811100e-01   8.3815800e-01   2.3931594e+00   1.0000000e+00
   2.4000000e+01   0.0000000e+00   1.1703470e+00   8.3815800e-01   2.3931594e+00   1.0000000e+00
   2.5000000e+01   1.0000000e+00   1.9874040e+00   8.3815800e-01   2.3931594e+00   0.0000000e+00
   2.6000000e+01   0.0000000e+00   7.2920500e-01   8.3815800e-01   2.3931594e+00   1.0000000e+00
   2.7000000e+01   0.0000000e+00   1.3686200e+00   8.3815800e-01   2.3931594e+00   0.0000000e+00
   2.8000000e+01   0.0000000e+00   7.2074100e-01   8.3815800e-01   2.3931594e+00   1.0000000e+00
   2.9000000e+01   1.0000000e+00   6.0593500e-01   8.3815800e-01   2.3931594e+00   1.0000000e+00
   3.0000000e+01   0.0000000e+00   1.0396610e+00   8.3815800e-01   2.3931594e+00   0.0000000e+00
   3.1000000e+01   1.0000000e+00   6.3808200e-01   8.3815800e-01   2.3931594e+00   0.0000000e+00
   3.2000000e+01   0.0000000e+00   1.1183260e+00   8.3815800e-01   2.3931594e+00   0.0000000e+00
   3.3000000e+01   0.0000000e+00   5.8152300e-01   8.3815800e-01   2.3931594e+00   1.0000000e+00
   3.4000000e+01   1.0000000e+00   6.2522900e-01   8.3815800e-01   2.3931594e+00   0.0000000e+00
   3.5000000e+01   0.0000000e+00   7.7082400e-01   8.3815800e-01   2.3931594e+00   0.0000000e+00
   3.6000000e+01   0.0000000e+00   8.2418000e-01   8.3815800e-01   2.3931594e+00   0.0000000e+00
   3.7000000e+01   1.0000000e+00   7.1751100e-01   8.3815800e-01   2.3931594e+00   1.0000000e+00
   3.8000000e+01   0.0000000e+00   5.3971600e-01   8.3815800e-01   2.3931594e+00   1.0000000e+00
   3.9000000e+01   0.0000000e+00   1.4547320e+00   8.3815800e-01   2.3931594e+00   1.0000000e+00
   4.0000000e+01   0.0000000e+00   6.4892000e-01   8.3815800e-01   2.3931594e+00   0.0000000e+00
   4.1000000e+01   0.0000000e+00   9.5748000e-01   8.3815800e-01   2.3931594e+00   1.0000000e+00
   4.2000000e+01   0.0000000e+00   5.8509600e-01   8.3815800e-01   2.3931594e+00   1.0000000e+00
   4.3000000e+01   0.0000000e+00   1.2709160e+00   8.3815800e-01   2.3931594e+00   1.0000000e+00
   4.4000000e+01   0.0000000e+00   6.6157600e-01   8.3815800e-01   2.3931594e+00   0.0000000e+00
   4.5000000e+01   0.0000000e+00   8.6762900e-01   8.3815800e-01   2.3931594e+00   0.0000000e+00
   4.6000000e+01   0.0000000e+00   6.3333700e-01   8.3815800e-01   2.3931594e+00   1.0000000e+00
   4.7000000e+01   1.0000000e+00   1.1576490e+00   8.3815800e-01   2.3931594e+00   0.0000000e+00
   4.8000000e+01   0.0000000e+00   6.0042300e-01   8.3815800e-01   2.3931594e+00   1.0000000e+00
   4.9000000e+01   0.0000000e+00   4.5995900e-01   8.3815800e-01   2.3931594e+00   1.0000000e+00
   5.0000000e+01   0.0000000e+00   1.0062410e+00   8.3815800e-01   2.3931594e+00   0.0000000e+00
   5.1000000e+01   0.0000000e+00   4.7745600e-01   8.3815800e-01   2.3931594e+00   0.0000000e+00
   5.2000000e+01   1.0000000e+00   5.7094700e-01   8.3815800e-01   2.3931594e+00   1.0000000e+00
   5.3000000e+01   0.0000000e+00   7.1280000e-01   8.3815800e-01   2.3931594e+00   0.0000000e+00
   5.4000000e+01   1.0000000e+00   4.7519400e-01   8.3815800e-01   2.3931594e+00   1.0000000e+00
   5.5000000e+01   0.0000000e+00   7.3880900e-01   8.3815800e-01   2.3931594e+00   1.0000000e+00
   5.6000000e+01   1.0000000e+00   8.9058100e-01   8.3815800e-01   2.3931594e+00   0.0000000e+00
   5.7000000e+01   0.0000000e+00   1.7431520e+00   8.3815800e-01   2.3931594e+00   1.0000000e+00
   5.8000000e+01   0.0000000e+00   1.8878530e+00   8.3815800e-01   2.3931594e+00   1.0000000e+00
   5.9000000e+01   0.0000000e+00   6.2780800e-01   8.3815800e-01   2.3931594e+00   0.0000000e+00
   6.0000000e+01   0.0000000e+00   1.1579030e+00   8.3815800e-01   2.3931594e+00   0.0000000e+00
   6.1000000e+01   0.0000000e+00   1.2721060e+00   8.3815800e-01   2.3931594e+00   0.0000000e+00
   6.2000000e+01   1.0000000e+00   6.9297000e-01   8.3815800e-01   2.3931594e+00   1.0000000e+00
   6.3000000e+01   1.0000000e+00   7.3334800e-01   8.3815800e-01   2.3931594e+00   0.0000000e+00
   6.4000000e+01   0.0000000e+00   1.3096530e+00   8.3815800e-01   2.3931594e+00   0.0000000e+00
   6.5000000e+01   0.0000000e+00   7.7310100e-01   8.3815800e-01   2.3931594e+00   0.0000000e+00
   6.6000000e+01   1.0000000e+00   5.1102800e-01   8.3815800e-01   2.3931594e+00   0.0000000e+00
   6.7000000e+01   0.0000000e+00   1.2572580e+00   8.3815800e-01   2.3931594e+00   1.0000000e+00
   6.8000000e+01   1.0000000e+00   8.1803600e-01   8.3815800e-01   2.3931594e+00   1.0000000e+00
   6.9000000e+01   0.0000000e+00   4.9277500e-01   8.3815800e-01   2.3931594e+00   0.0000000e+00
   7.0000000e+01   0.0000000e+00   1.8504200e+00   8.3815800e-01   2.3931594e+00   0.0000000e+00
   7.1000000e+01   0.0000000e+00   5.7712700e-01   8.3815800e-01   2.3931594e+00   1.0000000e+00
   7.2000000e+01   0.0000000e+00   7.0377800e-01   8.3815800e-01   2.3931594e+00   0.0000000e+00
   7.3000000e+01   0.0000000e+00   6.1384500e-01   8.3815800e-01   2.3931594e+00   0.0000000e+00
   7.4000000e+01   1.0000000e+00   2.4437300e+00   8.3815800e-01   2.3931594e+00   1.0000000e+00
   7.5000000e+01   0.0000000e+00   1.4507680e+00   8.3815800e-01   2.3931594e+00   0.0000000e+00
   7.6000000e+01   0.0000000e+00   9.0629600e-01   8.3815800e-01   2.3931594e+00   1.0000000e+00
   7.7000000e+01   0.0000000e+00   5.9001300e-01   8.3815800e-01   2.3931594e+00   1.0000000e+00
   7.8000000e+01   0.0000000e+00   5.2865300e-01   8.3815800e-01   2.3931594e+00   0.0000000e+00
   7.9000000e+01   1.0000000e+00   5.3201300e-01   8.3815800e-01   2.3931594e+00   0.0000000e+00
   8.0000000e+01   1.0000000e+00   1.7873490e+00   8.3815800e-01   2.3931594e+00   1.0000000e+00
   8.1000000e+01   0.0000000e+00   1.3730470e+00   8.3815800e-01   2.3931594e+00   1.0000000e+00
   8.2000000e+01   1.0000000e+00   1.2684630e+00   8.3815800e-01   2.3931594e+00   0.0000000e+00
   8.3000000e+01   1.0000000e+00   1.0857620e+00   8.3815800e-01   2.3931594e+00   0.0000000e+00
   8.4000000e+01   0.0000000e+00   7.4453200e-01   8.3815800e-01   2.3931594e+00   1.0000000e+00
   8.5000000e+01   0.0000000e+00   1.8522260e+00   8.3815800e-01   2.3931594e+00   1.0000000e+00
   8.6000000e+01   0.0000000e+00   4.8069000e-01   8.3815800e-01   2.3931594e+00   1.0000000e+00
   8.7000000e+01   0.0000000e+00   1.5646940e+00   8.3815800e-01   2.3931594e+00   0.0000000e+00
   8.8000000e+01   1.0000000e+00   4.8548100e-01   8.3815800e-01   2.3931594e+00   1.0000000e+00
   8.9000000e+01   0.0000000e+00   9.0180700e-01   8.3815800e-01   2.3931594e+00   0.0000000e+00
   9.0000000e+01   1.0000000e+00   7.9187500e-01   8.3815800e-01   2.3931594e+00   0.0000000e+00
   9.1000000e+01   0.0000000e+00   1.9038200e+00   8.3815800e-01   2.3931594e+00   0.0000000e+00
   9.2000000e+01   0.0000000e+00   7.0616800e-01   8.3815800e-01   2.3931594e+00   1.0000000e+00
   9.3000000e+01   0.0000000e+00   5.5144900e-01   8.3815800e-01   2.3931594e+00   0.0000000e+00
   9.4000000e+01   0.0000000e+00   7.6648500e-01   8.3815800e-01   2.3931594e+00   1.0000000e+00
   9.5000000e+01   1.0000000e+00   6.8414700e-01   8.3815800e-01   2.3931594e+00   1.0000000e+00
   9.6000000e+01   0.0000000e+00   7.5341800e-01   8.3815800e-01   2.3931594e+00   1.0000000e+00
   9.7000000e+01   1.0000000e+00   5.4243800e-01   8.3815800e-01   2.3931594e+00   0.0000000e+00
   9.8000000e+01   0.0000000e+00   5.7468300e-01   8.3815800e-01   2.3931594e+00   0.0000000e+00
   9.9000000e+01   0.0000000e+00   4.6353900e-01   8.3815800e-01   2.3931594e+00   0.0000000e+00
   1.0000000e+02   1.0000000e+00   1.6165600e+00   8.3815800e-01   2.3931594e+00   1.0000000e+00
   1.0100000e+02   0.0000000e+00   1.6434580e+00   8.3815800e-01   2.3931594e+00   1.0000000e+00
   1.0200000e+02   0.0000000e+00   6.3027100e-01   8.3815800e-01   2.3931594e+00   1.0000000e+00
   1.0300000e+02   1.0000000e+00   2.2636110e+00   8.3815800e-01   2.3931594e+00   1.0000000e+00
   1.0400000e+02   0.0000000e+00   6.4227900e-01   8.3815800e-01   2.3931594e+00   1.0000000e+00
   1.0500000e+02   1.0000000e+00   4.6495300e-01   8.3815800e-01   2.3931594e+00   0.0000000e+00
   1.0600000e+02   0.0000000e+00   9.4916300e-01   8.3815800e-01   2.3931594e+00   1.0000000e+00
   1.0700000e+02   0.0000000e+00   4.9822600e-01   8.3815800e-01   2.3931594e+00   0.0000000e+00
   1.0800000e+02   1.0000000e+00   6.0538500e-01   8.3815800e-01   2.3931594e+00   1.0000000e+00
   1.0900000e+02   0.0000000e+00   5.9513300e-01   8.3815800e-01   2.3931594e+00   1.0000000e+00
   1.1000000e+02   0.0000000e+00   8.3277800e-01   8.3815800e-01   2.3931594e+00   0.0000000e+00
   1.1100000e+02   0.0000000e+00   4.5658600e-01   8.3815800e-01   2.3931594e+00   1.0000000e+00
   1.1200000e+02   0.0000000e+00   1.0975280e+00   8.3815800e-01   2.3931594e+00   0.0000000e+00
   1.1300000e+02   0.0000000e+00   2.2349000e+00   8.3815800e-01   2.3931594e+00   1.0000000e+00
   1.1400000e+02   0.0000000e+00   9.4517000e-01   8.3815800e-01   2.3931594e+00   0.0000000e+00
   1.1500000e+02   1.0000000e+00   2.0507140e+00   8.3815800e-01   2.3931594e+00   0.0000000e+00
   1.1600000e+02   0.0000000e+00   6.4772300e-01   8.3815800e-01   2.3931594e+00   0.0000000e+00
   1.1700000e+02   0.0000000e+00   1.1472080e+00   8.3815800e-01   2.3931594e+00   1.0000000e+00
   1.1800000e+02   0.0000000e+00   1.4384400e+00   8.3815800e-01   2.3931594e+00   0.0000000e+00
   1.1900000e+02   0.0000000e+00   2.3380410e+00   8.3815800e-01   2.3931594e+00   0.0000000e+00
   1.2000000e+02   1.0000000e+00   4.5789800e-01   8.3815800e-01   2.3931594e+00   0.0000000e+00
   1.2100000e+02   0.0000000e+00   6.0486500e-01   8.3815800e-01   2.3931594e+00   0.0000000e+00
   1.2200000e+02   0.0000000e+00   8.6096100e-01   8.3815800e-01   2.3931594e+00   1.0000000e+00
   1.2300000e+02   0.0000000e+00   5.8993600e-01   8.3815800e-01   2.3931594e+00   0.0000000e+00
   1.2400000e+02   0.0000000e+00   4.6931900e-01   8.3815800e-01   2.3931594e+00   1.0000000e+00
   1.2500000e+02   0.0000000e+00   1.3701680e+00   8.3815800e-01   2.3931594e+00   1.0000000e+00
   1.2600000e+02   1.0000000e+00   1.2061340e+00   8.3815800e-01   2.3931594e+00   1.0000000e+00
   1.2700000e+02   0.0000000e+00   8.9120800e-01   8.3815800e-01   2.3931594e+00   0.0000000e+00
   1.2800000e+02   0.0000000e+00   4.3545700e-01   8.3815800e-01   2.3931594e+00   1.0000000e+00
   1.2900000e+02   0.0000000e+00   7.2749300e-01   8.3815800e-01   2.3931594e+00   0.0000000e+00
   1.3000000e+02   1.0000000e+00   1.2040380e+00   8.3815800e-01   2.3931594e+00   0.0000000e+00
   1.3100000e+02   0.0000000e+00   8.2262900e-01   8.3815800e-01   2.3931594e+00   1.0000000e+00
   1.3200000e+02   1.0000000e+00   5.3333700e-01   8.3815800e-01   2.3931594e+00   1.0000000e+00
   1.3300000e+02   0.0000000e+00   1.2766150e+00   8.3815800e-01   2.3931594e+00   0.0000000e+00
   1.3400000e+02   0.0000000e+00   1.2304290e+00   8.3815800e-01   2.3931594e+00   1.0000000e+00
   1.3500000e+02   1.0000000e+00   1.2677820e+00   8.3815800e-01   2.3931594e+00   1.0000000e+00
   1.3600000e+02   1.0000000e+00   9.1241600e-01   8.3815800e-01   2.3931594e+00   0.0000000e+00
