1	0	1.247955	0.839865	2.8512751569	1
2	0	1.380349	0.839865	2.8512751569	0
3	0	1.459923	0.839865	2.8512751569	1
4	0	1.006570	0.839865	2.8512751569	0
5	1	0.529796	0.839865	2.8512751569	1
6	0	0.749698	0.839865	2.8512751569	0
7	0	1.383684	0.839865	2.8512751569	1
8	1	1.636512	0.839865	2.8512751569	0
9	0	0.797320	0.839865	2.8512751569	1
10	1	0.950557	0.839865	2.8512751569	1
11	0	0.888201	0.839865	2.8512751569	1
12	0	0.795624	0.839865	2.8512751569	0
13	0	0.531303	0.839865	2.8512751569	1
14	1	0.747128	0.839865	2.8512751569	0
15	0	0.819602	0.839865	2.8512751569	1
16	1	0.721632	0.839865	2.8512751569	0
17	0	0.776981	0.839865	2.8512751569	1
18	0	0.913559	0.839865	2.8512751569	0
19	0	0.995177	0.839865	2.8512751569	0
20	0	0.803273	0.839865	2.8512751569	1
21	0	1.821724	0.839865	2.8512751569	0
22	0	1.443035	0.839865	2.8512751569	0
23	1	0.763693	0.839865	2.8512751569	1
24	0	1.900564	0.839865	2.8512751569	1
25	1	0.858586	0.839865	2.8512751569	0
26	0	1.678503	0.839865	2.8512751569	1
27	0	0.514592	0.839865	2.8512751569	0
28	0	0.688028	0.839865	2.8512751569	1
29	1	1.606025	0.839865	2.8512751569	1
30	0	0.873260	0.839865	2.8512751569	1
31	1	0.570207	0.839865	2.8512751569	0
32	0	0.578038	0.839865	2.8512751569	0
33	0	0.832378	0.839865	2.8512751569	0
34	0	1.361899	0.839865	2.8512751569	0
35	0	0.514785	0.839865	2.8512751569	1
36	1	2.655200	0.839865	2.8512751569	1
37	1	0.752135	0.839865	2.8512751569	1
38	0	1.047976	0.839865	2.8512751569	0
39	1	1.278169	0.839865	2.8512751569	0
40	0	1.675045	0.839865	2.8512751569	1
41	1	0.707811	0.839865	2.8512751569	1
42	0	0.673873	0.839865	2.8512751569	0
43	0	0.536219	0.839865	2.8512751569	1
44	1	0.528410	0.839865	2.8512751569	0
45	0	0.912624	0.839865	2.8512751569	0
46	0	0.766416	0.839865	2.8512751569	1
47	1	1.203044	0.839865	2.8512751569	0
48	0	1.068439	0.839865	2.8512751569	0
49	0	0.662464	0.839865	2.8512751569	1
50	0	1.201000	0.839865	2.8512751569	0
51	1	1.233770	0.839865	2.8512751569	1
52	0	0.600664	0.839865	2.8512751569	0
53	0	0.508652	0.839865	2.8512751569	1
54	1	0.830864	0.839865	2.8512751569	0
55	0	0.650721	0.839865	2.8512751569	0
56	0	1.498599	0.839865	2.8512751569	0
57	0	1.250973	0.839865	2.8512751569	0
58	0	0.777418	0.839865	2.8512751569	0
59	1	1.209140	0.839865	2.8512751569	1
60	0	1.026004	0.839865	2.8512751569	1
61	0	0.593712	0.839865	2.8512751569	0
62	0	0.743908	0.839865	2.8512751569	0
63	0	1.073085	0.839865	2.8512751569	1
64	0	1.229054	0.839865	2.8512751569	0
65	0	1.153692	0.839865	2.8512751569	1
66	0	0.570553	0.839865	2.8512751569	1
67	1	1.191314	0.839865	2.8512751569	1
68	0	0.984864	0.839865	2.8512751569	1
69	1	0.577477	0.839865	2.8512751569	0
70	0	1.105428	0.839865	2.8512751569	0
71	0	1.152665	0.839865	2.8512751569	1
72	1	0.585827	0.839865	2.8512751569	0
73	0	2.513719	0.839865	2.8512751569	1
74	0	0.780150	0.839865	2.8512751569	0
75	0	1.043695	0.839865	2.8512751569	0
76	1	0.630723	0.839865	2.8512751569	1
77	0	1.109517	0.839865	2.8512751569	1
78	0	0.733934	0.839865	2.8512751569	1
79	1	0.765607	0.839865	2.8512751569	0
80	0	1.138996	0.839865	2.8512751569	0
81	1	0.591362	0.839865	2.8512751569	1
82	0	1.137862	0.839865	2.8512751569	1
83	0	1.201328	0.839865	2.8512751569	0
84	0	1.167839	0.839865	2.8512751569	0
85	0	0.986238	0.839865	2.8512751569	1
86	0	1.160145	0.839865	2.8512751569	0
87	1	1.454686	0.839865	2.8512751569	1
88	0	0.673550	0.839865	2.8512751569	1
89	1	0.954752	0.839865	2.8512751569	0
90	0	0.897172	0.839865	2.8512751569	1
91	1	0.689161	0.839865	2.8512751569	1
92	0	0.587634	0.839865	2.8512751569	1
93	1	0.612488	0.839865	2.8512751569	0
94	0	2.230235	0.839865	2.8512751569	0
95	0	1.075163	0.839865	2.8512751569	0
96	0	0.584136	0.839865	2.8512751569	0
97	1	0.556409	0.839865	2.8512751569	1
98	0	0.519939	0.839865	2.8512751569	0
99	0	0.596645	0.839865	2.8512751569	1
100	0	1.002801	0.839865	2.8512751569	1
101	1	1.856462	0.839865	2.8512751569	0
102	0	1.287099	0.839865	2.8512751569	1
103	0	0.921626	0.839865	2.8512751569	1
104	0	0.684150	0.839865	2.8512751569	1
105	0	1.038140	0.839865	2.8512751569	1
106	0	0.941500	0.839865	2.8512751569	0
107	0	0.874310	0.839865	2.8512751569	1
108	0	1.282952	0.839865	2.8512751569	0
109	1	0.544684	0.839865	2.8512751569	0
110	0	1.346881	0.839865	2.8512751569	1
111	1	0.937743	0.839865	2.8512751569	1
112	0	0.599257	0.839865	2.8512751569	0
113	0	0.598206	0.839865	2.8512751569	0
114	0	0.546096	0.839865	2.8512751569	0
115	1	0.523351	0.839865	2.8512751569	0
116	1	2.178393	0.839865	2.8512751569	1
117	0	1.556395	0.839865	2.8512751569	0
118	0	1.014261	0.839865	2.8512751569	0
119	0	1.263394	0.839865	2.8512751569	0
120	0	0.692330	0.839865	2.8512751569	1
121	0	1.570964	0.839865	2.8512751569	0
122	1	0.891226	0.839865	2.8512751569	1
123	1	0.734044	0.839865	2.8512751569	0
124	0	1.627966	0.839865	2.8512751569	1
125	0	0.708493	0.839865	2.8512751569	1
126	0	0.680101	0.839865	2.8512751569	1
127	1	0.624292	0.839865	2.8512751569	1
128	0	2.082080	0.839865	2.8512751569	0
129	0	0.729461	0.839865	2.8512751569	0
130	0	0.605364	0.839865	2.8512751569	1
131	0	1.856847	0.839865	2.8512751569	1
132	0	1.001676	0.839865	2.8512751569	0
133	1	0.579783	0.839865	2.8512751569	0
134	0	0.801531	0.839865	2.8512751569	1
135	1	1.135725	0.839865	2.8512751569	0
136	1	0.929964	0.839865	2.8512751569	1
