1	0	3.200200	0.827904	3.2239681387	1
2	0	1.648082	0.827904	3.2239681387	1
3	1	0.505411	0.827904	3.2239681387	0
4	0	0.737121	0.827904	3.2239681387	0
5	0	0.817086	0.827904	3.2239681387	1
6	1	0.754719	0.827904	3.2239681387	1
7	0	0.558109	0.827904	3.2239681387	0
8	1	0.569153	0.827904	3.2239681387	0
9	0	0.666535	0.827904	3.2239681387	1
10	0	0.621504	0.827904	3.2239681387	1
11	0	0.667773	0.827904	3.2239681387	0
12	0	0.851954	0.827904	3.2239681387	1
13	0	2.267537	0.827904	3.2239681387	1
14	1	1.430840	0.827904	3.2239681387	1
15	0	2.395373	0.827904	3.2239681387	1
16	1	0.661927	0.827904	3.2239681387	1
17	0	0.526092	0.827904	3.2239681387	1
18	0	1.426477	0.827904	3.2239681387	0
19	1	0.681010	0.827904	3.2239681387	0
20	0	0.604904	0.827904	3.2239681387	0
21	0	0.595230	0.827904	3.2239681387	0
22	1	1.256634	0.827904	3.2239681387	1
23	0	2.367686	0.827904	3.2239681387	0
24	0	0.645690	0.827904	3.2239681387	1
25	0	0.729153	0.827904	3.2239681387	0
26	1	1.093087	0.827904	3.2239681387	0
27	0	1.353908	0.827904	3.2239681387	0
28	0	0.633819	0.827904	3.2239681387	1
29	1	0.547836	0.827904	3.2239681387	1
30	0	0.656403	0.827904	3.2239681387	0
31	0	0.615400	0.827904	3.2239681387	0
32	1	0.637272	0.827904	3.2239681387	0
33	1	0.937807	0.827904	3.2239681387	0
34	0	0.514846	0.827904	3.2239681387	1
35	1	0.504748	0.827904	3.2239681387	1
36	0	1.584541	0.827904	3.2239681387	1
37	0	0.724724	0.827904	3.2239681387	1
38	0	1.276575	0.827904	3.2239681387	0
39	0	0.508459	0.827904	3.2239681387	1
40	1	1.413203	0.827904	3.2239681387	0
41	0	0.544706	0.827904	3.2239681387	1
42	1	0.947518	0.827904	3.2239681387	1
43	0	1.349464	0.827904	3.2239681387	1
44	0	0.788825	0.827904	3.2239681387	0
45	1	1.018356	0.827904	3.2239681387	1
46	0	0.824238	0.827904	3.2239681387	1
47	0	0.641170	0.827904	3.2239681387	0
48	0	0.912466	0.827904	3.2239681387	0
49	0	0.716867	0.827904	3.2239681387	1
50	0	0.510412	0.827904	3.2239681387	1
51	0	0.718760	0.827904	3.2239681387	1
52	0	0.532412	0.827904	3.2239681387	1
53	0	0.862128	0.827904	3.2239681387	1
54	0	1.394935	0.827904	3.2239681387	0
55	0	0.990096	0.827904	3.2239681387	0
56	0	0.880185	0.827904	3.2239681387	0
57	1	0.589835	0.827904	3.2239681387	0
58	1	1.633819	0.827904	3.2239681387	1
59	0	0.547773	0.827904	3.2239681387	0
60	0	2.348565	0.827904	3.2239681387	0
61	0	0.561689	0.827904	3.2239681387	0
62	1	0.518505	0.827904	3.2239681387	0
63	0	0.908231	0.827904	3.2239681387	1
64	0	2.505386	0.827904	3.2239681387	0
65	1	0.923940	0.827904	3.2239681387	0
66	0	1.661371	0.827904	3.2239681387	0
67	1	0.659237	0.827904	3.2239681387	1
68	0	0.764382	0.827904	3.2239681387	0
69	0	1.062056	0.827904	3.2239681387	1
70	0	2.037044	0.827904	3.2239681387	0
71	1	1.153871	0.827904	3.2239681387	1
72	0	0.589254	0.827904	3.2239681387	1
73	1	1.722385	0.827904	3.2239681387	0
74	0	0.786736	0.827904	3.2239681387	0
75	0	1.038279	0.827904	3.2239681387	0
76	1	2.070374	0.827904	3.2239681387	1
77	0	0.933432	0.827904	3.2239681387	0
78	1	0.673353	0.827904	3.2239681387	0
79	0	0.879617	0.827904	3.2239681387	1
80	0	1.311069	0.827904	3.2239681387	1
81	0	1.664394	0.827904	3.2239681387	1
82	1	0.795738	0.827904	3.2239681387	0
83	0	0.948664	0.827904	3.2239681387	0
84	0	0.798753	0.827904	3.2239681387	1
85	0	0.682853	0.827904	3.2239681387	0
86	1	0.687247	0.827904	3.2239681387	1
87	0	2.908135	0.827904	3.2239681387	0
88	0	0.865444	0.827904	3.2239681387	0
89	1	1.116412	0.827904	3.2239681387	0
90	0	0.654512	0.827904	3.2239681387	0
91	1	0.697114	0.827904	3.2239681387	1
92	0	0.959479	0.827904	3.2239681387	1
93	0	0.738244	0.827904	3.2239681387	1
94	0	0.584922	0.827904	3.2239681387	1
95	1	1.058093	0.827904	3.2239681387	0
96	0	0.803691	0.827904	3.2239681387	0
97	0	0.700040	0.827904	3.2239681387	1
98	1	0.693940	0.827904	3.2239681387	1
99	0	1.234150	0.827904	3.2239681387	1
100	0	0.854393	0.827904	3.2239681387	0
101	0	0.939015	0.827904	3.2239681387	1
102	0	0.656135	0.827904	3.2239681387	0
103	0	1.077410	0.827904	3.2239681387	1
104	0	0.562189	0.827904	3.2239681387	1
105	0	0.827066	0.827904	3.2239681387	0
106	1	1.030316	0.827904	3.2239681387	1
107	0	2.097831	0.827904	3.2239681387	0
108	0	0.502464	0.827904	3.2239681387	1
109	0	1.107642	0.827904	3.2239681387	0
110	1	1.345749	0.827904	3.2239681387	0
111	0	1.049531	0.827904	3.2239681387	1
112	1	0.634343	0.827904	3.2239681387	1
113	1	1.170507	0.827904	3.2239681387	0
114	0	0.877552	0.827904	3.2239681387	1
115	0	0.921711	0.827904	3.2239681387	0
116	0	0.778557	0.827904	3.2239681387	1
117	0	1.004769	0.827904	3.2239681387	1
118	1	0.728177	0.827904	3.2239681387	0
119	0	0.675032	0.827904	3.2239681387	0
120	1	1.752087	0.827904	3.2239681387	1
121	0	1.745968	0.827904	3.2239681387	0
122	0	0.880275	0.827904	3.2239681387	0
123	0	1.226635	0.827904	3.2239681387	1
124	1	0.612247	0.827904	3.2239681387	0
125	0	0.533903	0.827904	3.2239681387	0
126	0	1.070767	0.827904	3.2239681387	0
127	0	0.806185	0.827904	3.2239681387	1
128	0	0.942817	0.827904	3.2239681387	1
129	1	0.792144	0.827904	3.2239681387	1
130	0	0.946987	0.827904	3.2239681387	0
131	0	0.608524	0.827904	3.2239681387	0
132	0	1.422157	0.827904	3.2239681387	1
133	0	0.853823	0.827904	3.2239681387	1
134	0	1.203120	0.827904	3.2239681387	0
135	1	0.844468	0.827904	3.2239681387	1
136	1	0.624110	0.827904	3.2239681387	0
