   1.0000000e+00   0.0000000e+00   3.5117710e+00   8.2486800e-01   2.9848968e+00   0.0000000e+00
   2.0000000e+00   0.0000000e+00   1.3374050e+00   8.2486800e-01   2.9848968e+00   0.0000000e+00
   3.0000000e+00   1.0000000e+00   4.6276800e-01   8.2486800e-01   2.9848968e+00   0.0000000e+00
   4.0000000e+00   0.0000000e+00   1.3307320e+00   8.2486800e-01   2.9848968e+00   1.0000000e+00
   5.0000000e+00   0.0000000e+00   7.8694600e-01   8.2486800e-01   2.9848968e+00   0.0000000e+00
   6.0000000e+00   0.0000000e+00   6.7687400e-01   8.2486800e-01   2.9848968e+00   1.0000000e+00
   7.0000000e+00   0.0000000e+00   5.3958100e-01   8.2486800e-01   2.9848968e+00   1.0000000e+00
   8.0000000e+00   1.0000000e+00   6.1850500e-01   8.2486800e-01   2.9848968e+00   1.0000000e+00
   9.0000000e+00   0.0000000e+00   1.8981690e+00   8.2486800e-01   2.9848968e+00   1.0000000e+00
   1.0000000e+01   1.0000000e+00   7.8417200e-01   8.2486800e-01   2.9848968e+00   0.0000000e+00
   1.1000000e+01   0.0000000e+00   6.6947600e-01   8.2486800e-01   2.9848968e+00   0.0000000e+00
   1.2000000e+01   1.0000000e+00   9.1528500e-01   8.2486800e-01   2.9848968e+00   1.0000000e+00
   1.3000000e+01   0.0000000e+00   1.4095110e+00   8.2486800e-01   2.9848968e+00   0.0000000e+00
   1.4000000e+01   0.0000000e+00   1.0056100e+00   8.2486800e-01   2.9848968e+00   0.0000000e+00
   1.5000000e+01   0.0000000e+00   5.6199900e-01   8.2486800e-01   2.9848968e+00   1.0000000e+00
   1.6000000e+01   0.0000000e+00   5.5342300e-01   8.2486800e-01   2.9848968e+00   1.0000000e+00
   1.7000000e+01   1.0000000e+00   8.8840700e-01   8.2486800e-01   2.9848968e+00   1.0000000e+00
   1.8000000e+01   1.0000000e+00   7.3901000e-01   8.2486800e-01   2.9848968e+00   0.0000000e+00
   1.9000000e+01   0.0000000e+00   1.0199900e+00   8.2486800e-01   2.9848968e+00   0.0000000e+00
   2.0000000e+01   0.0000000e+00   5.6328900e-01   8.2486800e-01   2.9848968e+00   1.0000000e+00
   2.1000000e+01   0.0000000e+00   1.7369410e+00   8.2486800e-01   2.9848968e+00   1.0000000e+00
   2.2000000e+01   0.0000000e+00   7.2979200e-01   8.2486800e-01   2.9848968e+00   1.0000000e+00
   2.3000000e+01   0.0000000e+00   8.8251900e-01   8.2486800e-01   2.9848968e+00   0.0000000e+00
   2.4000000e+01   1.0000000e+00   8.0010000e-01   8.2486800e-01   2.9848968e+00   1.0000000e+00
   2.5000000e+01   0.0000000e+00   6.5773700e-01   8.2486800e-01   2.9848968e+00   0.0000000e+00
   2.6000000e+01   0.0000000e+00   4.5465900e-01   8.2486800e-01   2.9848968e+00   0.0000000e+00
   2.7000000e+01   0.0000000e+00   6.6921700e-01   8.2486800e-01   2.9848968e+00   0.0000000e+00
   2.8000000e+01   0.0000000e+00   8.2225100e-01   8.2486800e-01   2.9848968e+00   1.0000000e+00
   2.9000000e+01   0.0000000e+00   7.8555800e-01   8.2486800e-01   2.9848968e+00   1.0000000e+00
   3.0000000e+01   1.0000000e+00   2.7955910e+00   8.2486800e-01   2.9848968e+00   0.0000000e+00
   3.1000000e+01   0.0000000e+00   6.3192100e-01   8.2486800e-01   2.9848968e+00   0.0000000e+00
   3.2000000e+01   1.0000000e+00   6.9973600e-01   8.2486800e-01   2.9848968e+00   1.0000000e+00
   3.3000000e+01   0.0000000e+00   8.7527300e-01   8.2486800e-01   2.9848968e+00   1.0000000e+00
   3.4000000e+01   0.0000000e+00   7.6823300e-01   8.2486800e-01   2.9848968e+00   0.0000000e+00
   3.5000000e+01   0.0000000e+00   1.0961160e+00   8.2486800e-01   2.9848968e+00   0.0000000e+00
   3.6000000e+01   0.0000000e+00   6.4597300e-01   8.2486800e-01   2.9848968e+00   0.0000000e+00
   3.7000000e+01   0.0000000e+00   7.0456800e-01   8.2486800e-01   2.9848968e+00   1.0000000e+00
   3.8000000e+01   0.0000000e+00   6.3432500e-01   8.2486800e-01   2.9848968e+00   1.0000000e+00
   3.9000000e+01   1.0000000e+00   8.3031700e-01   8.2486800e-01   2.9848968e+00   0.0000000e+00
   4.0000000e+01   0.0000000e+00   4.7720100e-01   8.2486800e-01   2.9848968e+00   1.0000000e+00
   4.1000000e+01   1.0000000e+00   5.0276900e-01   8.2486800e-01   2.9848968e+00   0.0000000e+00
   4.2000000e+01   0.0000000e+00   1.3444770e+00   8.2486800e-01   2.9848968e+00   0.0000000e+00
   4.3000000e+01   0.0000000e+00   4.8527500e-01   8.2486800e-01   2.9848968e+00   0.0000000e+00
   4.4000000e+01   1.0000000e+00   6.8220000e-01   8.2486800e-01   2.9848968e+00   1.0000000e+00
   4.5000000e+01   1.0000000e+00   1.6163810e+00   8.2486800e-01   2.9848968e+00   0.0000000e+00
   4.6000000e+01   0.0000000e+00   5.4864100e-01   8.2486800e-01   2.9848968e+00   0.0000000e+00
   4.7000000e+01   0.0000000e+00   1.0704920e+00   8.2486800e-01   2.9848968e+00   0.0000000e+00
   4.8000000e+01   1.0000000e+00   6.3498100e-01   8.2486800e-01   2.9848968e+00   1.0000000e+00
   4.9000000e+01   0.0000000e+00   8.4575800e-01   8.2486800e-01   2.9848968e+00   0.0000000e+00
   5.0000000e+01   1.0000000e+00   1.3082660e+00   8.2486800e-01   2.9848968e+00   1.0000000e+00
   5.1000000e+01   1.0000000e+00   5.8621800e-01   8.2486800e-01   2.9848968e+00   0.0000000e+00
   5.2000000e+01   0.0000000e+00   7.1041600e-01   8.2486800e-01   2.9848968e+00   0.0000000e+00
   5.3000000e+01   0.0000000e+00   7.7983000e-01   8.2486800e-01   2.9848968e+00   0.0000000e+00
   5.4000000e+01   0.0000000e+00   4.5212800e-01   8.2486800e-01   2.9848968e+00   1.0000000e+00
   5.5000000e+01   1.0000000e+00   7.3005900e-01   8.2486800e-01   2.9848968e+00   1.0000000e+00
   5.6000000e+01   0.0000000e+00   4.4426500e-01   8.2486800e-01   2.9848968e+00   0.0000000e+00
   5.7000000e+01   1.0000000e+00   4.3511600e-01   8.2486800e-01   2.9848968e+00   0.0000000e+00
   5.8000000e+01   0.0000000e+00   4.8157800e-01   8.2486800e-01   2.9848968e+00   1.0000000e+00
   5.9000000e+01   0.0000000e+00   7.2709700e-01   8.2486800e-01   2.9848968e+00   1.0000000e+00
   6.0000000e+01   1.0000000e+00   7.0339400e-01   8.2486800e-01   2.9848968e+00   0.0000000e+00
   6.1000000e+01   0.0000000e+00   7.1048100e-01   8.2486800e-01   2.9848968e+00   1.0000000e+00
   6.2000000e+01   0.0000000e+00   1.4985330e+00   8.2486800e-01   2.9848968e+00   1.0000000e+00
   6.3000000e+01   0.0000000e+00   6.3003900e-01   8.2486800e-01   2.9848968e+00   1.0000000e+00
   6.4000000e+01   0.0000000e+00   9.6029000e-01   8.2486800e-01   2.9848968e+00   0.0000000e+00
   6.5000000e+01   1.0000000e+00   1.0433670e+00   8.2486800e-01   2.9848968e+00   1.0000000e+00
   6.6000000e+01   0.0000000e+00   1.4780880e+00   8.2486800e-01   2.9848968e+00   1.0000000e+00
   6.7000000e+01   1.0000000e+00   6.4635900e-01   8.2486800e-01   2.9848968e+00   1.0000000e+00
   6.8000000e+01   0.0000000e+00   8.7564400e-01   8.2486800e-01   2.9848968e+00   1.0000000e+00
   6.9000000e+01   1.0000000e+00   2.3415730e+00   8.2486800e-01   2.9848968e+00   0.0000000e+00
   7.0000000e+01   0.0000000e+00   1.3433840e+00   8.2486800e-01   2.9848968e+00   0.0000000e+00
   7.1000000e+01   0.0000000e+00   6.7574100e-01   8.2486800e-01   2.9848968e+00   0.0000000e+00
   7.2000000e+01   0.0000000e+00   4.7644800e-01   8.2486800e-01   2.9848968e+00   0.0000000e+00
   7.3000000e+01   0.0000000e+00   4.9680400e-01   8.2486800e-01   2.9848968e+00   0.0000000e+00
   7.4000000e+01   0.0000000e+00   9.5806900e-01   8.2486800e-01   2.9848968e+00   0.0000000e+00
   7.5000000e+01   1.0000000e+00   5.0222800e-01   8.2486800e-01   2.9848968e+00   1.0000000e+00
   7.6000000e+01   0.0000000e+00   5.2183300e-01   8.2486800e-01   2.9848968e+00   1.0000000e+00
   7.7000000e+01   1.0000000e+00   1.2179070e+00   8.2486800e-01   2.9848968e+00   0.0000000e+00
   7.8000000e+01   0.0000000e+00   5.0122100e-01   8.2486800e-01   2.9848968e+00   0.0000000e+00
   7.9000000e+01   0.0000000e+00   1.0168830e+00   8.2486800e-01   2.9848968e+00   1.0000000e+00
   8.0000000e+01   0.0000000e+00   7.7174600e-01   8.2486800e-01   2.9848968e+00   0.0000000e+00
   8.1000000e+01   1.0000000e+00   8.1500200e-01   8.2486800e-01   2.9848968e+00   0.0000000e+00
   8.2000000e+01   0.0000000e+00   5.6448200e-01   8.2486800e-01   2.9848968e+00   1.0000000e+00
   8.3000000e+01   0.0000000e+00   4.4016200e-01   8.2486800e-01   2.9848968e+00   0.0000000e+00
   8.4000000e+01   0.0000000e+00   4.6429200e-01   8.2486800e-01   2.9848968e+00   1.0000000e+00
   8.5000000e+01   0.0000000e+00   4.9303700e-01   8.2486800e-01   2.9848968e+00   1.0000000e+00
   8.6000000e+01   1.0000000e+00   9.1327200e-01   8.2486800e-01   2.9848968e+00   1.0000000e+00
   8.7000000e+01   0.0000000e+00   4.9759100e-01   8.2486800e-01   2.9848968e+00   1.0000000e+00
   8.8000000e+01   0.0000000e+00   6.0139800e-01   8.2486800e-01   2.9848968e+00   0.0000000e+00
   8.9000000e+01   0.0000000e+00   1.6196910e+00   8.2486800e-01   2.9848968e+00   1.0000000e+00
   9.0000000e+01   1.0000000e+00   2.7886260e+00   8.2486800e-01   2.9848968e+00   0.0000000e+00
   9.1000000e+01   0.0000000e+00   1.0049810e+00   8.2486800e-01   2.9848968e+00   0.0000000e+00
   9.2000000e+01   0.0000000e+00   6.2480600e-01   8.2486800e-01   2.9848968e+00   1.0000000e+00
   9.3000000e+01   1.0000000e+00   1.5057110e+00   8.2486800e-01   2.9848968e+00   1.0000000e+00
   9.4000000e+01   0.0000000e+00   1.2603140e+00   8.2486800e-01   2.9848968e+00   1.0000000e+00
   9.5000000e+01   1.0000000e+00   1.0852760e+00   8.2486800e-01   2.9848968e+00   0.0000000e+00
   9.6000000e+01   0.0000000e+00   6.8051600e-01   8.2486800e-01   2.9848968e+00   1.0000000e+00
   9.7000000e+01   0.0000000e+00   1.1384900e+00   8.2486800e-01   2.9848968e+00   0.0000000e+00
   9.8000000e+01   1.0000000e+00   9.7125400e-01   8.2486800e-01   2.9848968e+00   1.0000000e+00
   9.9000000e+01   0.0000000e+00   1.5087730e+00   8.2486800e-01   2.9848968e+00   1.0000000e+00
   1.0000000e+02   0.0000000e+00   9.8362500e-01   8.2486800e-01   2.9848968e+00   1.0000000e+00
   1.0100000e+02   1.0000000e+00   8.4774400e-01   8.2486800e-01   2.9848968e+00   1.0000000e+00
   1.0200000e+02   0.0000000e+00   2.6592560e+00   8.2486800e-01   2.9848968e+00   0.0000000e+00
   1.0300000e+02   0.0000000e+00   5.5173600e-01   8.2486800e-01   2.9848968e+00   1.0000000e+00
   1.0400000e+02   0.0000000e+00   2.4349920e+00   8.2486800e-01   2.9848968e+00   0.0000000e+00
   1.0500000e+02   1.0000000e+00   2.2649450e+00   8.2486800e-01   2.9848968e+00   0.0000000e+00
   1.0600000e+02   0.0000000e+00   4.6645800e-01   8.2486800e-01   2.9848968e+00   0.0000000e+00
   1.0700000e+02   0.0000000e+00   7.4331700e-01   8.2486800e-01   2.9848968e+00   0.0000000e+00
   1.0800000e+02   0.0000000e+00   7.6300700e-01   8.2486800e-01   2.9848968e+00   1.0000000e+00
   1.0900000e+02   1.0000000e+00   5.4842300e-01   8.2486800e-01   2.9848968e+00   1.0000000e+00
   1.1000000e+02   0.0000000e+00   4.9984900e-01   8.2486800e-01   2.9848968e+00   1.0000000e+00
   1.1100000e+02   0.0000000e+00   6.9119100e-01   8.2486800e-01   2.9848968e+00   1.0000000e+00
   1.1200000e+02   1.0000000e+00   1.3580580e+00   8.2486800e-01   2.9848968e+00   0.0000000e+00
   1.1300000e+02   0.0000000e+00   7.0233700e-01   8.2486800e-01   2.9848968e+00   1.0000000e+00
   1.1400000e+02   0.0000000e+00   5.4437800e-01   8.2486800e-01   2.9848968e+00   0.0000000e+00
   1.1500000e+02   1.0000000e+00   9.4996800e-01   8.2486800e-01   2.9848968e+00   0.0000000e+00
   1.1600000e+02   0.0000000e+00   7.5013400e-01   8.2486800e-01   2.9848968e+00   1.0000000e+00
   1.1700000e+02   1.0000000e+00   7.5494100e-01   8.2486800e-01   2.9848968e+00   1.0000000e+00
   1.1800000e+02   0.0000000e+00   5.9810600e-01   8.2486800e-01   2.9848968e+00   0.0000000e+00
   1.1900000e+02   0.0000000e+00   6.5573700e-01   8.2486800e-01   2.9848968e+00   0.0000000e+00
   1.2000000e+02   0.0000000e+00   1.1462510e+00   8.2486800e-01   2.9848968e+00   0.0000000e+00
   1.2100000e+02   0.0000000e+00   6.9686400e-01   8.2486800e-01   2.9848968e+00   1.0000000e+00
   1.2200000e+02   0.0000000e+00   1.2618260e+00   8.2486800e-01   2.9848968e+00   1.0000000e+00
   1.2300000e+02   0.0000000e+00   8.4017700e-01   8.2486800e-01   2.9848968e+00   0.0000000e+00
   1.2400000e+02   0.0000000e+00   6.1660500e-01   8.2486800e-01   2.9848968e+00   1.0000000e+00
   1.2500000e+02   0.0000000e+00   7.4364100e-01   8.2486800e-01   2.9848968e+00   0.0000000e+00
   1.2600000e+02   0.0000000e+00   8.3205200e-01   8.2486800e-01   2.9848968e+00   1.0000000e+00
   1.2700000e+02   0.0000000e+00   1.8923310e+00   8.2486800e-01   2.9848968e+00   0.0000000e+00
   1.2800000e+02   1.0000000e+00   1.9535120e+00   8.2486800e-01   2.9848968e+00   0.0000000e+00
   1.2900000e+02   0.0000000e+00   7.6397300e-01   8.2486800e-01   2.9848968e+00   1.0000000e+00
   1.3000000e+02   0.0000000e+00   5.7755700e-01   8.2486800e-01   2.9848968e+00   0.0000000e+00
   1.3100000e+02   0.0000000e+00   8.1374300e-01   8.2486800e-01   2.9848968e+00   1.0000000e+00
   1.3200000e+02   0.0000000e+00   5.6319900e-01   8.2486800e-01   2.9848968e+00   1.0000000e+00
   1.3300000e+02   1.0000000e+00   9.2581800e-01   8.2486800e-01   2.9848968e+00   1.0000000e+00
   1.3400000e+02   0.0000000e+00   9.1754200e-01   8.2486800e-01   2.9848968e+00   0.0000000e+00
   1.3500000e+02   1.0000000e+00   1.4021260e+00   8.2486800e-01   2.9848968e+00   1.0000000e+00
   1.3600000e+02   1.0000000e+00   7.3998200e-01   8.2486800e-01   2.9848968e+00   0.0000000e+00
