1	0	1.180289	0.820077	3.2032938469	1
2	0	0.591662	0.820077	3.2032938469	0
3	0	0.950721	0.820077	3.2032938469	0
4	0	2.048420	0.820077	3.2032938469	1
5	0	0.647458	0.820077	3.2032938469	1
6	1	2.198392	0.820077	3.2032938469	1
7	0	0.862879	0.820077	3.2032938469	1
8	1	1.274027	0.820077	3.2032938469	0
9	0	1.585174	0.820077	3.2032938469	0
10	0	1.264793	0.820077	3.2032938469	0
11	0	0.576789	0.820077	3.2032938469	1
12	1	1.026804	0.820077	3.2032938469	1
13	0	0.689926	0.820077	3.2032938469	0
14	1	1.200937	0.820077	3.2032938469	0
15	0	0.923196	0.820077	3.2032938469	0
16	0	0.700378	0.820077	3.2032938469	0
17	0	1.463733	0.820077	3.2032938469	1
18	1	1.582449	0.820077	3.2032938469	0
19	0	0.691266	0.820077	3.2032938469	0
20	0	0.768270	0.820077	3.2032938469	0
21	1	0.910485	0.820077	3.2032938469	1
22	0	0.897886	0.820077	3.2032938469	1
23	1	0.831097	0.820077	3.2032938469	0
24	0	0.734439	0.820077	3.2032938469	1
25	1	1.251522	0.820077	3.2032938469	1
26	0	1.840629	0.820077	3.2032938469	1
27	0	0.560419	0.820077	3.2032938469	0
28	0	0.549956	0.820077	3.2032938469	0
29	0	0.637042	0.820077	3.2032938469	1
30	0	1.949323	0.820077	3.2032938469	1
31	1	0.662076	0.820077	3.2032938469	0
32	0	1.274796	0.820077	3.2032938469	0
33	0	0.582309	0.820077	3.2032938469	1
34	0	0.558117	0.820077	3.2032938469	1
35	0	0.516085	0.820077	3.2032938469	0
36	0	0.610828	0.820077	3.2032938469	0
37	1	1.332798	0.820077	3.2032938469	1
38	0	0.837335	0.820077	3.2032938469	1
39	1	0.590166	0.820077	3.2032938469	1
40	0	0.514062	0.820077	3.2032938469	0
41	1	0.949017	0.820077	3.2032938469	0
42	0	0.898071	0.820077	3.2032938469	0
43	0	0.626712	0.820077	3.2032938469	0
44	0	0.562829	0.820077	3.2032938469	1
45	0	0.679142	0.820077	3.2032938469	1
46	0	0.664186	0.820077	3.2032938469	1
47	0	0.861620	0.820077	3.2032938469	1
48	1	1.214380	0.820077	3.2032938469	1
49	0	1.101834	0.820077	3.2032938469	1
50	0	0.943425	0.820077	3.2032938469	0
51	1	0.578887	0.820077	3.2032938469	0
52	1	0.966257	0.820077	3.2032938469	0
53	0	0.935628	0.820077	3.2032938469	0
54	0	0.781047	0.820077	3.2032938469	0
55	0	0.860884	0.820077	3.2032938469	1
56	0	0.790602	0.820077	3.2032938469	0
57	0	2.315905	0.820077	3.2032938469	1
58	1	0.883747	0.820077	3.2032938469	1
59	0	1.680047	0.820077	3.2032938469	0
60	0	1.961831	0.820077	3.2032938469	1
61	0	0.548515	0.820077	3.2032938469	0
62	1	0.504665	0.820077	3.2032938469	0
63	0	0.873600	0.820077	3.2032938469	1
64	0	1.314509	0.820077	3.2032938469	0
65	1	1.530683	0.820077	3.2032938469	1
66	0	0.559878	0.820077	3.2032938469	0
67	1	0.617143	0.820077	3.2032938469	1
68	0	0.935547	0.820077	3.2032938469	1
69	1	0.612622	0.820077	3.2032938469	0
70	0	1.162595	0.820077	3.2032938469	1
71	0	2.868883	0.820077	3.2032938469	1
72	0	1.252229	0.820077	3.2032938469	1
73	1	0.837226	0.820077	3.2032938469	0
74	0	0.854207	0.820077	3.2032938469	1
75	1	0.787170	0.820077	3.2032938469	1
76	0	1.161875	0.820077	3.2032938469	0
77	0	0.624072	0.820077	3.2032938469	0
78	0	1.196177	0.820077	3.2032938469	0
79	1	0.541826	0.820077	3.2032938469	0
80	0	0.694100	0.820077	3.2032938469	0
81	1	0.585521	0.820077	3.2032938469	1
82	0	2.194963	0.820077	3.2032938469	0
83	1	2.790637	0.820077	3.2032938469	1
84	0	0.599408	0.820077	3.2032938469	1
85	0	1.619212	0.820077	3.2032938469	1
86	0	1.264218	0.820077	3.2032938469	0
87	0	2.371673	0.820077	3.2032938469	0
88	0	0.670468	0.820077	3.2032938469	1
89	0	0.775075	0.820077	3.2032938469	0
90	0	0.513489	0.820077	3.2032938469	0
91	0	0.681003	0.820077	3.2032938469	0
92	0	0.796297	0.820077	3.2032938469	1
93	0	0.706372	0.820077	3.2032938469	0
94	1	0.503237	0.820077	3.2032938469	0
95	1	0.582327	0.820077	3.2032938469	1
96	0	0.614840	0.820077	3.2032938469	0
97	1	0.613305	0.820077	3.2032938469	0
98	0	1.624123	0.820077	3.2032938469	1
99	1	0.578102	0.820077	3.2032938469	1
100	0	1.008617	0.820077	3.2032938469	1
101	0	0.574078	0.820077	3.2032938469	1
102	0	0.719271	0.820077	3.2032938469	1
103	1	0.845927	0.820077	3.2032938469	0
104	1	1.101669	0.820077	3.2032938469	0
105	0	0.638306	0.820077	3.2032938469	0
106	0	0.867075	0.820077	3.2032938469	1
107	0	1.238024	0.820077	3.2032938469	0
108	1	2.316941	0.820077	3.2032938469	1
109	0	0.517307	0.820077	3.2032938469	0
110	0	1.067295	0.820077	3.2032938469	0
111	0	0.717478	0.820077	3.2032938469	0
112	0	0.728819	0.820077	3.2032938469	1
113	1	1.810736	0.820077	3.2032938469	0
114	0	1.008615	0.820077	3.2032938469	0
115	1	1.550846	0.820077	3.2032938469	1
116	0	0.822286	0.820077	3.2032938469	1
117	0	0.589554	0.820077	3.2032938469	1
118	0	1.554602	0.820077	3.2032938469	0
119	0	0.787519	0.820077	3.2032938469	1
120	1	1.120950	0.820077	3.2032938469	1
121	0	0.834435	0.820077	3.2032938469	1
122	0	0.856261	0.820077	3.2032938469	0
123	1	1.009819	0.820077	3.2032938469	0
124	0	1.024988	0.820077	3.2032938469	0
125	0	1.713866	0.820077	3.2032938469	1
126	1	0.619335	0.820077	3.2032938469	1
127	0	0.765005	0.820077	3.2032938469	1
128	0	1.340332	0.820077	3.2032938469	1
129	1	1.071844	0.820077	3.2032938469	0
130	0	1.001041	0.820077	3.2032938469	0
131	0	1.376461	0.820077	3.2032938469	1
132	0	0.547409	0.820077	3.2032938469	1
133	0	0.634863	0.820077	3.2032938469	1
134	0	0.686222	0.820077	3.2032938469	0
135	1	0.623124	0.820077	3.2032938469	0
136	1	0.622302	0.820077	3.2032938469	1
