1	0	2.421897	0.820978	3.2214363866	0
2	0	0.807595	0.820978	3.2214363866	1
3	0	0.673125	0.820978	3.2214363866	1
4	0	1.113852	0.820978	3.2214363866	1
5	1	0.546031	0.820978	3.2214363866	1
6	1	0.683986	0.820978	3.2214363866	0
7	0	1.711253	0.820978	3.2214363866	1
8	0	1.419164	0.820978	3.2214363866	0
9	0	1.350963	0.820978	3.2214363866	0
10	0	0.944368	0.820978	3.2214363866	0
11	1	0.782395	0.820978	3.2214363866	1
12	0	0.551191	0.820978	3.2214363866	0
13	0	0.539260	0.820978	3.2214363866	1
14	1	0.529600	0.820978	3.2214363866	0
15	1	0.610033	0.820978	3.2214363866	0
16	0	0.673142	0.820978	3.2214363866	1
17	0	0.813219	0.820978	3.2214363866	0
18	1	1.374355	0.820978	3.2214363866	1
19	1	0.612826	0.820978	3.2214363866	0
20	0	1.024485	0.820978	3.2214363866	0
21	0	1.458156	0.820978	3.2214363866	1
22	0	1.068664	0.820978	3.2214363866	0
23	0	2.073697	0.820978	3.2214363866	1
24	0	1.012404	0.820978	3.2214363866	0
25	0	1.025824	0.820978	3.2214363866	1
26	0	1.244858	0.820978	3.2214363866	0
27	0	2.086936	0.820978	3.2214363866	1
28	1	1.080804	0.820978	3.2214363866	1
29	0	1.865425	0.820978	3.2214363866	0
30	1	0.545563	0.820978	3.2214363866	0
31	0	1.153443	0.820978	3.2214363866	0
32	0	1.135530	0.820978	3.2214363866	1
33	1	0.673542	0.820978	3.2214363866	1
34	0	0.564032	0.820978	3.2214363866	1
35	0	0.575764	0.820978	3.2214363866	1
36	0	1.311701	0.820978	3.2214363866	1
37	0	0.555930	0.820978	3.2214363866	0
38	1	0.926377	0.820978	3.2214363866	1
39	0	0.990047	0.820978	3.2214363866	1
40	1	1.320094	0.820978	3.2214363866	0
41	0	1.138372	0.820978	3.2214363866	1
42	0	0.811504	0.820978	3.2214363866	0
43	0	0.659557	0.820978	3.2214363866	1
44	1	0.976645	0.820978	3.2214363866	1
45	0	0.960975	0.820978	3.2214363866	1
46	1	0.585355	0.820978	3.2214363866	0
47	0	0.564581	0.820978	3.2214363866	0
48	0	0.581566	0.820978	3.2214363866	1
49	1	1.753535	0.820978	3.2214363866	0
50	0	1.073938	0.820978	3.2214363866	0
51	0	0.841683	0.820978	3.2214363866	0
52	0	0.868695	0.820978	3.2214363866	0
53	1	1.206544	0.820978	3.2214363866	1
54	0	0.841133	0.820978	3.2214363866	0
55	0	0.680684	0.820978	3.2214363866	1
56	1	0.924032	0.820978	3.2214363866	0
57	0	0.806107	0.820978	3.2214363866	0
58	0	0.925318	0.820978	3.2214363866	1
59	0	1.186493	0.820978	3.2214363866	0
60	1	0.531895	0.820978	3.2214363866	1
61	0	2.282016	0.820978	3.2214363866	1
62	0	2.419929	0.820978	3.2214363866	0
63	0	0.635417	0.820978	3.2214363866	0
64	1	0.749685	0.820978	3.2214363866	1
65	0	0.968103	0.820978	3.2214363866	0
66	1	0.730242	0.820978	3.2214363866	0
67	0	2.132499	0.820978	3.2214363866	1
68	0	0.782251	0.820978	3.2214363866	1
69	0	1.161560	0.820978	3.2214363866	1
70	0	1.929243	0.820978	3.2214363866	0
71	1	1.082304	0.820978	3.2214363866	0
72	0	1.720711	0.820978	3.2214363866	1
73	1	0.685226	0.820978	3.2214363866	1
74	0	0.854626	0.820978	3.2214363866	0
75	0	0.533078	0.820978	3.2214363866	1
76	1	1.304384	0.820978	3.2214363866	0
77	0	1.061323	0.820978	3.2214363866	1
78	0	0.592316	0.820978	3.2214363866	1
79	1	0.582714	0.820978	3.2214363866	1
80	0	0.891742	0.820978	3.2214363866	0
81	0	0.602979	0.820978	3.2214363866	1
82	0	0.566006	0.820978	3.2214363866	0
83	1	0.699553	0.820978	3.2214363866	1
84	0	0.746685	0.820978	3.2214363866	1
85	1	0.589368	0.820978	3.2214363866	0
86	0	0.777018	0.820978	3.2214363866	1
87	0	2.361386	0.820978	3.2214363866	1
88	0	0.835029	0.820978	3.2214363866	0
89	0	1.261911	0.820978	3.2214363866	0
90	1	0.682979	0.820978	3.2214363866	1
91	0	1.046875	0.820978	3.2214363866	1
92	0	0.548083	0.820978	3.2214363866	0
93	0	0.723782	0.820978	3.2214363866	0
94	1	1.475303	0.820978	3.2214363866	0
95	0	1.283786	0.820978	3.2214363866	0
96	1	1.651577	0.820978	3.2214363866	1
97	0	0.610724	0.820978	3.2214363866	1
98	1	1.079486	0.820978	3.2214363866	0
99	0	0.670349	0.820978	3.2214363866	1
100	1	0.651730	0.820978	3.2214363866	0
101	0	0.812859	0.820978	3.2214363866	0
102	0	0.610543	0.820978	3.2214363866	0
103	0	0.521512	0.820978	3.2214363866	1
104	0	0.698465	0.820978	3.2214363866	1
105	1	1.297795	0.820978	3.2214363866	1
106	0	0.739153	0.820978	3.2214363866	1
107	1	0.869546	0.820978	3.2214363866	0
108	0	3.157219	0.820978	3.2214363866	0
109	0	1.055118	0.820978	3.2214363866	0
110	1	0.768363	0.820978	3.2214363866	1
111	0	0.517316	0.820978	3.2214363866	0
112	0	0.736923	0.820978	3.2214363866	0
113	1	0.876210	0.820978	3.2214363866	1
114	0	0.675218	0.820978	3.2214363866	0
115	0	0.551734	0.820978	3.2214363866	1
116	0	0.682046	0.820978	3.2214363866	0
117	0	0.995429	0.820978	3.2214363866	1
118	1	0.892524	0.820978	3.2214363866	0
119	0	1.168267	0.820978	3.2214363866	0
120	1	0.701237	0.820978	3.2214363866	1
121	0	0.568785	0.820978	3.2214363866	1
122	0	0.909023	0.820978	3.2214363866	0
123	0	1.357857	0.820978	3.2214363866	0
124	0	1.607865	0.820978	3.2214363866	0
125	1	1.353076	0.820978	3.2214363866	0
126	0	1.269872	0.820978	3.2214363866	1
127	0	0.573876	0.820978	3.2214363866	1
128	0	0.513077	0.820978	3.2214363866	1
129	0	0.724080	0.820978	3.2214363866	0
130	0	0.668639	0.820978	3.2214363866	0
131	0	0.585442	0.820978	3.2214363866	0
132	0	1.354098	0.820978	3.2214363866	1
133	0	0.635488	0.820978	3.2214363866	1
134	0	0.544964	0.820978	3.2214363866	1
135	1	1.750878	0.820978	3.2214363866	0
136	1	1.521379	0.820978	3.2214363866	1
