1	0	1.159813	0.820326	3.2489297085	1
2	0	1.279000	0.820326	3.2489297085	0
3	1	0.653512	0.820326	3.2489297085	0
4	0	0.674950	0.820326	3.2489297085	0
5	0	0.533182	0.820326	3.2489297085	1
6	0	1.203131	0.820326	3.2489297085	1
7	0	1.950596	0.820326	3.2489297085	1
8	0	0.520610	0.820326	3.2489297085	1
9	0	0.546774	0.820326	3.2489297085	0
10	0	0.543908	0.820326	3.2489297085	1
11	1	1.457773	0.820326	3.2489297085	1
12	0	0.808995	0.820326	3.2489297085	1
13	1	0.516355	0.820326	3.2489297085	0
14	0	1.420919	0.820326	3.2489297085	1
15	0	1.308242	0.820326	3.2489297085	0
16	0	0.723218	0.820326	3.2489297085	0
17	1	1.479276	0.820326	3.2489297085	1
18	0	1.633621	0.820326	3.2489297085	0
19	1	1.001836	0.820326	3.2489297085	1
20	0	0.794226	0.820326	3.2489297085	1
21	1	1.181165	0.820326	3.2489297085	0
22	0	1.570254	0.820326	3.2489297085	0
23	0	1.124518	0.820326	3.2489297085	0
24	1	0.842688	0.820326	3.2489297085	1
25	0	0.966849	0.820326	3.2489297085	0
26	1	1.455844	0.820326	3.2489297085	0
27	0	1.017800	0.820326	3.2489297085	0
28	0	0.681610	0.820326	3.2489297085	1
29	0	0.623064	0.820326	3.2489297085	1
30	0	0.570089	0.820326	3.2489297085	1
31	0	0.898396	0.820326	3.2489297085	0
32	1	0.834373	0.820326	3.2489297085	1
33	0	0.668822	0.820326	3.2489297085	0
34	1	1.135365	0.820326	3.2489297085	0
35	0	0.657121	0.820326	3.2489297085	1
36	1	1.073338	0.820326	3.2489297085	0
37	1	1.864038	0.820326	3.2489297085	1
38	0	1.126080	0.820326	3.2489297085	0
39	0	0.868911	0.820326	3.2489297085	1
40	0	2.194044	0.820326	3.2489297085	1
41	1	1.798851	0.820326	3.2489297085	0
42	0	0.879797	0.820326	3.2489297085	1
43	0	0.858187	0.820326	3.2489297085	0
44	0	0.566728	0.820326	3.2489297085	1
45	1	1.593344	0.820326	3.2489297085	1
46	0	0.557149	0.820326	3.2489297085	0
47	0	0.657969	0.820326	3.2489297085	1
48	0	0.779066	0.820326	3.2489297085	0
49	0	1.979745	0.820326	3.2489297085	1
50	1	0.959485	0.820326	3.2489297085	1
51	0	0.713899	0.820326	3.2489297085	0
52	0	1.069407	0.820326	3.2489297085	1
53	1	0.862598	0.820326	3.2489297085	0
54	0	0.903357	0.820326	3.2489297085	0
55	1	0.891631	0.820326	3.2489297085	1
56	0	0.565796	0.820326	3.2489297085	0
57	0	2.678363	0.820326	3.2489297085	0
58	1	1.013727	0.820326	3.2489297085	0
59	0	0.707792	0.820326	3.2489297085	1
60	0	1.362013	0.820326	3.2489297085	1
61	0	1.008120	0.820326	3.2489297085	1
62	0	1.302406	0.820326	3.2489297085	1
63	0	0.949788	0.820326	3.2489297085	1
64	0	0.982455	0.820326	3.2489297085	0
65	1	0.615109	0.820326	3.2489297085	0
66	0	1.474887	0.820326	3.2489297085	0
67	0	0.967225	0.820326	3.2489297085	0
68	0	0.607454	0.820326	3.2489297085	0
69	1	0.621974	0.820326	3.2489297085	1
70	0	0.852088	0.820326	3.2489297085	1
71	0	1.364046	0.820326	3.2489297085	0
72	1	0.678387	0.820326	3.2489297085	1
73	0	0.674649	0.820326	3.2489297085	0
74	0	0.818483	0.820326	3.2489297085	0
75	0	0.972983	0.820326	3.2489297085	1
76	0	0.572344	0.820326	3.2489297085	1
77	0	0.772460	0.820326	3.2489297085	0
78	0	0.676923	0.820326	3.2489297085	0
79	0	0.642674	0.820326	3.2489297085	0
80	0	1.132829	0.820326	3.2489297085	1
81	1	0.520696	0.820326	3.2489297085	0
82	0	1.523019	0.820326	3.2489297085	0
83	0	0.582261	0.820326	3.2489297085	1
84	1	1.054417	0.820326	3.2489297085	1
85	0	0.785032	0.820326	3.2489297085	0
86	0	0.533716	0.820326	3.2489297085	0
87	0	0.675046	0.820326	3.2489297085	1
88	1	2.028000	0.820326	3.2489297085	0
89	0	0.977693	0.820326	3.2489297085	1
90	1	0.708318	0.820326	3.2489297085	0
91	0	0.594313	0.820326	3.2489297085	1
92	1	0.870535	0.820326	3.2489297085	1
93	0	1.952328	0.820326	3.2489297085	1
94	0	1.545673	0.820326	3.2489297085	1
95	1	0.731716	0.820326	3.2489297085	0
96	1	1.056409	0.820326	3.2489297085	1
97	0	0.525631	0.820326	3.2489297085	0
98	0	0.704966	0.820326	3.2489297085	0
99	0	1.026844	0.820326	3.2489297085	1
100	0	1.732690	0.820326	3.2489297085	0
101	1	1.205780	0.820326	3.2489297085	0
102	1	0.839122	0.820326	3.2489297085	1
103	0	0.535810	0.820326	3.2489297085	1
104	1	0.868577	0.820326	3.2489297085	1
105	0	0.558863	0.820326	3.2489297085	1
106	0	0.584413	0.820326	3.2489297085	1
107	0	1.133298	0.820326	3.2489297085	0
108	0	0.839335	0.820326	3.2489297085	0
109	0	1.858359	0.820326	3.2489297085	0
110	0	0.550093	0.820326	3.2489297085	0
111	0	0.564072	0.820326	3.2489297085	1
112	1	0.586223	0.820326	3.2489297085	0
113	0	0.927928	0.820326	3.2489297085	1
114	1	2.304557	0.820326	3.2489297085	1
115	0	1.632374	0.820326	3.2489297085	0
116	0	1.096732	0.820326	3.2489297085	0
117	1	0.688392	0.820326	3.2489297085	0
118	0	1.267845	0.820326	3.2489297085	1
119	1	1.111672	0.820326	3.2489297085	0
120	0	0.870174	0.820326	3.2489297085	1
121	0	1.196626	0.820326	3.2489297085	0
122	0	0.505842	0.820326	3.2489297085	0
123	1	0.667349	0.820326	3.2489297085	1
124	0	0.579697	0.820326	3.2489297085	1
125	0	0.726656	0.820326	3.2489297085	1
126	0	1.125271	0.820326	3.2489297085	1
127	1	0.831956	0.820326	3.2489297085	0
128	0	0.789835	0.820326	3.2489297085	0
129	1	1.369779	0.820326	3.2489297085	1
130	0	1.523206	0.820326	3.2489297085	0
131	0	0.587938	0.820326	3.2489297085	0
132	0	1.844153	0.820326	3.2489297085	0
133	0	0.572535	0.820326	3.2489297085	1
134	0	1.468451	0.820326	3.2489297085	1
135	1	0.608309	0.820326	3.2489297085	1
136	1	0.798982	0.820326	3.2489297085	0
