1	0	0.960514	0.823368	3.1721789231	0
2	0	0.911381	0.823368	3.1721789231	1
3	1	0.502789	0.823368	3.1721789231	0
4	0	0.787388	0.823368	3.1721789231	0
5	1	0.560766	0.823368	3.1721789231	1
6	1	0.756207	0.823368	3.1721789231	0
7	0	2.574236	0.823368	3.1721789231	1
8	0	0.823210	0.823368	3.1721789231	1
9	0	0.567212	0.823368	3.1721789231	0
10	0	0.627326	0.823368	3.1721789231	0
11	1	0.523272	0.823368	3.1721789231	1
12	0	0.743794	0.823368	3.1721789231	0
13	0	1.467465	0.823368	3.1721789231	0
14	0	1.371183	0.823368	3.1721789231	1
15	1	1.126400	0.823368	3.1721789231	1
16	0	0.636824	0.823368	3.1721789231	1
17	0	0.583301	0.823368	3.1721789231	1
18	1	2.107263	0.823368	3.1721789231	0
19	0	0.694039	0.823368	3.1721789231	0
20	0	2.068767	0.823368	3.1721789231	1
21	0	1.663487	0.823368	3.1721789231	1
22	1	2.768429	0.823368	3.1721789231	1
23	0	0.729207	0.823368	3.1721789231	1
24	1	0.779539	0.823368	3.1721789231	0
25	0	0.586503	0.823368	3.1721789231	1
26	0	0.773269	0.823368	3.1721789231	0
27	0	1.621981	0.823368	3.1721789231	0
28	1	1.311722	0.823368	3.1721789231	1
29	0	0.611898	0.823368	3.1721789231	0
30	1	0.738325	0.823368	3.1721789231	0
31	0	0.807369	0.823368	3.1721789231	0
32	0	1.022423	0.823368	3.1721789231	1
33	0	0.849843	0.823368	3.1721789231	1
34	0	0.773523	0.823368	3.1721789231	0
35	1	0.616235	0.823368	3.1721789231	0
36	0	0.606200	0.823368	3.1721789231	1
37	0	1.229321	0.823368	3.1721789231	0
38	0	0.764608	0.823368	3.1721789231	1
39	1	0.702418	0.823368	3.1721789231	1
40	0	1.090237	0.823368	3.1721789231	0
41	1	0.667786	0.823368	3.1721789231	0
42	1	0.541159	0.823368	3.1721789231	1
43	0	0.637031	0.823368	3.1721789231	1
44	1	1.034038	0.823368	3.1721789231	1
45	0	0.635258	0.823368	3.1721789231	0
46	0	0.667842	0.823368	3.1721789231	0
47	1	1.265389	0.823368	3.1721789231	0
48	0	0.899525	0.823368	3.1721789231	1
49	0	0.831169	0.823368	3.1721789231	0
50	1	1.032162	0.823368	3.1721789231	1
51	0	1.575367	0.823368	3.1721789231	1
52	0	0.721721	0.823368	3.1721789231	1
53	0	0.515569	0.823368	3.1721789231	0
54	0	0.522398	0.823368	3.1721789231	1
55	0	0.691058	0.823368	3.1721789231	1
56	0	0.908490	0.823368	3.1721789231	1
57	1	1.045391	0.823368	3.1721789231	0
58	0	1.155724	0.823368	3.1721789231	0
59	0	0.539775	0.823368	3.1721789231	0
60	0	1.471435	0.823368	3.1721789231	1
61	1	1.396193	0.823368	3.1721789231	0
62	0	0.656082	0.823368	3.1721789231	0
63	0	1.139565	0.823368	3.1721789231	0
64	0	3.414464	0.823368	3.1721789231	0
65	0	1.319798	0.823368	3.1721789231	1
66	1	1.928768	0.823368	3.1721789231	1
67	0	0.558531	0.823368	3.1721789231	0
68	1	2.475814	0.823368	3.1721789231	1
69	0	0.614718	0.823368	3.1721789231	1
70	0	0.758151	0.823368	3.1721789231	1
71	0	0.614159	0.823368	3.1721789231	1
72	0	1.757812	0.823368	3.1721789231	0
73	0	1.536455	0.823368	3.1721789231	1
74	0	0.500373	0.823368	3.1721789231	1
75	0	0.697859	0.823368	3.1721789231	0
76	0	1.143092	0.823368	3.1721789231	1
77	1	1.521531	0.823368	3.1721789231	0
78	0	1.600408	0.823368	3.1721789231	0
79	0	1.353354	0.823368	3.1721789231	0
80	0	0.712880	0.823368	3.1721789231	1
81	1	0.677032	0.823368	3.1721789231	1
82	0	0.535787	0.823368	3.1721789231	1
83	1	1.311657	0.823368	3.1721789231	0
84	0	0.569196	0.823368	3.1721789231	0
85	1	0.890452	0.823368	3.1721789231	0
86	0	1.782303	0.823368	3.1721789231	0
87	0	0.576761	0.823368	3.1721789231	0
88	0	0.784404	0.823368	3.1721789231	1
89	1	0.503467	0.823368	3.1721789231	1
90	0	0.635818	0.823368	3.1721789231	0
91	1	0.910882	0.823368	3.1721789231	0
92	0	1.429699	0.823368	3.1721789231	1
93	0	0.924838	0.823368	3.1721789231	1
94	0	0.840190	0.823368	3.1721789231	0
95	1	0.531937	0.823368	3.1721789231	1
96	0	0.765872	0.823368	3.1721789231	0
97	1	2.371601	0.823368	3.1721789231	0
98	0	1.283823	0.823368	3.1721789231	1
99	1	0.680239	0.823368	3.1721789231	1
100	0	0.638048	0.823368	3.1721789231	1
101	0	1.637146	0.823368	3.1721789231	0
102	0	1.146714	0.823368	3.1721789231	0
103	0	0.898104	0.823368	3.1721789231	1
104	1	0.568569	0.823368	3.1721789231	1
105	0	0.689702	0.823368	3.1721789231	0
106	1	1.336078	0.823368	3.1721789231	0
107	0	0.569427	0.823368	3.1721789231	1
108	1	0.969582	0.823368	3.1721789231	1
109	0	0.545325	0.823368	3.1721789231	1
110	0	0.891886	0.823368	3.1721789231	0
111	0	1.964002	0.823368	3.1721789231	1
112	0	1.035357	0.823368	3.1721789231	0
113	1	0.991659	0.823368	3.1721789231	0
114	0	0.581517	0.823368	3.1721789231	0
115	0	0.868591	0.823368	3.1721789231	1
116	0	0.502431	0.823368	3.1721789231	1
117	0	0.713435	0.823368	3.1721789231	0
118	0	1.041988	0.823368	3.1721789231	0
119	0	0.801177	0.823368	3.1721789231	1
120	0	0.624754	0.823368	3.1721789231	0
121	1	0.573481	0.823368	3.1721789231	0
122	0	0.530773	0.823368	3.1721789231	1
123	1	1.812572	0.823368	3.1721789231	1
124	0	1.299789	0.823368	3.1721789231	1
125	0	0.556445	0.823368	3.1721789231	0
126	1	1.638758	0.823368	3.1721789231	0
127	0	1.344768	0.823368	3.1721789231	1
128	0	0.953446	0.823368	3.1721789231	0
129	0	0.997719	0.823368	3.1721789231	1
130	0	0.589738	0.823368	3.1721789231	0
131	1	1.242380	0.823368	3.1721789231	1
132	0	0.880005	0.823368	3.1721789231	1
133	0	0.527313	0.823368	3.1721789231	0
134	1	0.520804	0.823368	3.1721789231	1
135	1	0.981813	0.823368	3.1721789231	0
136	0	1.030576	0.823368	3.1721789231	0
