   1.0000000e+00   0.0000000e+00   1.0564740e+00   8.2078000e-01   2.9806131e+00   1.0000000e+00
   2.0000000e+00   0.0000000e+00   8.7217000e-01   8.2078000e-01   2.9806131e+00   1.0000000e+00
   3.0000000e+00   0.0000000e+00   6.2882500e-01   8.2078000e-01   2.9806131e+00   0.0000000e+00
   4.0000000e+00   1.0000000e+00   7.8278900e-01   8.2078000e-01   2.9806131e+00   1.0000000e+00
   5.0000000e+00   0.0000000e+00   4.9864200e-01   8.2078000e-01   2.9806131e+00   1.0000000e+00
   6.0000000e+00   1.0000000e+00   9.3617600e-01   8.2078000e-01   2.9806131e+00   0.0000000e+00
   7.0000000e+00   0.0000000e+00   1.3353300e+00   8.2078000e-01   2.9806131e+00   1.0000000e+00
   8.0000000e+00   0.0000000e+00   5.0755900e-01   8.2078000e-01   2.9806131e+00   1.0000000e+00
   9.0000000e+00   0.0000000e+00   5.8209000e-01   8.2078000e-01   2.9806131e+00   0.0000000e+00
   1.0000000e+01   0.0000000e+00   9.6412300e-01   8.2078000e-01   2.9806131e+00   0.0000000e+00
   1.1000000e+01   1.0000000e+00   8.1445300e-01   8.2078000e-01   2.9806131e+00   1.0000000e+00
   1.2000000e+01   0.0000000e+00   6.0722500e-01   8.2078000e-01   2.9806131e+00   0.0000000e+00
   1.3000000e+01   0.0000000e+00   1.5850390e+00   8.2078000e-01   2.9806131e+00   1.0000000e+00
   1.4000000e+01   1.0000000e+00   7.5234300e-01   8.2078000e-01   2.9806131e+00   0.0000000e+00
   1.5000000e+01   0.0000000e+00   1.8768840e+00   8.2078000e-01   2.9806131e+00   0.0000000e+00
   1.6000000e+01   1.0000000e+00   8.9552100e-01   8.2078000e-01   2.9806131e+00   0.0000000e+00
   1.7000000e+01   0.0000000e+00   7.9503100e-01   8.2078000e-01   2.9806131e+00   0.0000000e+00
   1.8000000e+01   1.0000000e+00   1.1614480e+00   8.2078000e-01   2.9806131e+00   1.0000000e+00
   1.9000000e+01   0.0000000e+00   1.1152340e+00   8.2078000e-01   2.9806131e+00   0.0000000e+00
   2.0000000e+01   0.0000000e+00   9.6264100e-01   8.2078000e-01   2.9806131e+00   0.0000000e+00
   2.1000000e+01   0.0000000e+00   1.1786720e+00   8.2078000e-01   2.9806131e+00   1.0000000e+00
   2.2000000e+01   0.0000000e+00   4.5991700e-01   8.2078000e-01   2.9806131e+00   1.0000000e+00
   2.3000000e+01   0.0000000e+00   5.7969700e-01   8.2078000e-01   2.9806131e+00   0.0000000e+00
   2.4000000e+01   1.0000000e+00   9.3855500e-01   8.2078000e-01   2.9806131e+00   0.0000000e+00
   2.5000000e+01   0.0000000e+00   1.3450520e+00   8.2078000e-01   2.9806131e+00   0.0000000e+00
   2.6000000e+01   1.0000000e+00   6.6330200e-01   8.2078000e-01   2.9806131e+00   1.0000000e+00
   2.7000000e+01   0.0000000e+00   1.0730430e+00   8.2078000e-01   2.9806131e+00   1.0000000e+00
   2.8000000e+01   0.0000000e+00   1.9271650e+00   8.2078000e-01   2.9806131e+00   1.0000000e+00
   2.9000000e+01   0.0000000e+00   1.4622130e+00   8.2078000e-01   2.9806131e+00   0.0000000e+00
   3.0000000e+01   1.0000000e+00   8.1916100e-01   8.2078000e-01   2.9806131e+00   0.0000000e+00
   3.1000000e+01   0.0000000e+00   6.6967600e-01   8.2078000e-01   2.9806131e+00   1.0000000e+00
   3.2000000e+01   0.0000000e+00   1.5372360e+00   8.2078000e-01   2.9806131e+00   1.0000000e+00
   3.3000000e+01   1.0000000e+00   5.3207600e-01   8.2078000e-01   2.9806131e+00   1.0000000e+00
   3.4000000e+01   0.0000000e+00   6.0088700e-01   8.2078000e-01   2.9806131e+00   0.0000000e+00
   3.5000000e+01   0.0000000e+00   1.4294980e+00   8.2078000e-01   2.9806131e+00   1.0000000e+00
   3.6000000e+01   0.0000000e+00   6.8218500e-01   8.2078000e-01   2.9806131e+00   0.0000000e+00
   3.7000000e+01   0.0000000e+00   1.1357610e+00   8.2078000e-01   2.9806131e+00   1.0000000e+00
   3.8000000e+01   0.0000000e+00   1.4716150e+00   8.2078000e-01   2.9806131e+00   1.0000000e+00
   3.9000000e+01   1.0000000e+00   6.0095900e-01   8.2078000e-01   2.9806131e+00   1.0000000e+00
   4.0000000e+01   0.0000000e+00   4.8141500e-01   8.2078000e-01   2.9806131e+00   1.0000000e+00
   4.1000000e+01   1.0000000e+00   6.7956300e-01   8.2078000e-01   2.9806131e+00   0.0000000e+00
   4.2000000e+01   0.0000000e+00   5.6328600e-01   8.2078000e-01   2.9806131e+00   0.0000000e+00
   4.3000000e+01   1.0000000e+00   4.5769900e-01   8.2078000e-01   2.9806131e+00   1.0000000e+00
   4.4000000e+01   0.0000000e+00   6.4869900e-01   8.2078000e-01   2.9806131e+00   1.0000000e+00
   4.5000000e+01   1.0000000e+00   1.0307080e+00   8.2078000e-01   2.9806131e+00   0.0000000e+00
   4.6000000e+01   0.0000000e+00   6.1628600e-01   8.2078000e-01   2.9806131e+00   1.0000000e+00
   4.7000000e+01   0.0000000e+00   6.3794900e-01   8.2078000e-01   2.9806131e+00   1.0000000e+00
   4.8000000e+01   0.0000000e+00   7.9006100e-01   8.2078000e-01   2.9806131e+00   0.0000000e+00
   4.9000000e+01   1.0000000e+00   7.4989100e-01   8.2078000e-01   2.9806131e+00   0.0000000e+00
   5.0000000e+01   0.0000000e+00   5.4681600e-01   8.2078000e-01   2.9806131e+00   0.0000000e+00
   5.1000000e+01   0.0000000e+00   1.2861590e+00   8.2078000e-01   2.9806131e+00   0.0000000e+00
   5.2000000e+01   0.0000000e+00   7.6765800e-01   8.2078000e-01   2.9806131e+00   0.0000000e+00
   5.3000000e+01   0.0000000e+00   1.0293280e+00   8.2078000e-01   2.9806131e+00   1.0000000e+00
   5.4000000e+01   1.0000000e+00   4.4593700e-01   8.2078000e-01   2.9806131e+00   1.0000000e+00
   5.5000000e+01   0.0000000e+00   4.8907300e-01   8.2078000e-01   2.9806131e+00   0.0000000e+00
   5.6000000e+01   1.0000000e+00   1.2537870e+00   8.2078000e-01   2.9806131e+00   0.0000000e+00
   5.7000000e+01   0.0000000e+00   6.7382000e-01   8.2078000e-01   2.9806131e+00   0.0000000e+00
   5.8000000e+01   0.0000000e+00   1.4664910e+00   8.2078000e-01   2.9806131e+00   0.0000000e+00
   5.9000000e+01   1.0000000e+00   9.6715400e-01   8.2078000e-01   2.9806131e+00   1.0000000e+00
   6.0000000e+01   0.0000000e+00   5.7259500e-01   8.2078000e-01   2.9806131e+00   1.0000000e+00
   6.1000000e+01   1.0000000e+00   4.7448500e-01   8.2078000e-01   2.9806131e+00   1.0000000e+00
   6.2000000e+01   0.0000000e+00   4.9403900e-01   8.2078000e-01   2.9806131e+00   1.0000000e+00
   6.3000000e+01   0.0000000e+00   1.6278400e+00   8.2078000e-01   2.9806131e+00   0.0000000e+00
   6.4000000e+01   0.0000000e+00   1.4841420e+00   8.2078000e-01   2.9806131e+00   1.0000000e+00
   6.5000000e+01   0.0000000e+00   1.0693700e+00   8.2078000e-01   2.9806131e+00   1.0000000e+00
   6.6000000e+01   0.0000000e+00   1.2397170e+00   8.2078000e-01   2.9806131e+00   0.0000000e+00
   6.7000000e+01   1.0000000e+00   5.4626000e-01   8.2078000e-01   2.9806131e+00   0.0000000e+00
   6.8000000e+01   0.0000000e+00   8.0199600e-01   8.2078000e-01   2.9806131e+00   0.0000000e+00
   6.9000000e+01   0.0000000e+00   6.1335600e-01   8.2078000e-01   2.9806131e+00   0.0000000e+00
   7.0000000e+01   0.0000000e+00   1.1163940e+00   8.2078000e-01   2.9806131e+00   1.0000000e+00
   7.1000000e+01   0.0000000e+00   4.3827800e-01   8.2078000e-01   2.9806131e+00   0.0000000e+00
   7.2000000e+01   0.0000000e+00   5.5229100e-01   8.2078000e-01   2.9806131e+00   1.0000000e+00
   7.3000000e+01   0.0000000e+00   5.4010000e-01   8.2078000e-01   2.9806131e+00   0.0000000e+00
   7.4000000e+01   0.0000000e+00   7.4392100e-01   8.2078000e-01   2.9806131e+00   1.0000000e+00
   7.5000000e+01   1.0000000e+00   7.5235500e-01   8.2078000e-01   2.9806131e+00   0.0000000e+00
   7.6000000e+01   0.0000000e+00   8.9185300e-01   8.2078000e-01   2.9806131e+00   1.0000000e+00
   7.7000000e+01   0.0000000e+00   2.4160330e+00   8.2078000e-01   2.9806131e+00   0.0000000e+00
   7.8000000e+01   0.0000000e+00   5.7289500e-01   8.2078000e-01   2.9806131e+00   0.0000000e+00
   7.9000000e+01   1.0000000e+00   4.9919200e-01   8.2078000e-01   2.9806131e+00   1.0000000e+00
   8.0000000e+01   0.0000000e+00   5.2592400e-01   8.2078000e-01   2.9806131e+00   1.0000000e+00
   8.1000000e+01   1.0000000e+00   7.9282500e-01   8.2078000e-01   2.9806131e+00   0.0000000e+00
   8.2000000e+01   0.0000000e+00   8.8209300e-01   8.2078000e-01   2.9806131e+00   1.0000000e+00
   8.3000000e+01   0.0000000e+00   2.2021340e+00   8.2078000e-01   2.9806131e+00   1.0000000e+00
   8.4000000e+01   1.0000000e+00   1.0713690e+00   8.2078000e-01   2.9806131e+00   1.0000000e+00
   8.5000000e+01   0.0000000e+00   8.8791100e-01   8.2078000e-01   2.9806131e+00   0.0000000e+00
   8.6000000e+01   0.0000000e+00   9.2199300e-01   8.2078000e-01   2.9806131e+00   0.0000000e+00
   8.7000000e+01   0.0000000e+00   6.1635100e-01   8.2078000e-01   2.9806131e+00   0.0000000e+00
   8.8000000e+01   0.0000000e+00   7.8787400e-01   8.2078000e-01   2.9806131e+00   1.0000000e+00
   8.9000000e+01   0.0000000e+00   5.5232700e-01   8.2078000e-01   2.9806131e+00   0.0000000e+00
   9.0000000e+01   1.0000000e+00   5.3657200e-01   8.2078000e-01   2.9806131e+00   1.0000000e+00
   9.1000000e+01   0.0000000e+00   1.0149340e+00   8.2078000e-01   2.9806131e+00   1.0000000e+00
   9.2000000e+01   1.0000000e+00   5.2935300e-01   8.2078000e-01   2.9806131e+00   0.0000000e+00
   9.3000000e+01   0.0000000e+00   1.0371530e+00   8.2078000e-01   2.9806131e+00   1.0000000e+00
   9.4000000e+01   0.0000000e+00   4.5135500e-01   8.2078000e-01   2.9806131e+00   0.0000000e+00
   9.5000000e+01   0.0000000e+00   6.6105300e-01   8.2078000e-01   2.9806131e+00   0.0000000e+00
   9.6000000e+01   1.0000000e+00   1.1004100e+00   8.2078000e-01   2.9806131e+00   1.0000000e+00
   9.7000000e+01   1.0000000e+00   1.5315960e+00   8.2078000e-01   2.9806131e+00   0.0000000e+00
   9.8000000e+01   0.0000000e+00   2.7076000e+00   8.2078000e-01   2.9806131e+00   0.0000000e+00
   9.9000000e+01   0.0000000e+00   8.7701400e-01   8.2078000e-01   2.9806131e+00   0.0000000e+00
   1.0000000e+02   1.0000000e+00   1.0748350e+00   8.2078000e-01   2.9806131e+00   1.0000000e+00
   1.0100000e+02   0.0000000e+00   9.2994200e-01   8.2078000e-01   2.9806131e+00   1.0000000e+00
   1.0200000e+02   0.0000000e+00   5.6874600e-01   8.2078000e-01   2.9806131e+00   1.0000000e+00
   1.0300000e+02   0.0000000e+00   5.7750900e-01   8.2078000e-01   2.9806131e+00   1.0000000e+00
   1.0400000e+02   1.0000000e+00   2.5440910e+00   8.2078000e-01   2.9806131e+00   0.0000000e+00
   1.0500000e+02   0.0000000e+00   5.7545000e-01   8.2078000e-01   2.9806131e+00   1.0000000e+00
   1.0600000e+02   1.0000000e+00   7.1880100e-01   8.2078000e-01   2.9806131e+00   0.0000000e+00
   1.0700000e+02   0.0000000e+00   1.4145070e+00   8.2078000e-01   2.9806131e+00   0.0000000e+00
   1.0800000e+02   0.0000000e+00   2.3974980e+00   8.2078000e-01   2.9806131e+00   1.0000000e+00
   1.0900000e+02   0.0000000e+00   8.3833900e-01   8.2078000e-01   2.9806131e+00   1.0000000e+00
   1.1000000e+02   0.0000000e+00   6.4394000e-01   8.2078000e-01   2.9806131e+00   1.0000000e+00
   1.1100000e+02   1.0000000e+00   1.0192200e+00   8.2078000e-01   2.9806131e+00   1.0000000e+00
   1.1200000e+02   0.0000000e+00   1.6879800e+00   8.2078000e-01   2.9806131e+00   0.0000000e+00
   1.1300000e+02   0.0000000e+00   5.9676700e-01   8.2078000e-01   2.9806131e+00   0.0000000e+00
   1.1400000e+02   0.0000000e+00   2.4806290e+00   8.2078000e-01   2.9806131e+00   0.0000000e+00
   1.1500000e+02   0.0000000e+00   1.6096340e+00   8.2078000e-01   2.9806131e+00   0.0000000e+00
   1.1600000e+02   0.0000000e+00   7.5116800e-01   8.2078000e-01   2.9806131e+00   1.0000000e+00
   1.1700000e+02   1.0000000e+00   8.7408700e-01   8.2078000e-01   2.9806131e+00   0.0000000e+00
   1.1800000e+02   1.0000000e+00   4.8048000e-01   8.2078000e-01   2.9806131e+00   1.0000000e+00
   1.1900000e+02   0.0000000e+00   8.0791600e-01   8.2078000e-01   2.9806131e+00   1.0000000e+00
   1.2000000e+02   1.0000000e+00   9.3064000e-01   8.2078000e-01   2.9806131e+00   1.0000000e+00
   1.2100000e+02   1.0000000e+00   4.5726100e-01   8.2078000e-01   2.9806131e+00   0.0000000e+00
   1.2200000e+02   0.0000000e+00   5.7800200e-01   8.2078000e-01   2.9806131e+00   0.0000000e+00
   1.2300000e+02   1.0000000e+00   7.7255600e-01   8.2078000e-01   2.9806131e+00   1.0000000e+00
   1.2400000e+02   0.0000000e+00   6.8414200e-01   8.2078000e-01   2.9806131e+00   1.0000000e+00
   1.2500000e+02   0.0000000e+00   5.5065000e-01   8.2078000e-01   2.9806131e+00   1.0000000e+00
   1.2600000e+02   0.0000000e+00   4.5020600e-01   8.2078000e-01   2.9806131e+00   0.0000000e+00
   1.2700000e+02   0.0000000e+00   5.6096000e-01   8.2078000e-01   2.9806131e+00   0.0000000e+00
   1.2800000e+02   1.0000000e+00   5.5407100e-01   8.2078000e-01   2.9806131e+00   0.0000000e+00
   1.2900000e+02   0.0000000e+00   9.2997900e-01   8.2078000e-01   2.9806131e+00   1.0000000e+00
   1.3000000e+02   0.0000000e+00   1.4241320e+00   8.2078000e-01   2.9806131e+00   1.0000000e+00
   1.3100000e+02   0.0000000e+00   5.0472700e-01   8.2078000e-01   2.9806131e+00   0.0000000e+00
   1.3200000e+02   1.0000000e+00   7.1161600e-01   8.2078000e-01   2.9806131e+00   0.0000000e+00
   1.3300000e+02   0.0000000e+00   1.9305520e+00   8.2078000e-01   2.9806131e+00   1.0000000e+00
   1.3400000e+02   0.0000000e+00   1.4395370e+00   8.2078000e-01   2.9806131e+00   0.0000000e+00
   1.3500000e+02   0.0000000e+00   5.0742100e-01   8.2078000e-01   2.9806131e+00   0.0000000e+00
   1.3600000e+02   1.0000000e+00   1.0286130e+00   8.2078000e-01   2.9806131e+00   1.0000000e+00
