1	0	2.267879	0.819488	2.7405680649	0
2	0	0.782905	0.819488	2.7405680649	1
3	1	0.861229	0.819488	2.7405680649	0
4	1	0.513675	0.819488	2.7405680649	1
5	0	2.664726	0.819488	2.7405680649	1
6	1	0.512358	0.819488	2.7405680649	0
7	0	1.201914	0.819488	2.7405680649	1
8	0	0.696878	0.819488	2.7405680649	1
9	1	0.540587	0.819488	2.7405680649	1
10	0	0.988458	0.819488	2.7405680649	1
11	1	0.722723	0.819488	2.7405680649	1
12	0	0.993716	0.819488	2.7405680649	0
13	1	0.504090	0.819488	2.7405680649	0
14	0	2.953924	0.819488	2.7405680649	0
15	0	0.831147	0.819488	2.7405680649	1
16	1	0.926217	0.819488	2.7405680649	1
17	0	0.548391	0.819488	2.7405680649	1
18	1	0.592672	0.819488	2.7405680649	0
19	0	0.591038	0.819488	2.7405680649	1
20	1	1.289660	0.819488	2.7405680649	1
21	0	1.389263	0.819488	2.7405680649	0
22	1	1.339008	0.819488	2.7405680649	0
23	0	0.500634	0.819488	2.7405680649	0
24	0	0.523255	0.819488	2.7405680649	1
25	0	0.755599	0.819488	2.7405680649	1
26	0	0.545650	0.819488	2.7405680649	1
27	0	0.727482	0.819488	2.7405680649	0
28	0	0.663246	0.819488	2.7405680649	0
29	0	0.991754	0.819488	2.7405680649	0
30	1	0.808769	0.819488	2.7405680649	0
31	0	0.813410	0.819488	2.7405680649	0
32	0	0.554798	0.819488	2.7405680649	1
33	0	1.413941	0.819488	2.7405680649	0
34	0	1.424619	0.819488	2.7405680649	0
35	0	1.319092	0.819488	2.7405680649	0
36	0	2.234696	0.819488	2.7405680649	0
37	0	1.229410	0.819488	2.7405680649	1
38	0	0.644547	0.819488	2.7405680649	0
39	0	0.798345	0.819488	2.7405680649	0
40	0	1.051596	0.819488	2.7405680649	0
41	0	1.322900	0.819488	2.7405680649	1
42	1	0.916007	0.819488	2.7405680649	1
43	0	0.935073	0.819488	2.7405680649	0
44	1	0.664794	0.819488	2.7405680649	0
45	0	1.075753	0.819488	2.7405680649	1
46	1	1.056108	0.819488	2.7405680649	1
47	0	0.937532	0.819488	2.7405680649	1
48	1	0.705245	0.819488	2.7405680649	1
49	0	0.609019	0.819488	2.7405680649	0
50	0	1.478157	0.819488	2.7405680649	1
51	1	0.986065	0.819488	2.7405680649	0
52	0	0.884825	0.819488	2.7405680649	0
53	1	2.325804	0.819488	2.7405680649	1
54	0	1.084959	0.819488	2.7405680649	0
55	0	1.133255	0.819488	2.7405680649	1
56	1	0.563590	0.819488	2.7405680649	0
57	0	2.479507	0.819488	2.7405680649	1
58	0	1.721214	0.819488	2.7405680649	1
59	0	1.400431	0.819488	2.7405680649	0
60	1	0.844730	0.819488	2.7405680649	0
61	0	0.625909	0.819488	2.7405680649	1
62	0	1.093656	0.819488	2.7405680649	0
63	1	0.913262	0.819488	2.7405680649	1
64	0	1.265363	0.819488	2.7405680649	0
65	1	0.510134	0.819488	2.7405680649	1
66	0	0.803986	0.819488	2.7405680649	1
67	1	0.694445	0.819488	2.7405680649	0
68	0	1.061486	0.819488	2.7405680649	1
69	1	1.449078	0.819488	2.7405680649	1
70	0	1.356381	0.819488	2.7405680649	1
71	0	1.350838	0.819488	2.7405680649	1
72	1	3.097159	0.819488	2.7405680649	0
73	0	0.926319	0.819488	2.7405680649	0
74	0	0.609622	0.819488	2.7405680649	0
75	0	0.996645	0.819488	2.7405680649	1
76	0	1.183470	0.819488	2.7405680649	0
77	1	0.600832	0.819488	2.7405680649	0
78	0	1.399776	0.819488	2.7405680649	0
79	0	0.990528	0.819488	2.7405680649	1
80	1	1.016124	0.819488	2.7405680649	1
81	1	0.710001	0.819488	2.7405680649	0
82	0	1.607389	0.819488	2.7405680649	1
83	0	1.166144	0.819488	2.7405680649	0
84	0	1.151895	0.819488	2.7405680649	0
85	0	0.981967	0.819488	2.7405680649	1
86	0	0.905875	0.819488	2.7405680649	1
87	0	0.774939	0.819488	2.7405680649	0
88	1	0.627192	0.819488	2.7405680649	1
89	1	0.714891	0.819488	2.7405680649	0
90	0	0.982494	0.819488	2.7405680649	1
91	0	1.866833	0.819488	2.7405680649	0
92	0	0.771959	0.819488	2.7405680649	0
93	0	0.770915	0.819488	2.7405680649	0
94	0	0.912449	0.819488	2.7405680649	0
95	0	1.168639	0.819488	2.7405680649	1
96	0	0.803128	0.819488	2.7405680649	0
97	1	0.947236	0.819488	2.7405680649	1
98	0	1.075186	0.819488	2.7405680649	1
99	0	0.906120	0.819488	2.7405680649	1
100	0	1.148417	0.819488	2.7405680649	0
101	0	0.890436	0.819488	2.7405680649	1
102	1	0.708815	0.819488	2.7405680649	1
103	0	0.502612	0.819488	2.7405680649	0
104	1	0.547375	0.819488	2.7405680649	0
105	0	1.577836	0.819488	2.7405680649	0
106	0	1.206188	0.819488	2.7405680649	1
107	1	1.213102	0.819488	2.7405680649	1
108	0	0.721934	0.819488	2.7405680649	1
109	0	0.680961	0.819488	2.7405680649	1
110	0	0.564260	0.819488	2.7405680649	0
111	1	0.723497	0.819488	2.7405680649	0
112	0	1.638917	0.819488	2.7405680649	0
113	0	1.119530	0.819488	2.7405680649	0
114	0	0.574341	0.819488	2.7405680649	0
115	0	0.535203	0.819488	2.7405680649	0
116	0	1.220932	0.819488	2.7405680649	0
117	0	1.007167	0.819488	2.7405680649	1
118	1	0.617653	0.819488	2.7405680649	0
119	0	0.775293	0.819488	2.7405680649	1
120	0	0.965334	0.819488	2.7405680649	1
121	0	0.532877	0.819488	2.7405680649	1
122	1	0.711179	0.819488	2.7405680649	1
123	0	0.836773	0.819488	2.7405680649	0
124	1	0.537179	0.819488	2.7405680649	0
125	0	1.144095	0.819488	2.7405680649	0
126	0	0.582254	0.819488	2.7405680649	1
127	0	1.356198	0.819488	2.7405680649	0
128	0	0.950462	0.819488	2.7405680649	1
129	1	0.751366	0.819488	2.7405680649	1
130	0	0.551659	0.819488	2.7405680649	0
131	0	0.634381	0.819488	2.7405680649	1
132	0	0.756406	0.819488	2.7405680649	1
133	0	0.729198	0.819488	2.7405680649	1
134	0	0.575271	0.819488	2.7405680649	1
135	1	0.860573	0.819488	2.7405680649	1
136	1	0.921791	0.819488	2.7405680649	0
