1	0	3.448068	0.836651	2.7263260564	1
2	0	0.552980	0.836651	2.7263260564	0
3	0	0.941908	0.836651	2.7263260564	0
4	0	0.547934	0.836651	2.7263260564	1
5	0	0.522095	0.836651	2.7263260564	1
6	1	0.524140	0.836651	2.7263260564	1
7	0	1.238036	0.836651	2.7263260564	1
8	0	0.785779	0.836651	2.7263260564	0
9	0	0.533610	0.836651	2.7263260564	0
10	1	0.537809	0.836651	2.7263260564	0
11	1	0.955515	0.836651	2.7263260564	1
12	0	0.904347	0.836651	2.7263260564	0
13	0	1.602828	0.836651	2.7263260564	1
14	1	2.467802	0.836651	2.7263260564	0
15	0	0.630287	0.836651	2.7263260564	1
16	1	0.522123	0.836651	2.7263260564	0
17	0	1.336089	0.836651	2.7263260564	0
18	0	0.628362	0.836651	2.7263260564	1
19	0	0.508929	0.836651	2.7263260564	0
20	1	0.607667	0.836651	2.7263260564	1
21	0	0.786007	0.836651	2.7263260564	1
22	1	0.767437	0.836651	2.7263260564	0
23	0	0.567115	0.836651	2.7263260564	1
24	0	0.867450	0.836651	2.7263260564	1
25	1	0.507808	0.836651	2.7263260564	1
26	0	0.975255	0.836651	2.7263260564	0
27	0	0.924930	0.836651	2.7263260564	1
28	0	1.062508	0.836651	2.7263260564	0
29	0	0.616371	0.836651	2.7263260564	0
30	0	0.512098	0.836651	2.7263260564	1
31	0	1.309610	0.836651	2.7263260564	1
32	0	1.012950	0.836651	2.7263260564	0
33	1	1.038304	0.836651	2.7263260564	0
34	0	0.568860	0.836651	2.7263260564	0
35	1	0.518383	0.836651	2.7263260564	1
36	0	1.341640	0.836651	2.7263260564	0
37	0	0.577119	0.836651	2.7263260564	0
38	1	0.789831	0.836651	2.7263260564	1
39	0	1.202510	0.836651	2.7263260564	1
40	0	0.610620	0.836651	2.7263260564	0
41	1	0.517538	0.836651	2.7263260564	0
42	0	0.781859	0.836651	2.7263260564	1
43	0	0.631849	0.836651	2.7263260564	0
44	0	0.510877	0.836651	2.7263260564	0
45	0	1.191124	0.836651	2.7263260564	1
46	0	0.993883	0.836651	2.7263260564	0
47	1	1.765532	0.836651	2.7263260564	1
48	0	0.665974	0.836651	2.7263260564	1
49	0	0.641464	0.836651	2.7263260564	0
50	0	0.622249	0.836651	2.7263260564	1
51	1	1.418238	0.836651	2.7263260564	0
52	0	0.870156	0.836651	2.7263260564	0
53	1	1.046498	0.836651	2.7263260564	0
54	0	0.681449	0.836651	2.7263260564	0
55	1	1.251110	0.836651	2.7263260564	1
56	0	1.124400	0.836651	2.7263260564	1
57	0	1.636733	0.836651	2.7263260564	1
58	1	1.128115	0.836651	2.7263260564	0
59	0	0.778826	0.836651	2.7263260564	1
60	0	2.467000	0.836651	2.7263260564	1
61	0	1.839012	0.836651	2.7263260564	1
62	0	0.594131	0.836651	2.7263260564	0
63	0	0.695472	0.836651	2.7263260564	1
64	0	1.100739	0.836651	2.7263260564	0
65	0	1.137658	0.836651	2.7263260564	0
66	0	0.727497	0.836651	2.7263260564	0
67	1	0.954408	0.836651	2.7263260564	1
68	0	0.652164	0.836651	2.7263260564	1
69	1	0.974798	0.836651	2.7263260564	1
70	0	1.222842	0.836651	2.7263260564	1
71	1	1.407407	0.836651	2.7263260564	0
72	0	0.510787	0.836651	2.7263260564	0
73	0	0.541262	0.836651	2.7263260564	0
74	0	0.591921	0.836651	2.7263260564	1
75	1	1.711047	0.836651	2.7263260564	0
76	0	0.942103	0.836651	2.7263260564	0
77	0	0.794305	0.836651	2.7263260564	0
78	1	1.475999	0.836651	2.7263260564	1
79	0	0.841516	0.836651	2.7263260564	0
80	1	0.866461	0.836651	2.7263260564	0
81	0	0.923137	0.836651	2.7263260564	1
82	0	0.615884	0.836651	2.7263260564	0
83	0	0.943865	0.836651	2.7263260564	1
84	0	0.944483	0.836651	2.7263260564	1
85	1	0.769302	0.836651	2.7263260564	1
86	1	0.754946	0.836651	2.7263260564	1
87	0	1.017043	0.836651	2.7263260564	0
88	0	0.913844	0.836651	2.7263260564	0
89	0	0.716597	0.836651	2.7263260564	1
90	0	0.940311	0.836651	2.7263260564	0
91	0	1.043162	0.836651	2.7263260564	1
92	1	1.301594	0.836651	2.7263260564	0
93	1	1.183999	0.836651	2.7263260564	1
94	0	1.154274	0.836651	2.7263260564	0
95	0	1.749911	0.836651	2.7263260564	1
96	1	0.781142	0.836651	2.7263260564	0
97	0	0.537022	0.836651	2.7263260564	1
98	1	1.522101	0.836651	2.7263260564	1
99	0	0.688522	0.836651	2.7263260564	0
100	0	1.772183	0.836651	2.7263260564	1
101	0	0.673270	0.836651	2.7263260564	0
102	0	2.848541	0.836651	2.7263260564	1
103	0	0.742438	0.836651	2.7263260564	1
104	0	0.545176	0.836651	2.7263260564	0
105	1	0.580310	0.836651	2.7263260564	0
106	0	0.769407	0.836651	2.7263260564	0
107	0	0.849353	0.836651	2.7263260564	1
108	0	1.779746	0.836651	2.7263260564	1
109	0	0.547124	0.836651	2.7263260564	0
110	0	0.575065	0.836651	2.7263260564	0
111	0	0.735205	0.836651	2.7263260564	1
112	1	0.590026	0.836651	2.7263260564	0
113	0	0.681145	0.836651	2.7263260564	1
114	1	0.580145	0.836651	2.7263260564	1
115	0	0.682184	0.836651	2.7263260564	0
116	1	2.762324	0.836651	2.7263260564	0
117	0	1.664599	0.836651	2.7263260564	1
118	1	1.153968	0.836651	2.7263260564	1
119	0	2.449158	0.836651	2.7263260564	1
120	1	0.795969	0.836651	2.7263260564	1
121	0	0.649908	0.836651	2.7263260564	0
122	0	1.094840	0.836651	2.7263260564	1
123	0	1.409949	0.836651	2.7263260564	1
124	0	0.750866	0.836651	2.7263260564	0
125	0	0.783135	0.836651	2.7263260564	0
126	1	0.981006	0.836651	2.7263260564	0
127	0	1.478073	0.836651	2.7263260564	0
128	0	1.131381	0.836651	2.7263260564	1
129	1	0.869290	0.836651	2.7263260564	1
130	0	0.704000	0.836651	2.7263260564	1
131	0	1.147732	0.836651	2.7263260564	0
132	1	0.774455	0.836651	2.7263260564	0
133	0	0.953543	0.836651	2.7263260564	0
134	0	1.273968	0.836651	2.7263260564	1
135	1	1.532571	0.836651	2.7263260564	0
136	1	1.527282	0.836651	2.7263260564	1
