1	0	0.941589	0.819166	3.1672991725	1
2	0	1.251423	0.819166	3.1672991725	0
3	0	1.849999	0.819166	3.1672991725	0
4	1	0.698423	0.819166	3.1672991725	1
5	0	0.624883	0.819166	3.1672991725	1
6	1	0.975098	0.819166	3.1672991725	0
7	0	2.075804	0.819166	3.1672991725	1
8	1	0.612209	0.819166	3.1672991725	1
9	0	0.780490	0.819166	3.1672991725	1
10	0	1.159664	0.819166	3.1672991725	0
11	0	0.718389	0.819166	3.1672991725	0
12	1	1.275500	0.819166	3.1672991725	0
13	0	0.525052	0.819166	3.1672991725	0
14	0	1.847605	0.819166	3.1672991725	1
15	1	0.650270	0.819166	3.1672991725	0
16	0	2.303610	0.819166	3.1672991725	0
17	1	0.521501	0.819166	3.1672991725	1
18	0	0.506679	0.819166	3.1672991725	0
19	0	0.585689	0.819166	3.1672991725	1
20	0	1.884272	0.819166	3.1672991725	1
21	0	0.697000	0.819166	3.1672991725	0
22	1	1.855914	0.819166	3.1672991725	0
23	0	0.617108	0.819166	3.1672991725	1
24	1	0.539239	0.819166	3.1672991725	1
25	0	0.890054	0.819166	3.1672991725	1
26	1	0.507526	0.819166	3.1672991725	0
27	0	1.626102	0.819166	3.1672991725	1
28	0	0.736083	0.819166	3.1672991725	1
29	1	1.152056	0.819166	3.1672991725	1
30	0	0.614054	0.819166	3.1672991725	0
31	0	0.593725	0.819166	3.1672991725	0
32	0	0.740161	0.819166	3.1672991725	0
33	1	0.605659	0.819166	3.1672991725	1
34	0	0.913365	0.819166	3.1672991725	0
35	0	1.918616	0.819166	3.1672991725	0
36	1	2.922420	0.819166	3.1672991725	0
37	0	0.750429	0.819166	3.1672991725	1
38	1	1.000740	0.819166	3.1672991725	1
39	0	0.833964	0.819166	3.1672991725	1
40	1	0.966599	0.819166	3.1672991725	0
41	0	2.254889	0.819166	3.1672991725	1
42	0	1.476737	0.819166	3.1672991725	1
43	1	2.713665	0.819166	3.1672991725	0
44	0	0.920805	0.819166	3.1672991725	0
45	0	0.739642	0.819166	3.1672991725	1
46	1	0.658793	0.819166	3.1672991725	1
47	0	0.590149	0.819166	3.1672991725	0
48	0	1.425654	0.819166	3.1672991725	1
49	0	0.751544	0.819166	3.1672991725	1
50	1	0.501769	0.819166	3.1672991725	0
51	0	0.717762	0.819166	3.1672991725	0
52	1	0.755006	0.819166	3.1672991725	1
53	0	0.500597	0.819166	3.1672991725	0
54	0	0.727874	0.819166	3.1672991725	0
55	0	0.625777	0.819166	3.1672991725	1
56	0	0.661479	0.819166	3.1672991725	1
57	0	0.577546	0.819166	3.1672991725	0
58	1	0.762243	0.819166	3.1672991725	1
59	1	0.500391	0.819166	3.1672991725	0
60	0	1.033753	0.819166	3.1672991725	0
61	0	0.710063	0.819166	3.1672991725	0
62	1	0.819209	0.819166	3.1672991725	0
63	0	0.600791	0.819166	3.1672991725	1
64	0	0.525326	0.819166	3.1672991725	0
65	0	0.619701	0.819166	3.1672991725	1
66	0	0.642895	0.819166	3.1672991725	0
67	0	1.100904	0.819166	3.1672991725	1
68	1	0.517027	0.819166	3.1672991725	1
69	0	0.762272	0.819166	3.1672991725	1
70	0	1.782840	0.819166	3.1672991725	1
71	0	0.531192	0.819166	3.1672991725	1
72	0	0.601338	0.819166	3.1672991725	0
73	0	1.009553	0.819166	3.1672991725	1
74	1	1.339667	0.819166	3.1672991725	0
75	0	1.437472	0.819166	3.1672991725	0
76	0	1.650387	0.819166	3.1672991725	0
77	0	1.232028	0.819166	3.1672991725	0
78	1	0.902922	0.819166	3.1672991725	1
79	1	0.854427	0.819166	3.1672991725	1
80	0	0.526356	0.819166	3.1672991725	1
81	0	1.134226	0.819166	3.1672991725	1
82	0	0.553169	0.819166	3.1672991725	1
83	0	1.479086	0.819166	3.1672991725	1
84	1	0.694769	0.819166	3.1672991725	0
85	0	0.600966	0.819166	3.1672991725	1
86	0	1.416600	0.819166	3.1672991725	1
87	0	0.697704	0.819166	3.1672991725	0
88	0	0.627527	0.819166	3.1672991725	0
89	0	0.506774	0.819166	3.1672991725	0
90	0	1.103149	0.819166	3.1672991725	0
91	1	1.491788	0.819166	3.1672991725	1
92	0	0.534797	0.819166	3.1672991725	0
93	0	0.626854	0.819166	3.1672991725	1
94	1	0.561660	0.819166	3.1672991725	0
95	0	0.737855	0.819166	3.1672991725	1
96	0	0.793336	0.819166	3.1672991725	0
97	1	0.716793	0.819166	3.1672991725	1
98	0	0.603317	0.819166	3.1672991725	0
99	0	2.201505	0.819166	3.1672991725	0
100	1	1.093207	0.819166	3.1672991725	0
101	0	0.690465	0.819166	3.1672991725	1
102	1	1.268797	0.819166	3.1672991725	0
103	0	0.891433	0.819166	3.1672991725	1
104	0	0.560138	0.819166	3.1672991725	1
105	0	0.541942	0.819166	3.1672991725	1
106	0	0.856323	0.819166	3.1672991725	0
107	0	0.594564	0.819166	3.1672991725	0
108	0	1.398868	0.819166	3.1672991725	0
109	0	0.751622	0.819166	3.1672991725	1
110	1	1.951732	0.819166	3.1672991725	1
111	0	0.571492	0.819166	3.1672991725	1
112	0	0.503499	0.819166	3.1672991725	1
113	0	0.524723	0.819166	3.1672991725	1
114	1	1.955884	0.819166	3.1672991725	0
115	0	1.320192	0.819166	3.1672991725	0
116	0	0.985206	0.819166	3.1672991725	0
117	0	0.994937	0.819166	3.1672991725	0
118	0	0.524823	0.819166	3.1672991725	0
119	0	1.072638	0.819166	3.1672991725	1
120	1	0.777084	0.819166	3.1672991725	1
121	0	0.731262	0.819166	3.1672991725	1
122	1	0.772311	0.819166	3.1672991725	1
123	0	1.231871	0.819166	3.1672991725	1
124	0	1.775209	0.819166	3.1672991725	1
125	1	0.955106	0.819166	3.1672991725	0
126	0	0.544793	0.819166	3.1672991725	0
127	0	1.359232	0.819166	3.1672991725	0
128	1	1.096112	0.819166	3.1672991725	1
129	1	0.867833	0.819166	3.1672991725	0
130	0	1.805665	0.819166	3.1672991725	0
131	0	1.212701	0.819166	3.1672991725	0
132	0	3.125767	0.819166	3.1672991725	0
133	0	1.395427	0.819166	3.1672991725	0
134	0	0.598118	0.819166	3.1672991725	1
135	1	0.566342	0.819166	3.1672991725	0
136	1	1.719401	0.819166	3.1672991725	1
