   1.0000000e+00   0.0000000e+00   2.7156780e+00   8.3111500e-01   2.6096845e+00   1.0000000e+00
   2.0000000e+00   0.0000000e+00   5.9145000e-01   8.3111500e-01   2.6096845e+00   1.0000000e+00
   3.0000000e+00   0.0000000e+00   4.7374700e-01   8.3111500e-01   2.6096845e+00   0.0000000e+00
   4.0000000e+00   1.0000000e+00   6.0184800e-01   8.3111500e-01   2.6096845e+00   1.0000000e+00
   5.0000000e+00   0.0000000e+00   5.4770400e-01   8.3111500e-01   2.6096845e+00   1.0000000e+00
   6.0000000e+00   1.0000000e+00   4.5613900e-01   8.3111500e-01   2.6096845e+00   0.0000000e+00
   7.0000000e+00   0.0000000e+00   6.4912400e-01   8.3111500e-01   2.6096845e+00   1.0000000e+00
   8.0000000e+00   1.0000000e+00   7.4166700e-01   8.3111500e-01   2.6096845e+00   1.0000000e+00
   9.0000000e+00   0.0000000e+00   1.0766800e+00   8.3111500e-01   2.6096845e+00   0.0000000e+00
   1.0000000e+01   0.0000000e+00   1.2852780e+00   8.3111500e-01   2.6096845e+00   0.0000000e+00
   1.1000000e+01   1.0000000e+00   6.0997300e-01   8.3111500e-01   2.6096845e+00   0.0000000e+00
   1.2000000e+01   0.0000000e+00   6.3251200e-01   8.3111500e-01   2.6096845e+00   1.0000000e+00
   1.3000000e+01   0.0000000e+00   5.8081800e-01   8.3111500e-01   2.6096845e+00   1.0000000e+00
   1.4000000e+01   0.0000000e+00   1.4594570e+00   8.3111500e-01   2.6096845e+00   1.0000000e+00
   1.5000000e+01   0.0000000e+00   5.2443000e-01   8.3111500e-01   2.6096845e+00   1.0000000e+00
   1.6000000e+01   0.0000000e+00   7.6657900e-01   8.3111500e-01   2.6096845e+00   0.0000000e+00
   1.7000000e+01   1.0000000e+00   9.6409900e-01   8.3111500e-01   2.6096845e+00   0.0000000e+00
   1.8000000e+01   0.0000000e+00   4.4869400e-01   8.3111500e-01   2.6096845e+00   0.0000000e+00
   1.9000000e+01   0.0000000e+00   1.1176200e+00   8.3111500e-01   2.6096845e+00   0.0000000e+00
   2.0000000e+01   1.0000000e+00   7.4096600e-01   8.3111500e-01   2.6096845e+00   1.0000000e+00
   2.1000000e+01   0.0000000e+00   1.9093910e+00   8.3111500e-01   2.6096845e+00   0.0000000e+00
   2.2000000e+01   1.0000000e+00   6.5656900e-01   8.3111500e-01   2.6096845e+00   0.0000000e+00
   2.3000000e+01   0.0000000e+00   8.1598800e-01   8.3111500e-01   2.6096845e+00   0.0000000e+00
   2.4000000e+01   1.0000000e+00   1.5623370e+00   8.3111500e-01   2.6096845e+00   1.0000000e+00
   2.5000000e+01   0.0000000e+00   1.0365760e+00   8.3111500e-01   2.6096845e+00   1.0000000e+00
   2.6000000e+01   0.0000000e+00   8.4839100e-01   8.3111500e-01   2.6096845e+00   0.0000000e+00
   2.7000000e+01   0.0000000e+00   1.3158430e+00   8.3111500e-01   2.6096845e+00   0.0000000e+00
   2.8000000e+01   0.0000000e+00   1.9367390e+00   8.3111500e-01   2.6096845e+00   1.0000000e+00
   2.9000000e+01   1.0000000e+00   6.8254600e-01   8.3111500e-01   2.6096845e+00   0.0000000e+00
   3.0000000e+01   0.0000000e+00   5.0573100e-01   8.3111500e-01   2.6096845e+00   0.0000000e+00
   3.1000000e+01   0.0000000e+00   1.8618270e+00   8.3111500e-01   2.6096845e+00   1.0000000e+00
   3.2000000e+01   1.0000000e+00   5.4602200e-01   8.3111500e-01   2.6096845e+00   1.0000000e+00
   3.3000000e+01   0.0000000e+00   1.3346440e+00   8.3111500e-01   2.6096845e+00   0.0000000e+00
   3.4000000e+01   1.0000000e+00   1.1729430e+00   8.3111500e-01   2.6096845e+00   1.0000000e+00
   3.5000000e+01   0.0000000e+00   4.8751300e-01   8.3111500e-01   2.6096845e+00   0.0000000e+00
   3.6000000e+01   0.0000000e+00   8.3914100e-01   8.3111500e-01   2.6096845e+00   0.0000000e+00
   3.7000000e+01   1.0000000e+00   6.0073300e-01   8.3111500e-01   2.6096845e+00   0.0000000e+00
   3.8000000e+01   1.0000000e+00   9.2720600e-01   8.3111500e-01   2.6096845e+00   1.0000000e+00
   3.9000000e+01   0.0000000e+00   6.8234100e-01   8.3111500e-01   2.6096845e+00   1.0000000e+00
   4.0000000e+01   0.0000000e+00   5.8148500e-01   8.3111500e-01   2.6096845e+00   0.0000000e+00
   4.1000000e+01   0.0000000e+00   1.1174590e+00   8.3111500e-01   2.6096845e+00   1.0000000e+00
   4.2000000e+01   0.0000000e+00   2.0675800e+00   8.3111500e-01   2.6096845e+00   1.0000000e+00
   4.3000000e+01   1.0000000e+00   5.1961400e-01   8.3111500e-01   2.6096845e+00   0.0000000e+00
   4.4000000e+01   0.0000000e+00   4.8543200e-01   8.3111500e-01   2.6096845e+00   1.0000000e+00
   4.5000000e+01   0.0000000e+00   9.4147800e-01   8.3111500e-01   2.6096845e+00   0.0000000e+00
   4.6000000e+01   0.0000000e+00   1.2688580e+00   8.3111500e-01   2.6096845e+00   0.0000000e+00
   4.7000000e+01   1.0000000e+00   1.4269220e+00   8.3111500e-01   2.6096845e+00   0.0000000e+00
   4.8000000e+01   0.0000000e+00   7.9455500e-01   8.3111500e-01   2.6096845e+00   1.0000000e+00
   4.9000000e+01   1.0000000e+00   1.7713940e+00   8.3111500e-01   2.6096845e+00   1.0000000e+00
   5.0000000e+01   0.0000000e+00   1.8308880e+00   8.3111500e-01   2.6096845e+00   1.0000000e+00
   5.1000000e+01   0.0000000e+00   6.4317500e-01   8.3111500e-01   2.6096845e+00   1.0000000e+00
   5.2000000e+01   0.0000000e+00   5.3619600e-01   8.3111500e-01   2.6096845e+00   1.0000000e+00
   5.3000000e+01   0.0000000e+00   9.4518300e-01   8.3111500e-01   2.6096845e+00   1.0000000e+00
   5.4000000e+01   0.0000000e+00   8.2434100e-01   8.3111500e-01   2.6096845e+00   1.0000000e+00
   5.5000000e+01   1.0000000e+00   8.0573700e-01   8.3111500e-01   2.6096845e+00   0.0000000e+00
   5.6000000e+01   1.0000000e+00   6.3620400e-01   8.3111500e-01   2.6096845e+00   1.0000000e+00
   5.7000000e+01   0.0000000e+00   6.2615600e-01   8.3111500e-01   2.6096845e+00   0.0000000e+00
   5.8000000e+01   0.0000000e+00   1.0345920e+00   8.3111500e-01   2.6096845e+00   1.0000000e+00
   5.9000000e+01   0.0000000e+00   8.0263100e-01   8.3111500e-01   2.6096845e+00   0.0000000e+00
   6.0000000e+01   1.0000000e+00   5.1802800e-01   8.3111500e-01   2.6096845e+00   1.0000000e+00
   6.1000000e+01   0.0000000e+00   7.6529400e-01   8.3111500e-01   2.6096845e+00   0.0000000e+00
   6.2000000e+01   0.0000000e+00   5.1346800e-01   8.3111500e-01   2.6096845e+00   0.0000000e+00
   6.3000000e+01   0.0000000e+00   6.5128200e-01   8.3111500e-01   2.6096845e+00   1.0000000e+00
   6.4000000e+01   0.0000000e+00   4.8087400e-01   8.3111500e-01   2.6096845e+00   0.0000000e+00
   6.5000000e+01   1.0000000e+00   5.3983700e-01   8.3111500e-01   2.6096845e+00   0.0000000e+00
   6.6000000e+01   0.0000000e+00   1.0323310e+00   8.3111500e-01   2.6096845e+00   0.0000000e+00
   6.7000000e+01   1.0000000e+00   5.0512200e-01   8.3111500e-01   2.6096845e+00   0.0000000e+00
   6.8000000e+01   0.0000000e+00   9.0822900e-01   8.3111500e-01   2.6096845e+00   1.0000000e+00
   6.9000000e+01   0.0000000e+00   1.4294440e+00   8.3111500e-01   2.6096845e+00   0.0000000e+00
   7.0000000e+01   0.0000000e+00   1.3257770e+00   8.3111500e-01   2.6096845e+00   1.0000000e+00
   7.1000000e+01   1.0000000e+00   9.2523200e-01   8.3111500e-01   2.6096845e+00   1.0000000e+00
   7.2000000e+01   0.0000000e+00   9.9670500e-01   8.3111500e-01   2.6096845e+00   1.0000000e+00
   7.3000000e+01   1.0000000e+00   6.5421700e-01   8.3111500e-01   2.6096845e+00   0.0000000e+00
   7.4000000e+01   0.0000000e+00   2.6007940e+00   8.3111500e-01   2.6096845e+00   0.0000000e+00
   7.5000000e+01   0.0000000e+00   5.4417000e-01   8.3111500e-01   2.6096845e+00   1.0000000e+00
   7.6000000e+01   1.0000000e+00   7.5943800e-01   8.3111500e-01   2.6096845e+00   1.0000000e+00
   7.7000000e+01   0.0000000e+00   1.0629220e+00   8.3111500e-01   2.6096845e+00   0.0000000e+00
   7.8000000e+01   1.0000000e+00   6.2736600e-01   8.3111500e-01   2.6096845e+00   1.0000000e+00
   7.9000000e+01   0.0000000e+00   6.0837900e-01   8.3111500e-01   2.6096845e+00   0.0000000e+00
   8.0000000e+01   1.0000000e+00   5.1914300e-01   8.3111500e-01   2.6096845e+00   0.0000000e+00
   8.1000000e+01   0.0000000e+00   8.6711300e-01   8.3111500e-01   2.6096845e+00   1.0000000e+00
   8.2000000e+01   0.0000000e+00   5.9020500e-01   8.3111500e-01   2.6096845e+00   0.0000000e+00
   8.3000000e+01   0.0000000e+00   4.7887300e-01   8.3111500e-01   2.6096845e+00   0.0000000e+00
   8.4000000e+01   1.0000000e+00   8.3186400e-01   8.3111500e-01   2.6096845e+00   1.0000000e+00
   8.5000000e+01   0.0000000e+00   1.1364900e+00   8.3111500e-01   2.6096845e+00   1.0000000e+00
   8.6000000e+01   1.0000000e+00   1.9882060e+00   8.3111500e-01   2.6096845e+00   0.0000000e+00
   8.7000000e+01   0.0000000e+00   1.1039640e+00   8.3111500e-01   2.6096845e+00   0.0000000e+00
   8.8000000e+01   0.0000000e+00   6.7349600e-01   8.3111500e-01   2.6096845e+00   0.0000000e+00
   8.9000000e+01   0.0000000e+00   9.3291900e-01   8.3111500e-01   2.6096845e+00   1.0000000e+00
   9.0000000e+01   0.0000000e+00   1.5608210e+00   8.3111500e-01   2.6096845e+00   1.0000000e+00
   9.1000000e+01   0.0000000e+00   1.0864320e+00   8.3111500e-01   2.6096845e+00   1.0000000e+00
   9.2000000e+01   1.0000000e+00   5.1979100e-01   8.3111500e-01   2.6096845e+00   1.0000000e+00
   9.3000000e+01   0.0000000e+00   6.1142900e-01   8.3111500e-01   2.6096845e+00   1.0000000e+00
   9.4000000e+01   0.0000000e+00   1.2330330e+00   8.3111500e-01   2.6096845e+00   1.0000000e+00
   9.5000000e+01   0.0000000e+00   7.0294800e-01   8.3111500e-01   2.6096845e+00   0.0000000e+00
   9.6000000e+01   0.0000000e+00   1.1953560e+00   8.3111500e-01   2.6096845e+00   0.0000000e+00
   9.7000000e+01   0.0000000e+00   1.6972700e+00   8.3111500e-01   2.6096845e+00   0.0000000e+00
   9.8000000e+01   0.0000000e+00   7.4742500e-01   8.3111500e-01   2.6096845e+00   0.0000000e+00
   9.9000000e+01   1.0000000e+00   1.1149330e+00   8.3111500e-01   2.6096845e+00   0.0000000e+00
   1.0000000e+02   0.0000000e+00   5.5199900e-01   8.3111500e-01   2.6096845e+00   1.0000000e+00
   1.0100000e+02   0.0000000e+00   1.0714930e+00   8.3111500e-01   2.6096845e+00   0.0000000e+00
   1.0200000e+02   0.0000000e+00   9.8164200e-01   8.3111500e-01   2.6096845e+00   1.0000000e+00
   1.0300000e+02   1.0000000e+00   2.1558050e+00   8.3111500e-01   2.6096845e+00   0.0000000e+00
   1.0400000e+02   1.0000000e+00   8.3343100e-01   8.3111500e-01   2.6096845e+00   1.0000000e+00
   1.0500000e+02   0.0000000e+00   4.7531600e-01   8.3111500e-01   2.6096845e+00   1.0000000e+00
   1.0600000e+02   0.0000000e+00   4.8964000e-01   8.3111500e-01   2.6096845e+00   1.0000000e+00
   1.0700000e+02   0.0000000e+00   9.2668500e-01   8.3111500e-01   2.6096845e+00   1.0000000e+00
   1.0800000e+02   0.0000000e+00   4.5293200e-01   8.3111500e-01   2.6096845e+00   0.0000000e+00
   1.0900000e+02   1.0000000e+00   1.4417720e+00   8.3111500e-01   2.6096845e+00   0.0000000e+00
   1.1000000e+02   0.0000000e+00   6.4124200e-01   8.3111500e-01   2.6096845e+00   0.0000000e+00
   1.1100000e+02   0.0000000e+00   1.1325280e+00   8.3111500e-01   2.6096845e+00   0.0000000e+00
   1.1200000e+02   0.0000000e+00   1.4574940e+00   8.3111500e-01   2.6096845e+00   1.0000000e+00
   1.1300000e+02   1.0000000e+00   9.2185200e-01   8.3111500e-01   2.6096845e+00   1.0000000e+00
   1.1400000e+02   0.0000000e+00   4.8770900e-01   8.3111500e-01   2.6096845e+00   0.0000000e+00
   1.1500000e+02   0.0000000e+00   8.4777800e-01   8.3111500e-01   2.6096845e+00   1.0000000e+00
   1.1600000e+02   1.0000000e+00   9.7391700e-01   8.3111500e-01   2.6096845e+00   1.0000000e+00
   1.1700000e+02   0.0000000e+00   8.5993300e-01   8.3111500e-01   2.6096845e+00   1.0000000e+00
   1.1800000e+02   0.0000000e+00   7.3750600e-01   8.3111500e-01   2.6096845e+00   0.0000000e+00
   1.1900000e+02   1.0000000e+00   5.9196800e-01   8.3111500e-01   2.6096845e+00   0.0000000e+00
   1.2000000e+02   0.0000000e+00   1.3398870e+00   8.3111500e-01   2.6096845e+00   1.0000000e+00
   1.2100000e+02   0.0000000e+00   1.6537160e+00   8.3111500e-01   2.6096845e+00   0.0000000e+00
   1.2200000e+02   0.0000000e+00   1.5053890e+00   8.3111500e-01   2.6096845e+00   0.0000000e+00
   1.2300000e+02   0.0000000e+00   4.9414400e-01   8.3111500e-01   2.6096845e+00   0.0000000e+00
   1.2400000e+02   1.0000000e+00   7.6745300e-01   8.3111500e-01   2.6096845e+00   1.0000000e+00
   1.2500000e+02   0.0000000e+00   4.8862600e-01   8.3111500e-01   2.6096845e+00   0.0000000e+00
   1.2600000e+02   0.0000000e+00   1.2328060e+00   8.3111500e-01   2.6096845e+00   1.0000000e+00
   1.2700000e+02   0.0000000e+00   4.8752400e-01   8.3111500e-01   2.6096845e+00   1.0000000e+00
   1.2800000e+02   0.0000000e+00   1.1072080e+00   8.3111500e-01   2.6096845e+00   0.0000000e+00
   1.2900000e+02   0.0000000e+00   1.0034150e+00   8.3111500e-01   2.6096845e+00   1.0000000e+00
   1.3000000e+02   0.0000000e+00   6.6863200e-01   8.3111500e-01   2.6096845e+00   0.0000000e+00
   1.3100000e+02   0.0000000e+00   6.2927200e-01   8.3111500e-01   2.6096845e+00   0.0000000e+00
   1.3200000e+02   0.0000000e+00   5.2961500e-01   8.3111500e-01   2.6096845e+00   1.0000000e+00
   1.3300000e+02   1.0000000e+00   7.3662600e-01   8.3111500e-01   2.6096845e+00   0.0000000e+00
   1.3400000e+02   0.0000000e+00   7.0899000e-01   8.3111500e-01   2.6096845e+00   1.0000000e+00
   1.3500000e+02   1.0000000e+00   1.3407400e+00   8.3111500e-01   2.6096845e+00   0.0000000e+00
   1.3600000e+02   1.0000000e+00   1.0258710e+00   8.3111500e-01   2.6096845e+00   1.0000000e+00
