1	0	2.168314	0.825327	2.7795870959	0
2	0	0.668917	0.825327	2.7795870959	1
3	0	1.000039	0.825327	2.7795870959	0
4	0	0.578803	0.825327	2.7795870959	0
5	1	0.962886	0.825327	2.7795870959	0
6	0	0.826229	0.825327	2.7795870959	0
7	0	0.772142	0.825327	2.7795870959	0
8	0	1.407280	0.825327	2.7795870959	1
9	0	1.088362	0.825327	2.7795870959	1
10	1	1.732666	0.825327	2.7795870959	1
11	0	0.813221	0.825327	2.7795870959	0
12	1	1.224146	0.825327	2.7795870959	0
13	0	1.066275	0.825327	2.7795870959	1
14	0	1.620879	0.825327	2.7795870959	0
15	1	0.755182	0.825327	2.7795870959	1
16	0	0.849052	0.825327	2.7795870959	0
17	1	0.688705	0.825327	2.7795870959	1
18	0	1.490932	0.825327	2.7795870959	1
19	0	0.990491	0.825327	2.7795870959	1
20	1	0.720582	0.825327	2.7795870959	0
21	0	0.968826	0.825327	2.7795870959	1
22	0	1.371487	0.825327	2.7795870959	0
23	0	0.824844	0.825327	2.7795870959	1
24	0	0.655183	0.825327	2.7795870959	1
25	1	0.616475	0.825327	2.7795870959	1
26	1	1.065130	0.825327	2.7795870959	0
27	0	0.654763	0.825327	2.7795870959	1
28	0	1.335156	0.825327	2.7795870959	0
29	0	0.915120	0.825327	2.7795870959	1
30	1	0.509686	0.825327	2.7795870959	1
31	0	0.815446	0.825327	2.7795870959	1
32	1	0.671834	0.825327	2.7795870959	0
33	1	2.003730	0.825327	2.7795870959	0
34	0	0.666078	0.825327	2.7795870959	0
35	0	0.773869	0.825327	2.7795870959	0
36	0	1.247036	0.825327	2.7795870959	1
37	0	0.805347	0.825327	2.7795870959	0
38	0	1.345713	0.825327	2.7795870959	1
39	1	1.544118	0.825327	2.7795870959	1
40	0	1.082451	0.825327	2.7795870959	0
41	1	0.524521	0.825327	2.7795870959	0
42	0	0.761898	0.825327	2.7795870959	1
43	0	0.709677	0.825327	2.7795870959	1
44	0	1.008273	0.825327	2.7795870959	1
45	1	1.331779	0.825327	2.7795870959	1
46	0	0.729104	0.825327	2.7795870959	0
47	0	1.201727	0.825327	2.7795870959	1
48	0	0.959817	0.825327	2.7795870959	1
49	1	0.509695	0.825327	2.7795870959	1
50	0	1.865890	0.825327	2.7795870959	0
51	1	0.742438	0.825327	2.7795870959	0
52	0	0.522684	0.825327	2.7795870959	1
53	0	0.551454	0.825327	2.7795870959	0
54	0	0.500723	0.825327	2.7795870959	1
55	0	0.538077	0.825327	2.7795870959	0
56	0	0.817714	0.825327	2.7795870959	0
57	0	0.834915	0.825327	2.7795870959	1
58	1	1.375577	0.825327	2.7795870959	1
59	0	0.514215	0.825327	2.7795870959	1
60	1	0.592571	0.825327	2.7795870959	0
61	0	0.637347	0.825327	2.7795870959	0
62	0	0.789387	0.825327	2.7795870959	1
63	1	1.530989	0.825327	2.7795870959	0
64	0	0.843912	0.825327	2.7795870959	0
65	0	1.240574	0.825327	2.7795870959	0
66	0	0.673127	0.825327	2.7795870959	0
67	1	0.649047	0.825327	2.7795870959	1
68	0	1.018052	0.825327	2.7795870959	0
69	1	1.444262	0.825327	2.7795870959	1
70	0	1.897254	0.825327	2.7795870959	0
71	0	1.468377	0.825327	2.7795870959	0
72	0	1.381247	0.825327	2.7795870959	1
73	1	0.676404	0.825327	2.7795870959	0
74	0	1.389226	0.825327	2.7795870959	0
75	0	0.513012	0.825327	2.7795870959	1
76	0	0.574392	0.825327	2.7795870959	1
77	1	0.628799	0.825327	2.7795870959	1
78	0	1.000708	0.825327	2.7795870959	1
79	0	3.921258	0.825327	2.7795870959	0
80	0	0.679393	0.825327	2.7795870959	0
81	0	1.355609	0.825327	2.7795870959	0
82	1	1.067550	0.825327	2.7795870959	0
83	0	1.473719	0.825327	2.7795870959	0
84	0	0.732323	0.825327	2.7795870959	1
85	1	1.836866	0.825327	2.7795870959	0
86	0	0.881629	0.825327	2.7795870959	1
87	1	0.680357	0.825327	2.7795870959	1
88	1	0.847572	0.825327	2.7795870959	0
89	0	0.529506	0.825327	2.7795870959	1
90	0	1.342497	0.825327	2.7795870959	1
91	0	0.807552	0.825327	2.7795870959	0
92	0	0.510690	0.825327	2.7795870959	0
93	0	0.551697	0.825327	2.7795870959	0
94	1	2.279950	0.825327	2.7795870959	1
95	0	0.990111	0.825327	2.7795870959	0
96	0	0.830464	0.825327	2.7795870959	1
97	0	0.665487	0.825327	2.7795870959	1
98	0	0.822479	0.825327	2.7795870959	1
99	0	0.914598	0.825327	2.7795870959	0
100	0	0.894460	0.825327	2.7795870959	1
101	0	0.665874	0.825327	2.7795870959	1
102	1	0.848901	0.825327	2.7795870959	0
103	0	0.969716	0.825327	2.7795870959	0
104	0	1.619077	0.825327	2.7795870959	0
105	1	1.211343	0.825327	2.7795870959	1
106	0	1.166314	0.825327	2.7795870959	1
107	0	0.905812	0.825327	2.7795870959	1
108	0	0.696196	0.825327	2.7795870959	0
109	0	0.508629	0.825327	2.7795870959	0
110	0	0.579500	0.825327	2.7795870959	1
111	0	1.295811	0.825327	2.7795870959	0
112	0	0.542287	0.825327	2.7795870959	1
113	0	0.506786	0.825327	2.7795870959	0
114	0	0.527012	0.825327	2.7795870959	0
115	0	0.625996	0.825327	2.7795870959	1
116	1	1.432709	0.825327	2.7795870959	1
117	0	0.774805	0.825327	2.7795870959	0
118	1	0.675111	0.825327	2.7795870959	0
119	0	1.257863	0.825327	2.7795870959	0
120	1	0.861136	0.825327	2.7795870959	1
121	0	2.122305	0.825327	2.7795870959	0
122	0	0.551185	0.825327	2.7795870959	1
123	1	0.613537	0.825327	2.7795870959	0
124	0	1.434779	0.825327	2.7795870959	1
125	1	0.792863	0.825327	2.7795870959	0
126	0	1.803461	0.825327	2.7795870959	0
127	1	0.526347	0.825327	2.7795870959	1
128	0	0.602811	0.825327	2.7795870959	1
129	0	0.809864	0.825327	2.7795870959	1
130	0	0.552980	0.825327	2.7795870959	0
131	1	2.115512	0.825327	2.7795870959	0
132	0	0.599006	0.825327	2.7795870959	1
133	1	0.827254	0.825327	2.7795870959	1
134	0	0.957393	0.825327	2.7795870959	1
135	1	1.830853	0.825327	2.7795870959	1
136	1	1.326946	0.825327	2.7795870959	0
