1	0	1.325161	0.828431	3.0107204356	0
2	0	1.065545	0.828431	3.0107204356	0
3	0	1.119599	0.828431	3.0107204356	0
4	0	1.714847	0.828431	3.0107204356	1
5	0	0.756067	0.828431	3.0107204356	0
6	1	1.124432	0.828431	3.0107204356	0
7	0	1.131740	0.828431	3.0107204356	1
8	1	1.050359	0.828431	3.0107204356	1
9	0	1.142654	0.828431	3.0107204356	1
10	1	0.739792	0.828431	3.0107204356	0
11	0	0.694061	0.828431	3.0107204356	1
12	1	0.520638	0.828431	3.0107204356	1
13	0	0.605192	0.828431	3.0107204356	0
14	0	1.031167	0.828431	3.0107204356	0
15	0	1.605622	0.828431	3.0107204356	1
16	0	0.984643	0.828431	3.0107204356	0
17	1	0.874935	0.828431	3.0107204356	1
18	0	1.155733	0.828431	3.0107204356	0
19	0	0.607828	0.828431	3.0107204356	1
20	0	0.691655	0.828431	3.0107204356	0
21	0	1.080087	0.828431	3.0107204356	1
22	0	1.688359	0.828431	3.0107204356	0
23	0	0.755446	0.828431	3.0107204356	1
24	0	1.168451	0.828431	3.0107204356	1
25	1	0.887866	0.828431	3.0107204356	0
26	0	0.944475	0.828431	3.0107204356	1
27	0	1.281957	0.828431	3.0107204356	0
28	0	1.000770	0.828431	3.0107204356	1
29	0	0.704982	0.828431	3.0107204356	1
30	0	2.682356	0.828431	3.0107204356	0
31	1	0.545292	0.828431	3.0107204356	1
32	0	0.878143	0.828431	3.0107204356	0
33	1	0.589461	0.828431	3.0107204356	0
34	1	1.457424	0.828431	3.0107204356	1
35	0	0.577773	0.828431	3.0107204356	0
36	0	0.560220	0.828431	3.0107204356	1
37	0	2.047173	0.828431	3.0107204356	1
38	0	1.050793	0.828431	3.0107204356	1
39	0	0.523221	0.828431	3.0107204356	1
40	1	0.795373	0.828431	3.0107204356	0
41	0	0.516651	0.828431	3.0107204356	0
42	0	1.050311	0.828431	3.0107204356	0
43	0	0.717660	0.828431	3.0107204356	1
44	0	1.961997	0.828431	3.0107204356	0
45	0	1.975722	0.828431	3.0107204356	1
46	1	1.253577	0.828431	3.0107204356	0
47	0	1.096956	0.828431	3.0107204356	1
48	1	0.726276	0.828431	3.0107204356	1
49	0	0.966788	0.828431	3.0107204356	0
50	1	1.738180	0.828431	3.0107204356	0
51	0	0.507675	0.828431	3.0107204356	1
52	1	2.700067	0.828431	3.0107204356	1
53	0	1.407378	0.828431	3.0107204356	1
54	0	0.766834	0.828431	3.0107204356	0
55	0	1.026211	0.828431	3.0107204356	0
56	0	1.139174	0.828431	3.0107204356	0
57	1	0.587344	0.828431	3.0107204356	1
58	0	0.834167	0.828431	3.0107204356	1
59	0	1.040018	0.828431	3.0107204356	1
60	0	0.574835	0.828431	3.0107204356	0
61	1	1.137381	0.828431	3.0107204356	0
62	0	0.802547	0.828431	3.0107204356	0
63	1	1.332647	0.828431	3.0107204356	1
64	0	0.904568	0.828431	3.0107204356	0
65	0	0.540039	0.828431	3.0107204356	1
66	1	0.616300	0.828431	3.0107204356	0
67	0	1.504372	0.828431	3.0107204356	0
68	0	1.654520	0.828431	3.0107204356	1
69	0	0.583969	0.828431	3.0107204356	0
70	0	1.090954	0.828431	3.0107204356	0
71	0	0.818476	0.828431	3.0107204356	0
72	0	0.562772	0.828431	3.0107204356	1
73	0	0.543699	0.828431	3.0107204356	0
74	1	0.572677	0.828431	3.0107204356	0
75	0	1.003101	0.828431	3.0107204356	0
76	0	0.666153	0.828431	3.0107204356	0
77	0	1.075798	0.828431	3.0107204356	1
78	0	0.635711	0.828431	3.0107204356	1
79	1	0.797204	0.828431	3.0107204356	1
80	0	0.892370	0.828431	3.0107204356	1
81	0	1.993470	0.828431	3.0107204356	0
82	1	0.551743	0.828431	3.0107204356	1
83	0	0.796815	0.828431	3.0107204356	1
84	1	0.603744	0.828431	3.0107204356	0
85	0	0.912909	0.828431	3.0107204356	1
86	0	2.088157	0.828431	3.0107204356	1
87	0	0.861771	0.828431	3.0107204356	1
88	0	0.553414	0.828431	3.0107204356	1
89	1	0.800172	0.828431	3.0107204356	1
90	0	0.661671	0.828431	3.0107204356	1
91	1	0.729187	0.828431	3.0107204356	0
92	0	0.588327	0.828431	3.0107204356	0
93	0	0.750342	0.828431	3.0107204356	1
94	1	1.950301	0.828431	3.0107204356	0
95	0	1.158774	0.828431	3.0107204356	0
96	0	1.311183	0.828431	3.0107204356	0
97	0	0.505315	0.828431	3.0107204356	0
98	1	1.906610	0.828431	3.0107204356	1
99	1	0.526138	0.828431	3.0107204356	0
100	0	0.629404	0.828431	3.0107204356	1
101	1	0.978456	0.828431	3.0107204356	1
102	0	0.851336	0.828431	3.0107204356	0
103	0	1.307172	0.828431	3.0107204356	1
104	1	0.935770	0.828431	3.0107204356	0
105	0	0.919359	0.828431	3.0107204356	0
106	1	0.512094	0.828431	3.0107204356	1
107	0	0.950307	0.828431	3.0107204356	1
108	0	1.051054	0.828431	3.0107204356	1
109	0	0.666117	0.828431	3.0107204356	1
110	1	0.597817	0.828431	3.0107204356	1
111	0	1.115236	0.828431	3.0107204356	1
112	0	0.771056	0.828431	3.0107204356	1
113	0	0.799373	0.828431	3.0107204356	1
114	1	1.607560	0.828431	3.0107204356	0
115	0	1.186869	0.828431	3.0107204356	1
116	1	0.761650	0.828431	3.0107204356	1
117	0	1.286058	0.828431	3.0107204356	0
118	1	1.132075	0.828431	3.0107204356	0
119	0	0.525827	0.828431	3.0107204356	0
120	0	2.301882	0.828431	3.0107204356	0
121	0	0.895697	0.828431	3.0107204356	0
122	1	0.731681	0.828431	3.0107204356	0
123	1	1.108563	0.828431	3.0107204356	1
124	0	0.696725	0.828431	3.0107204356	0
125	0	0.559284	0.828431	3.0107204356	1
126	1	0.734882	0.828431	3.0107204356	0
127	0	0.564214	0.828431	3.0107204356	1
128	0	1.177516	0.828431	3.0107204356	0
129	0	0.642349	0.828431	3.0107204356	0
130	1	0.509327	0.828431	3.0107204356	1
131	0	0.602195	0.828431	3.0107204356	0
132	0	1.662969	0.828431	3.0107204356	0
133	0	0.560850	0.828431	3.0107204356	1
134	0	1.330422	0.828431	3.0107204356	0
135	1	1.918111	0.828431	3.0107204356	1
136	1	0.684333	0.828431	3.0107204356	0
