1	0	0.677187	0.829601	3.0605500964	0
2	0	0.594723	0.829601	3.0605500964	1
3	0	0.507275	0.829601	3.0605500964	1
4	1	0.875307	0.829601	3.0605500964	0
5	1	0.655961	0.829601	3.0605500964	1
6	0	0.577709	0.829601	3.0605500964	0
7	0	1.231628	0.829601	3.0605500964	0
8	0	0.876642	0.829601	3.0605500964	0
9	0	1.134812	0.829601	3.0605500964	0
10	0	0.577810	0.829601	3.0605500964	1
11	0	0.521964	0.829601	3.0605500964	1
12	0	0.939484	0.829601	3.0605500964	1
13	1	1.323664	0.829601	3.0605500964	0
14	0	0.962126	0.829601	3.0605500964	1
15	0	1.896224	0.829601	3.0605500964	0
16	1	0.637223	0.829601	3.0605500964	1
17	0	0.660961	0.829601	3.0605500964	0
18	1	1.495698	0.829601	3.0605500964	1
19	0	1.141603	0.829601	3.0605500964	1
20	1	1.580875	0.829601	3.0605500964	0
21	0	0.839872	0.829601	3.0605500964	1
22	1	0.736525	0.829601	3.0605500964	1
23	1	0.614697	0.829601	3.0605500964	0
24	0	0.809707	0.829601	3.0605500964	0
25	0	1.240883	0.829601	3.0605500964	1
26	0	0.828494	0.829601	3.0605500964	0
27	1	0.503268	0.829601	3.0605500964	1
28	0	0.613277	0.829601	3.0605500964	0
29	1	1.009093	0.829601	3.0605500964	0
30	0	0.900081	0.829601	3.0605500964	1
31	1	1.211496	0.829601	3.0605500964	0
32	1	1.631336	0.829601	3.0605500964	1
33	0	0.752174	0.829601	3.0605500964	1
34	0	0.764105	0.829601	3.0605500964	0
35	0	0.666203	0.829601	3.0605500964	1
36	0	1.397572	0.829601	3.0605500964	0
37	0	0.587865	0.829601	3.0605500964	0
38	1	0.597635	0.829601	3.0605500964	0
39	0	1.407720	0.829601	3.0605500964	0
40	0	2.058044	0.829601	3.0605500964	1
41	1	1.312360	0.829601	3.0605500964	1
42	0	1.143348	0.829601	3.0605500964	0
43	1	0.745791	0.829601	3.0605500964	1
44	0	1.675161	0.829601	3.0605500964	0
45	0	0.964527	0.829601	3.0605500964	1
46	0	0.693858	0.829601	3.0605500964	1
47	1	0.908973	0.829601	3.0605500964	0
48	0	0.527456	0.829601	3.0605500964	1
49	1	0.783779	0.829601	3.0605500964	1
50	0	0.956353	0.829601	3.0605500964	1
51	0	1.391397	0.829601	3.0605500964	0
52	1	1.013387	0.829601	3.0605500964	0
53	0	1.152473	0.829601	3.0605500964	0
54	0	0.533872	0.829601	3.0605500964	0
55	0	0.826947	0.829601	3.0605500964	0
56	0	0.919929	0.829601	3.0605500964	1
57	1	1.129185	0.829601	3.0605500964	0
58	0	1.677707	0.829601	3.0605500964	1
59	0	0.648376	0.829601	3.0605500964	0
60	0	2.420961	0.829601	3.0605500964	1
61	0	1.931362	0.829601	3.0605500964	0
62	1	0.841855	0.829601	3.0605500964	1
63	0	0.586827	0.829601	3.0605500964	0
64	1	0.541487	0.829601	3.0605500964	1
65	0	1.437433	0.829601	3.0605500964	1
66	0	0.724053	0.829601	3.0605500964	1
67	0	2.471606	0.829601	3.0605500964	1
68	1	1.768935	0.829601	3.0605500964	0
69	0	2.203649	0.829601	3.0605500964	1
70	0	1.180036	0.829601	3.0605500964	0
71	0	0.599679	0.829601	3.0605500964	0
72	0	0.913674	0.829601	3.0605500964	0
73	1	0.999626	0.829601	3.0605500964	1
74	0	0.576469	0.829601	3.0605500964	1
75	1	0.761731	0.829601	3.0605500964	0
76	0	0.879906	0.829601	3.0605500964	1
77	1	0.608776	0.829601	3.0605500964	0
78	0	0.800236	0.829601	3.0605500964	0
79	0	0.717825	0.829601	3.0605500964	0
80	0	0.925049	0.829601	3.0605500964	0
81	1	0.652512	0.829601	3.0605500964	1
82	0	2.231290	0.829601	3.0605500964	0
83	0	0.529847	0.829601	3.0605500964	0
84	0	0.553789	0.829601	3.0605500964	0
85	1	1.240223	0.829601	3.0605500964	0
86	0	1.413385	0.829601	3.0605500964	1
87	1	1.134625	0.829601	3.0605500964	1
88	0	0.520135	0.829601	3.0605500964	1
89	0	2.353226	0.829601	3.0605500964	0
90	0	0.593264	0.829601	3.0605500964	1
91	0	0.911007	0.829601	3.0605500964	1
92	1	1.864385	0.829601	3.0605500964	0
93	0	0.744222	0.829601	3.0605500964	1
94	0	0.724710	0.829601	3.0605500964	1
95	1	0.685073	0.829601	3.0605500964	1
96	0	0.669482	0.829601	3.0605500964	1
97	1	0.508027	0.829601	3.0605500964	1
98	0	0.518687	0.829601	3.0605500964	0
99	0	0.825614	0.829601	3.0605500964	1
100	0	0.746165	0.829601	3.0605500964	1
101	0	0.804633	0.829601	3.0605500964	0
102	0	1.268600	0.829601	3.0605500964	0
103	1	0.584887	0.829601	3.0605500964	0
104	0	0.566517	0.829601	3.0605500964	0
105	0	0.743683	0.829601	3.0605500964	0
106	0	1.120781	0.829601	3.0605500964	1
107	0	1.671010	0.829601	3.0605500964	1
108	0	1.205769	0.829601	3.0605500964	1
109	1	0.680274	0.829601	3.0605500964	1
110	0	1.665937	0.829601	3.0605500964	0
111	1	0.867678	0.829601	3.0605500964	0
112	0	0.609820	0.829601	3.0605500964	1
113	0	0.987468	0.829601	3.0605500964	1
114	1	0.764693	0.829601	3.0605500964	0
115	0	0.986982	0.829601	3.0605500964	0
116	0	1.917293	0.829601	3.0605500964	1
117	0	0.509263	0.829601	3.0605500964	0
118	1	0.780118	0.829601	3.0605500964	1
119	0	1.530013	0.829601	3.0605500964	0
120	1	0.654994	0.829601	3.0605500964	0
121	0	1.031631	0.829601	3.0605500964	1
122	0	1.493384	0.829601	3.0605500964	0
123	0	1.312021	0.829601	3.0605500964	0
124	0	0.905198	0.829601	3.0605500964	0
125	0	1.104334	0.829601	3.0605500964	1
126	0	0.574129	0.829601	3.0605500964	1
127	0	0.960968	0.829601	3.0605500964	0
128	0	0.661051	0.829601	3.0605500964	1
129	0	1.051887	0.829601	3.0605500964	1
130	1	0.540295	0.829601	3.0605500964	1
131	0	0.800513	0.829601	3.0605500964	1
132	0	0.806224	0.829601	3.0605500964	0
133	1	1.487082	0.829601	3.0605500964	1
134	0	0.527348	0.829601	3.0605500964	1
135	1	0.603517	0.829601	3.0605500964	0
136	0	1.865359	0.829601	3.0605500964	0
