1	0	2.895714	0.822554	3.3314717076	1
2	0	0.714952	0.822554	3.3314717076	0
3	1	0.672481	0.822554	3.3314717076	0
4	0	0.538440	0.822554	3.3314717076	1
5	1	0.536683	0.822554	3.3314717076	1
6	1	0.556992	0.822554	3.3314717076	0
7	0	0.958338	0.822554	3.3314717076	1
8	1	1.202585	0.822554	3.3314717076	1
9	0	0.578562	0.822554	3.3314717076	0
10	1	2.044484	0.822554	3.3314717076	1
11	0	0.574061	0.822554	3.3314717076	1
12	1	0.773274	0.822554	3.3314717076	0
13	1	0.542949	0.822554	3.3314717076	1
14	0	2.314882	0.822554	3.3314717076	1
15	0	1.684566	0.822554	3.3314717076	0
16	0	0.784481	0.822554	3.3314717076	1
17	0	1.535005	0.822554	3.3314717076	0
18	0	0.571380	0.822554	3.3314717076	0
19	0	0.686447	0.822554	3.3314717076	1
20	0	0.718531	0.822554	3.3314717076	1
21	0	0.634813	0.822554	3.3314717076	0
22	1	1.356351	0.822554	3.3314717076	0
23	0	0.621039	0.822554	3.3314717076	1
24	0	0.610317	0.822554	3.3314717076	0
25	0	0.623714	0.822554	3.3314717076	1
26	0	0.680262	0.822554	3.3314717076	0
27	1	0.812469	0.822554	3.3314717076	1
28	0	0.572976	0.822554	3.3314717076	1
29	0	0.751712	0.822554	3.3314717076	0
30	0	0.583341	0.822554	3.3314717076	0
31	0	0.674841	0.822554	3.3314717076	0
32	1	0.715712	0.822554	3.3314717076	0
33	0	2.155317	0.822554	3.3314717076	1
34	0	0.586758	0.822554	3.3314717076	0
35	0	1.303316	0.822554	3.3314717076	0
36	0	0.548714	0.822554	3.3314717076	1
37	0	0.652294	0.822554	3.3314717076	1
38	1	1.939765	0.822554	3.3314717076	0
39	0	0.558788	0.822554	3.3314717076	0
40	0	2.147965	0.822554	3.3314717076	1
41	0	1.013097	0.822554	3.3314717076	0
42	1	0.865075	0.822554	3.3314717076	1
43	0	0.526317	0.822554	3.3314717076	0
44	0	2.393782	0.822554	3.3314717076	1
45	0	1.180900	0.822554	3.3314717076	0
46	1	1.348518	0.822554	3.3314717076	0
47	0	0.600603	0.822554	3.3314717076	0
48	0	2.197827	0.822554	3.3314717076	1
49	1	0.634679	0.822554	3.3314717076	1
50	0	0.823548	0.822554	3.3314717076	0
51	0	1.072846	0.822554	3.3314717076	1
52	1	0.829574	0.822554	3.3314717076	1
53	0	0.747387	0.822554	3.3314717076	0
54	0	0.551250	0.822554	3.3314717076	1
55	0	0.575083	0.822554	3.3314717076	0
56	0	2.141566	0.822554	3.3314717076	1
57	1	2.534324	0.822554	3.3314717076	0
58	0	0.845621	0.822554	3.3314717076	0
59	1	0.640552	0.822554	3.3314717076	1
60	0	0.956089	0.822554	3.3314717076	0
61	0	0.590124	0.822554	3.3314717076	1
62	0	0.856322	0.822554	3.3314717076	1
63	1	0.537227	0.822554	3.3314717076	0
64	0	0.537321	0.822554	3.3314717076	1
65	0	0.752562	0.822554	3.3314717076	0
66	1	0.586082	0.822554	3.3314717076	0
67	0	0.704120	0.822554	3.3314717076	1
68	0	0.697736	0.822554	3.3314717076	1
69	0	1.256933	0.822554	3.3314717076	1
70	1	0.559066	0.822554	3.3314717076	1
71	0	0.612605	0.822554	3.3314717076	0
72	1	0.722014	0.822554	3.3314717076	1
73	0	0.832553	0.822554	3.3314717076	1
74	0	0.670682	0.822554	3.3314717076	1
75	0	0.952290	0.822554	3.3314717076	1
76	0	2.981851	0.822554	3.3314717076	1
77	1	1.316373	0.822554	3.3314717076	0
78	0	1.499143	0.822554	3.3314717076	0
79	0	0.559304	0.822554	3.3314717076	1
80	0	1.383473	0.822554	3.3314717076	0
81	0	1.053259	0.822554	3.3314717076	0
82	1	1.709439	0.822554	3.3314717076	1
83	0	0.769758	0.822554	3.3314717076	0
84	0	1.663254	0.822554	3.3314717076	1
85	0	1.913341	0.822554	3.3314717076	0
86	1	0.527646	0.822554	3.3314717076	0
87	0	0.888266	0.822554	3.3314717076	0
88	1	1.188014	0.822554	3.3314717076	0
89	0	1.175065	0.822554	3.3314717076	0
90	0	1.597023	0.822554	3.3314717076	1
91	0	1.877698	0.822554	3.3314717076	1
92	1	0.645145	0.822554	3.3314717076	1
93	0	0.759550	0.822554	3.3314717076	0
94	0	1.057612	0.822554	3.3314717076	0
95	1	0.696380	0.822554	3.3314717076	0
96	0	1.900455	0.822554	3.3314717076	1
97	0	0.749465	0.822554	3.3314717076	1
98	0	0.594404	0.822554	3.3314717076	0
99	1	0.862504	0.822554	3.3314717076	1
100	0	1.039479	0.822554	3.3314717076	1
101	1	0.624548	0.822554	3.3314717076	0
102	0	0.716559	0.822554	3.3314717076	0
103	0	0.537386	0.822554	3.3314717076	1
104	0	0.564140	0.822554	3.3314717076	0
105	0	1.245674	0.822554	3.3314717076	0
106	0	0.606108	0.822554	3.3314717076	0
107	1	0.761001	0.822554	3.3314717076	1
108	0	1.024362	0.822554	3.3314717076	0
109	1	0.595764	0.822554	3.3314717076	1
110	1	0.544136	0.822554	3.3314717076	0
111	0	0.567034	0.822554	3.3314717076	0
112	0	1.060393	0.822554	3.3314717076	1
113	0	0.505618	0.822554	3.3314717076	1
114	0	1.611035	0.822554	3.3314717076	1
115	1	1.303172	0.822554	3.3314717076	1
116	0	0.938499	0.822554	3.3314717076	1
117	1	2.243396	0.822554	3.3314717076	0
118	0	1.446551	0.822554	3.3314717076	1
119	0	1.284619	0.822554	3.3314717076	0
120	0	1.445325	0.822554	3.3314717076	1
121	1	0.751644	0.822554	3.3314717076	0
122	0	0.758170	0.822554	3.3314717076	1
123	1	0.568266	0.822554	3.3314717076	1
124	0	0.670842	0.822554	3.3314717076	0
125	1	0.751520	0.822554	3.3314717076	0
126	0	0.985868	0.822554	3.3314717076	1
127	0	0.601955	0.822554	3.3314717076	0
128	0	0.757340	0.822554	3.3314717076	1
129	1	0.759527	0.822554	3.3314717076	1
130	0	0.679597	0.822554	3.3314717076	0
131	0	0.594753	0.822554	3.3314717076	0
132	0	0.733973	0.822554	3.3314717076	1
133	0	1.937048	0.822554	3.3314717076	0
134	0	0.564663	0.822554	3.3314717076	0
135	1	1.531304	0.822554	3.3314717076	1
136	1	0.558765	0.822554	3.3314717076	0
