1	0	1.833448	0.844952	2.9437422270	1
2	0	0.865294	0.844952	2.9437422270	0
3	1	0.743832	0.844952	2.9437422270	1
4	0	0.652951	0.844952	2.9437422270	1
5	1	1.140487	0.844952	2.9437422270	0
6	0	0.739818	0.844952	2.9437422270	1
7	1	0.542541	0.844952	2.9437422270	1
8	0	0.808736	0.844952	2.9437422270	1
9	0	1.044329	0.844952	2.9437422270	1
10	1	0.594023	0.844952	2.9437422270	0
11	0	2.560094	0.844952	2.9437422270	1
12	1	0.806106	0.844952	2.9437422270	0
13	0	0.693075	0.844952	2.9437422270	1
14	0	0.690257	0.844952	2.9437422270	0
15	0	0.777843	0.844952	2.9437422270	1
16	1	0.994418	0.844952	2.9437422270	1
17	0	1.010956	0.844952	2.9437422270	1
18	1	0.754093	0.844952	2.9437422270	0
19	0	1.400984	0.844952	2.9437422270	0
20	0	0.982298	0.844952	2.9437422270	0
21	0	0.992827	0.844952	2.9437422270	0
22	0	0.763491	0.844952	2.9437422270	1
23	0	2.769401	0.844952	2.9437422270	0
24	0	0.584161	0.844952	2.9437422270	0
25	1	0.568446	0.844952	2.9437422270	1
26	0	1.390577	0.844952	2.9437422270	1
27	1	1.122036	0.844952	2.9437422270	0
28	0	0.595419	0.844952	2.9437422270	0
29	1	0.728590	0.844952	2.9437422270	1
30	0	0.565480	0.844952	2.9437422270	0
31	0	1.222924	0.844952	2.9437422270	0
32	0	1.358759	0.844952	2.9437422270	0
33	0	0.787352	0.844952	2.9437422270	1
34	0	0.862868	0.844952	2.9437422270	0
35	0	1.490357	0.844952	2.9437422270	1
36	1	0.731817	0.844952	2.9437422270	1
37	0	0.583886	0.844952	2.9437422270	0
38	1	0.607976	0.844952	2.9437422270	0
39	0	0.579909	0.844952	2.9437422270	1
40	0	1.323650	0.844952	2.9437422270	0
41	0	0.987518	0.844952	2.9437422270	0
42	1	0.968300	0.844952	2.9437422270	1
43	1	0.544897	0.844952	2.9437422270	0
44	0	1.064354	0.844952	2.9437422270	0
45	0	1.435055	0.844952	2.9437422270	1
46	0	1.930854	0.844952	2.9437422270	1
47	1	0.500070	0.844952	2.9437422270	0
48	0	0.781065	0.844952	2.9437422270	1
49	0	0.688396	0.844952	2.9437422270	1
50	0	0.862987	0.844952	2.9437422270	1
51	1	0.667447	0.844952	2.9437422270	1
52	0	1.083421	0.844952	2.9437422270	0
53	1	1.225891	0.844952	2.9437422270	0
54	0	0.583976	0.844952	2.9437422270	1
55	0	0.685778	0.844952	2.9437422270	1
56	1	0.701075	0.844952	2.9437422270	1
57	0	0.874920	0.844952	2.9437422270	0
58	0	1.548451	0.844952	2.9437422270	0
59	0	0.509995	0.844952	2.9437422270	1
60	0	1.369197	0.844952	2.9437422270	0
61	1	0.840302	0.844952	2.9437422270	1
62	0	1.522826	0.844952	2.9437422270	0
63	0	0.572711	0.844952	2.9437422270	0
64	0	0.581173	0.844952	2.9437422270	0
65	0	0.914924	0.844952	2.9437422270	0
66	1	1.069930	0.844952	2.9437422270	0
67	0	1.741949	0.844952	2.9437422270	1
68	0	1.194198	0.844952	2.9437422270	1
69	0	0.760631	0.844952	2.9437422270	0
70	1	1.014916	0.844952	2.9437422270	0
71	0	1.228353	0.844952	2.9437422270	0
72	1	0.633370	0.844952	2.9437422270	1
73	0	1.492009	0.844952	2.9437422270	1
74	1	1.102130	0.844952	2.9437422270	0
75	0	0.599603	0.844952	2.9437422270	0
76	0	0.827518	0.844952	2.9437422270	1
77	0	0.520519	0.844952	2.9437422270	1
78	0	1.357246	0.844952	2.9437422270	0
79	1	0.562810	0.844952	2.9437422270	1
80	1	0.564343	0.844952	2.9437422270	1
81	0	0.785391	0.844952	2.9437422270	0
82	0	1.417379	0.844952	2.9437422270	1
83	1	1.545117	0.844952	2.9437422270	0
84	0	0.561698	0.844952	2.9437422270	0
85	0	2.243020	0.844952	2.9437422270	1
86	0	0.932017	0.844952	2.9437422270	1
87	0	1.392597	0.844952	2.9437422270	0
88	0	1.478890	0.844952	2.9437422270	1
89	1	0.527441	0.844952	2.9437422270	1
90	0	0.985418	0.844952	2.9437422270	1
91	0	0.953205	0.844952	2.9437422270	1
92	1	0.562674	0.844952	2.9437422270	0
93	0	1.844864	0.844952	2.9437422270	0
94	0	0.574237	0.844952	2.9437422270	0
95	0	0.950944	0.844952	2.9437422270	1
96	1	0.899012	0.844952	2.9437422270	1
97	0	1.429211	0.844952	2.9437422270	0
98	0	0.521141	0.844952	2.9437422270	0
99	0	0.630268	0.844952	2.9437422270	0
100	0	0.701948	0.844952	2.9437422270	1
101	0	0.502168	0.844952	2.9437422270	1
102	1	1.380868	0.844952	2.9437422270	0
103	0	0.578520	0.844952	2.9437422270	0
104	0	1.871219	0.844952	2.9437422270	0
105	0	2.069821	0.844952	2.9437422270	1
106	0	1.249994	0.844952	2.9437422270	0
107	1	1.040502	0.844952	2.9437422270	0
108	0	1.085575	0.844952	2.9437422270	1
109	1	0.730184	0.844952	2.9437422270	1
110	0	2.183377	0.844952	2.9437422270	1
111	0	0.614059	0.844952	2.9437422270	0
112	1	1.240409	0.844952	2.9437422270	0
113	0	0.594248	0.844952	2.9437422270	0
114	0	1.250347	0.844952	2.9437422270	0
115	0	0.909012	0.844952	2.9437422270	0
116	0	0.737370	0.844952	2.9437422270	0
117	1	1.227749	0.844952	2.9437422270	1
118	0	1.070959	0.844952	2.9437422270	1
119	0	1.057446	0.844952	2.9437422270	1
120	0	0.815933	0.844952	2.9437422270	0
121	0	0.992050	0.844952	2.9437422270	1
122	0	0.861256	0.844952	2.9437422270	0
123	0	0.825134	0.844952	2.9437422270	1
124	1	0.707820	0.844952	2.9437422270	1
125	0	0.623422	0.844952	2.9437422270	1
126	0	0.754840	0.844952	2.9437422270	1
127	0	1.414850	0.844952	2.9437422270	1
128	1	2.016612	0.844952	2.9437422270	0
129	1	0.552394	0.844952	2.9437422270	1
130	0	1.343394	0.844952	2.9437422270	1
131	1	0.714697	0.844952	2.9437422270	0
132	0	1.160408	0.844952	2.9437422270	0
133	0	0.510096	0.844952	2.9437422270	0
134	0	1.307902	0.844952	2.9437422270	1
135	1	0.657744	0.844952	2.9437422270	0
136	1	1.030530	0.844952	2.9437422270	1
