1	0	1.991113	0.826999	2.6816647931	0
2	0	1.074010	0.826999	2.6816647931	0
3	0	0.638005	0.826999	2.6816647931	1
4	1	0.510037	0.826999	2.6816647931	1
5	0	0.728675	0.826999	2.6816647931	1
6	0	1.502624	0.826999	2.6816647931	0
7	1	0.567156	0.826999	2.6816647931	0
8	0	0.533277	0.826999	2.6816647931	1
9	0	0.524800	0.826999	2.6816647931	1
10	0	0.513698	0.826999	2.6816647931	1
11	0	0.939036	0.826999	2.6816647931	1
12	0	0.691488	0.826999	2.6816647931	1
13	1	0.565181	0.826999	2.6816647931	1
14	0	1.157485	0.826999	2.6816647931	0
15	0	0.775290	0.826999	2.6816647931	0
16	1	0.849709	0.826999	2.6816647931	0
17	0	0.780294	0.826999	2.6816647931	0
18	0	1.641894	0.826999	2.6816647931	0
19	0	0.849183	0.826999	2.6816647931	1
20	1	0.537293	0.826999	2.6816647931	0
21	0	1.423889	0.826999	2.6816647931	0
22	1	1.340703	0.826999	2.6816647931	1
23	0	0.980185	0.826999	2.6816647931	1
24	1	0.953284	0.826999	2.6816647931	0
25	0	0.764355	0.826999	2.6816647931	0
26	1	1.782818	0.826999	2.6816647931	1
27	0	0.796930	0.826999	2.6816647931	0
28	0	1.387563	0.826999	2.6816647931	0
29	0	0.620821	0.826999	2.6816647931	1
30	1	0.505939	0.826999	2.6816647931	0
31	0	0.533873	0.826999	2.6816647931	1
32	0	0.952210	0.826999	2.6816647931	0
33	0	0.595125	0.826999	2.6816647931	1
34	0	0.858298	0.826999	2.6816647931	1
35	1	3.463089	0.826999	2.6816647931	1
36	1	0.778943	0.826999	2.6816647931	1
37	0	0.805621	0.826999	2.6816647931	1
38	1	0.501427	0.826999	2.6816647931	0
39	0	0.828234	0.826999	2.6816647931	1
40	0	0.869226	0.826999	2.6816647931	0
41	1	0.688867	0.826999	2.6816647931	1
42	0	0.754281	0.826999	2.6816647931	1
43	1	0.632933	0.826999	2.6816647931	0
44	0	1.147575	0.826999	2.6816647931	1
45	0	1.590708	0.826999	2.6816647931	0
46	0	2.246336	0.826999	2.6816647931	1
47	0	1.096503	0.826999	2.6816647931	1
48	0	0.925828	0.826999	2.6816647931	0
49	1	0.685062	0.826999	2.6816647931	0
50	0	0.785310	0.826999	2.6816647931	1
51	0	1.163866	0.826999	2.6816647931	1
52	1	0.781591	0.826999	2.6816647931	1
53	0	0.722250	0.826999	2.6816647931	1
54	0	0.821811	0.826999	2.6816647931	0
55	0	1.107544	0.826999	2.6816647931	0
56	0	1.524168	0.826999	2.6816647931	0
57	0	0.791762	0.826999	2.6816647931	1
58	1	1.192687	0.826999	2.6816647931	0
59	0	0.997105	0.826999	2.6816647931	0
60	0	1.182037	0.826999	2.6816647931	0
61	0	1.121627	0.826999	2.6816647931	0
62	1	0.689719	0.826999	2.6816647931	1
63	0	0.653555	0.826999	2.6816647931	0
64	1	0.586124	0.826999	2.6816647931	1
65	0	0.595308	0.826999	2.6816647931	1
66	0	1.234125	0.826999	2.6816647931	0
67	1	1.550086	0.826999	2.6816647931	0
68	0	1.169006	0.826999	2.6816647931	0
69	0	1.247551	0.826999	2.6816647931	0
70	0	0.739068	0.826999	2.6816647931	1
71	0	0.713623	0.826999	2.6816647931	1
72	1	0.536848	0.826999	2.6816647931	0
73	0	2.282447	0.826999	2.6816647931	0
74	1	0.505008	0.826999	2.6816647931	1
75	0	0.540597	0.826999	2.6816647931	0
76	1	0.728661	0.826999	2.6816647931	0
77	0	0.782053	0.826999	2.6816647931	0
78	0	0.820838	0.826999	2.6816647931	1
79	1	1.869517	0.826999	2.6816647931	1
80	0	0.741579	0.826999	2.6816647931	1
81	0	1.304068	0.826999	2.6816647931	1
82	0	0.580984	0.826999	2.6816647931	1
83	0	1.512320	0.826999	2.6816647931	1
84	0	1.042305	0.826999	2.6816647931	0
85	1	1.541625	0.826999	2.6816647931	1
86	1	0.996957	0.826999	2.6816647931	0
87	0	0.967052	0.826999	2.6816647931	1
88	1	0.746455	0.826999	2.6816647931	1
89	0	1.103389	0.826999	2.6816647931	1
90	0	0.629646	0.826999	2.6816647931	0
91	0	0.590667	0.826999	2.6816647931	0
92	0	1.064704	0.826999	2.6816647931	0
93	0	0.555035	0.826999	2.6816647931	0
94	1	0.954412	0.826999	2.6816647931	0
95	1	0.651965	0.826999	2.6816647931	1
96	0	0.530258	0.826999	2.6816647931	1
97	0	1.166023	0.826999	2.6816647931	1
98	0	0.540742	0.826999	2.6816647931	0
99	0	0.712955	0.826999	2.6816647931	0
100	0	0.604062	0.826999	2.6816647931	1
101	1	0.896631	0.826999	2.6816647931	0
102	0	1.208093	0.826999	2.6816647931	0
103	0	0.990677	0.826999	2.6816647931	0
104	0	1.607742	0.826999	2.6816647931	0
105	0	0.615067	0.826999	2.6816647931	0
106	0	1.271431	0.826999	2.6816647931	0
107	1	3.046109	0.826999	2.6816647931	0
108	0	1.320552	0.826999	2.6816647931	0
109	1	0.902067	0.826999	2.6816647931	1
110	0	1.336497	0.826999	2.6816647931	0
111	0	1.181877	0.826999	2.6816647931	1
112	1	0.916975	0.826999	2.6816647931	0
113	0	1.783121	0.826999	2.6816647931	1
114	1	1.298624	0.826999	2.6816647931	1
115	0	2.319509	0.826999	2.6816647931	1
116	0	0.931902	0.826999	2.6816647931	0
117	0	0.698908	0.826999	2.6816647931	0
118	0	0.915363	0.826999	2.6816647931	0
119	1	0.544164	0.826999	2.6816647931	1
120	0	0.603051	0.826999	2.6816647931	0
121	0	1.417995	0.826999	2.6816647931	1
122	0	0.729047	0.826999	2.6816647931	0
123	1	1.337073	0.826999	2.6816647931	0
124	0	0.743501	0.826999	2.6816647931	0
125	1	0.565673	0.826999	2.6816647931	1
126	0	0.950289	0.826999	2.6816647931	1
127	0	0.793684	0.826999	2.6816647931	1
128	1	1.526067	0.826999	2.6816647931	0
129	0	0.808978	0.826999	2.6816647931	1
130	0	1.455833	0.826999	2.6816647931	1
131	0	0.883688	0.826999	2.6816647931	1
132	1	0.700816	0.826999	2.6816647931	0
133	0	0.625315	0.826999	2.6816647931	1
134	1	0.564977	0.826999	2.6816647931	1
135	0	1.711556	0.826999	2.6816647931	1
136	0	0.943175	0.826999	2.6816647931	1
