1	0	1.481173	0.827670	3.2481515314	0
2	0	0.681262	0.827670	3.2481515314	0
3	0	1.170101	0.827670	3.2481515314	0
4	1	0.683197	0.827670	3.2481515314	0
5	0	1.130320	0.827670	3.2481515314	0
6	1	0.974850	0.827670	3.2481515314	1
7	0	1.948445	0.827670	3.2481515314	1
8	0	1.148347	0.827670	3.2481515314	0
9	1	0.847131	0.827670	3.2481515314	0
10	0	0.763782	0.827670	3.2481515314	1
11	1	0.669378	0.827670	3.2481515314	1
12	0	1.007251	0.827670	3.2481515314	1
13	1	0.749575	0.827670	3.2481515314	1
14	0	0.654379	0.827670	3.2481515314	1
15	0	0.874567	0.827670	3.2481515314	0
16	0	0.617446	0.827670	3.2481515314	1
17	0	2.258128	0.827670	3.2481515314	0
18	1	0.934969	0.827670	3.2481515314	0
19	0	1.100484	0.827670	3.2481515314	0
20	0	2.412020	0.827670	3.2481515314	1
21	0	0.568962	0.827670	3.2481515314	1
22	0	1.495225	0.827670	3.2481515314	0
23	1	0.697999	0.827670	3.2481515314	1
24	0	0.532219	0.827670	3.2481515314	1
25	0	0.549048	0.827670	3.2481515314	1
26	1	0.575074	0.827670	3.2481515314	0
27	0	2.190273	0.827670	3.2481515314	1
28	0	0.553429	0.827670	3.2481515314	0
29	1	1.139842	0.827670	3.2481515314	1
30	0	1.155021	0.827670	3.2481515314	1
31	0	0.822725	0.827670	3.2481515314	0
32	0	2.062256	0.827670	3.2481515314	1
33	1	0.930253	0.827670	3.2481515314	0
34	1	0.511751	0.827670	3.2481515314	0
35	0	1.305944	0.827670	3.2481515314	0
36	0	0.922377	0.827670	3.2481515314	1
37	0	0.647561	0.827670	3.2481515314	1
38	0	0.549673	0.827670	3.2481515314	0
39	1	0.815741	0.827670	3.2481515314	1
40	0	0.619636	0.827670	3.2481515314	1
41	0	0.500882	0.827670	3.2481515314	0
42	0	1.854442	0.827670	3.2481515314	0
43	1	0.604001	0.827670	3.2481515314	0
44	0	0.558927	0.827670	3.2481515314	0
45	1	0.830300	0.827670	3.2481515314	1
46	0	1.782744	0.827670	3.2481515314	1
47	1	1.268628	0.827670	3.2481515314	1
48	0	0.891714	0.827670	3.2481515314	1
49	0	1.374037	0.827670	3.2481515314	0
50	0	1.337383	0.827670	3.2481515314	1
51	1	0.524682	0.827670	3.2481515314	0
52	0	0.665286	0.827670	3.2481515314	0
53	0	1.061325	0.827670	3.2481515314	1
54	0	0.614218	0.827670	3.2481515314	1
55	1	0.515745	0.827670	3.2481515314	1
56	0	1.413544	0.827670	3.2481515314	0
57	1	2.692975	0.827670	3.2481515314	0
58	0	0.614013	0.827670	3.2481515314	0
59	0	1.337206	0.827670	3.2481515314	1
60	1	0.677026	0.827670	3.2481515314	0
61	0	0.623296	0.827670	3.2481515314	0
62	1	1.215026	0.827670	3.2481515314	1
63	1	0.640695	0.827670	3.2481515314	1
64	0	1.591297	0.827670	3.2481515314	0
65	0	0.529668	0.827670	3.2481515314	0
66	0	1.214623	0.827670	3.2481515314	1
67	1	1.318225	0.827670	3.2481515314	0
68	0	0.547325	0.827670	3.2481515314	1
69	0	1.056404	0.827670	3.2481515314	1
70	0	0.619684	0.827670	3.2481515314	0
71	0	1.247704	0.827670	3.2481515314	0
72	0	0.555646	0.827670	3.2481515314	0
73	1	1.113078	0.827670	3.2481515314	1
74	0	1.321675	0.827670	3.2481515314	1
75	1	2.078390	0.827670	3.2481515314	0
76	0	0.582547	0.827670	3.2481515314	0
77	1	0.887645	0.827670	3.2481515314	0
78	0	0.729953	0.827670	3.2481515314	0
79	0	0.979697	0.827670	3.2481515314	1
80	1	0.848671	0.827670	3.2481515314	1
81	0	0.726262	0.827670	3.2481515314	0
82	0	1.439835	0.827670	3.2481515314	1
83	1	1.878513	0.827670	3.2481515314	0
84	0	0.521461	0.827670	3.2481515314	1
85	0	0.862330	0.827670	3.2481515314	0
86	0	0.898690	0.827670	3.2481515314	0
87	1	0.619320	0.827670	3.2481515314	1
88	0	0.886696	0.827670	3.2481515314	1
89	0	1.115827	0.827670	3.2481515314	1
90	0	1.308680	0.827670	3.2481515314	1
91	1	0.520526	0.827670	3.2481515314	0
92	0	1.089193	0.827670	3.2481515314	0
93	1	0.604220	0.827670	3.2481515314	1
94	1	1.763727	0.827670	3.2481515314	1
95	0	0.804467	0.827670	3.2481515314	1
96	0	0.562536	0.827670	3.2481515314	1
97	0	1.168472	0.827670	3.2481515314	0
98	0	0.911094	0.827670	3.2481515314	1
99	0	0.598514	0.827670	3.2481515314	0
100	0	0.736092	0.827670	3.2481515314	1
101	0	1.575135	0.827670	3.2481515314	0
102	0	1.253553	0.827670	3.2481515314	0
103	0	0.755829	0.827670	3.2481515314	0
104	0	1.364783	0.827670	3.2481515314	1
105	1	0.704237	0.827670	3.2481515314	0
106	0	0.737194	0.827670	3.2481515314	1
107	0	0.701796	0.827670	3.2481515314	0
108	1	0.695253	0.827670	3.2481515314	1
109	0	0.534436	0.827670	3.2481515314	0
110	0	0.947878	0.827670	3.2481515314	1
111	0	0.521660	0.827670	3.2481515314	1
112	0	1.132004	0.827670	3.2481515314	1
113	0	1.062244	0.827670	3.2481515314	1
114	0	0.739508	0.827670	3.2481515314	0
115	1	1.089564	0.827670	3.2481515314	0
116	0	0.713271	0.827670	3.2481515314	0
117	0	0.713568	0.827670	3.2481515314	1
118	0	0.690496	0.827670	3.2481515314	1
119	0	1.021098	0.827670	3.2481515314	1
120	1	1.724379	0.827670	3.2481515314	0
121	0	0.678242	0.827670	3.2481515314	0
122	1	0.813728	0.827670	3.2481515314	1
123	0	0.698170	0.827670	3.2481515314	0
124	1	1.470017	0.827670	3.2481515314	0
125	0	0.518174	0.827670	3.2481515314	0
126	0	1.986837	0.827670	3.2481515314	0
127	0	0.896138	0.827670	3.2481515314	0
128	0	1.226724	0.827670	3.2481515314	1
129	0	1.457951	0.827670	3.2481515314	1
130	1	0.713793	0.827670	3.2481515314	1
131	0	0.622852	0.827670	3.2481515314	1
132	0	1.016520	0.827670	3.2481515314	0
133	0	1.354317	0.827670	3.2481515314	0
134	0	0.599261	0.827670	3.2481515314	1
135	1	1.303360	0.827670	3.2481515314	1
136	1	1.377438	0.827670	3.2481515314	0
