1	0	3.232460	0.819146	3.1136759346	0
2	0	0.579985	0.819146	3.1136759346	1
3	0	0.610349	0.819146	3.1136759346	0
4	1	2.043375	0.819146	3.1136759346	1
5	0	1.092230	0.819146	3.1136759346	0
6	0	0.967586	0.819146	3.1136759346	0
7	0	0.639662	0.819146	3.1136759346	1
8	1	0.904582	0.819146	3.1136759346	0
9	0	0.581848	0.819146	3.1136759346	0
10	0	0.713906	0.819146	3.1136759346	1
11	1	0.790882	0.819146	3.1136759346	1
12	1	0.555139	0.819146	3.1136759346	0
13	0	0.785820	0.819146	3.1136759346	0
14	0	1.300269	0.819146	3.1136759346	1
15	0	0.948158	0.819146	3.1136759346	1
16	0	1.611723	0.819146	3.1136759346	0
17	1	0.852488	0.819146	3.1136759346	0
18	0	0.806858	0.819146	3.1136759346	1
19	0	1.429345	0.819146	3.1136759346	0
20	0	1.237200	0.819146	3.1136759346	1
21	1	1.052071	0.819146	3.1136759346	1
22	0	0.794263	0.819146	3.1136759346	1
23	1	2.086780	0.819146	3.1136759346	0
24	0	1.307197	0.819146	3.1136759346	0
25	1	0.641383	0.819146	3.1136759346	1
26	0	1.023647	0.819146	3.1136759346	1
27	0	1.443943	0.819146	3.1136759346	1
28	1	1.569465	0.819146	3.1136759346	0
29	0	1.094737	0.819146	3.1136759346	1
30	0	0.656911	0.819146	3.1136759346	0
31	0	0.653321	0.819146	3.1136759346	1
32	0	0.525736	0.819146	3.1136759346	0
33	0	1.556855	0.819146	3.1136759346	0
34	1	0.927842	0.819146	3.1136759346	1
35	0	0.848728	0.819146	3.1136759346	1
36	1	0.929305	0.819146	3.1136759346	1
37	0	1.558038	0.819146	3.1136759346	1
38	1	0.574267	0.819146	3.1136759346	0
39	0	0.768738	0.819146	3.1136759346	0
40	1	0.676739	0.819146	3.1136759346	1
41	0	0.564011	0.819146	3.1136759346	0
42	0	0.678928	0.819146	3.1136759346	1
43	0	0.545963	0.819146	3.1136759346	0
44	0	1.163380	0.819146	3.1136759346	0
45	0	2.428267	0.819146	3.1136759346	0
46	0	1.009101	0.819146	3.1136759346	1
47	0	0.861104	0.819146	3.1136759346	0
48	0	0.529530	0.819146	3.1136759346	1
49	1	0.573269	0.819146	3.1136759346	0
50	0	0.937050	0.819146	3.1136759346	0
51	0	0.925302	0.819146	3.1136759346	1
52	1	0.558439	0.819146	3.1136759346	0
53	0	1.232989	0.819146	3.1136759346	0
54	1	1.031566	0.819146	3.1136759346	1
55	0	0.646052	0.819146	3.1136759346	1
56	0	0.908226	0.819146	3.1136759346	0
57	0	2.011217	0.819146	3.1136759346	1
58	1	0.877302	0.819146	3.1136759346	0
59	0	1.047393	0.819146	3.1136759346	1
60	0	0.647238	0.819146	3.1136759346	0
61	0	0.851286	0.819146	3.1136759346	1
62	1	0.691568	0.819146	3.1136759346	1
63	0	1.172486	0.819146	3.1136759346	0
64	0	1.235354	0.819146	3.1136759346	0
65	0	0.812428	0.819146	3.1136759346	1
66	1	0.578637	0.819146	3.1136759346	1
67	0	0.723296	0.819146	3.1136759346	1
68	0	0.681797	0.819146	3.1136759346	0
69	0	0.826908	0.819146	3.1136759346	1
70	0	3.596660	0.819146	3.1136759346	1
71	1	1.077024	0.819146	3.1136759346	0
72	0	1.228573	0.819146	3.1136759346	0
73	1	0.781399	0.819146	3.1136759346	0
74	0	0.759396	0.819146	3.1136759346	1
75	0	1.130783	0.819146	3.1136759346	1
76	0	1.020161	0.819146	3.1136759346	1
77	0	0.797786	0.819146	3.1136759346	0
78	1	2.387312	0.819146	3.1136759346	1
79	0	0.690095	0.819146	3.1136759346	0
80	0	0.636110	0.819146	3.1136759346	1
81	1	0.527073	0.819146	3.1136759346	0
82	0	0.534006	0.819146	3.1136759346	0
83	0	0.579558	0.819146	3.1136759346	0
84	0	0.595077	0.819146	3.1136759346	0
85	1	3.022904	0.819146	3.1136759346	1
86	0	0.934498	0.819146	3.1136759346	0
87	0	0.607755	0.819146	3.1136759346	1
88	0	0.860923	0.819146	3.1136759346	0
89	1	1.128301	0.819146	3.1136759346	1
90	1	0.588322	0.819146	3.1136759346	0
91	0	1.671100	0.819146	3.1136759346	1
92	0	0.500917	0.819146	3.1136759346	1
93	0	0.612982	0.819146	3.1136759346	0
94	0	0.985256	0.819146	3.1136759346	1
95	0	0.821596	0.819146	3.1136759346	1
96	0	1.665467	0.819146	3.1136759346	0
97	0	0.899685	0.819146	3.1136759346	0
98	1	1.261541	0.819146	3.1136759346	1
99	0	1.893905	0.819146	3.1136759346	1
100	1	0.541928	0.819146	3.1136759346	0
101	0	0.722907	0.819146	3.1136759346	0
102	0	0.960010	0.819146	3.1136759346	1
103	1	0.927717	0.819146	3.1136759346	1
104	0	0.578926	0.819146	3.1136759346	1
105	0	0.667477	0.819146	3.1136759346	0
106	1	0.508051	0.819146	3.1136759346	0
107	1	0.590482	0.819146	3.1136759346	0
108	0	0.566135	0.819146	3.1136759346	1
109	0	0.696606	0.819146	3.1136759346	1
110	0	1.151672	0.819146	3.1136759346	1
111	0	0.730251	0.819146	3.1136759346	0
112	1	0.622481	0.819146	3.1136759346	1
113	0	0.832527	0.819146	3.1136759346	0
114	1	0.627073	0.819146	3.1136759346	0
115	0	0.865831	0.819146	3.1136759346	0
116	1	0.581078	0.819146	3.1136759346	1
117	0	1.345247	0.819146	3.1136759346	1
118	0	0.656295	0.819146	3.1136759346	0
119	0	0.663593	0.819146	3.1136759346	1
120	0	1.626778	0.819146	3.1136759346	1
121	0	1.325473	0.819146	3.1136759346	0
122	1	1.459837	0.819146	3.1136759346	1
123	0	0.975314	0.819146	3.1136759346	0
124	0	1.546661	0.819146	3.1136759346	1
125	0	1.340738	0.819146	3.1136759346	0
126	1	0.597489	0.819146	3.1136759346	0
127	0	0.864912	0.819146	3.1136759346	1
128	0	2.855999	0.819146	3.1136759346	1
129	1	0.645022	0.819146	3.1136759346	1
130	0	0.747048	0.819146	3.1136759346	1
131	1	0.579748	0.819146	3.1136759346	0
132	0	0.703062	0.819146	3.1136759346	0
133	0	0.622840	0.819146	3.1136759346	0
134	0	0.687198	0.819146	3.1136759346	0
135	1	0.745281	0.819146	3.1136759346	0
136	1	0.920234	0.819146	3.1136759346	1
