1	0	1.044503	0.827405	2.9422059893	1
2	0	1.822834	0.827405	2.9422059893	0
3	0	0.928129	0.827405	2.9422059893	0
4	1	0.972046	0.827405	2.9422059893	1
5	0	0.512809	0.827405	2.9422059893	0
6	1	0.704005	0.827405	2.9422059893	0
7	0	0.705500	0.827405	2.9422059893	1
8	0	1.311822	0.827405	2.9422059893	0
9	0	1.250978	0.827405	2.9422059893	1
10	0	0.788299	0.827405	2.9422059893	0
11	1	2.165375	0.827405	2.9422059893	1
12	0	0.590146	0.827405	2.9422059893	0
13	1	1.012599	0.827405	2.9422059893	0
14	0	0.522468	0.827405	2.9422059893	1
15	1	0.517848	0.827405	2.9422059893	0
16	0	0.536527	0.827405	2.9422059893	1
17	0	0.719144	0.827405	2.9422059893	1
18	0	0.856428	0.827405	2.9422059893	1
19	0	0.544821	0.827405	2.9422059893	0
20	0	1.045928	0.827405	2.9422059893	0
21	0	1.358454	0.827405	2.9422059893	1
22	1	0.807945	0.827405	2.9422059893	1
23	0	0.541153	0.827405	2.9422059893	1
24	0	0.939485	0.827405	2.9422059893	1
25	1	0.836832	0.827405	2.9422059893	0
26	0	2.232198	0.827405	2.9422059893	0
27	0	0.864408	0.827405	2.9422059893	1
28	1	1.477646	0.827405	2.9422059893	1
29	0	1.518779	0.827405	2.9422059893	0
30	0	0.693301	0.827405	2.9422059893	0
31	1	0.889307	0.827405	2.9422059893	0
32	0	0.837629	0.827405	2.9422059893	1
33	0	0.534881	0.827405	2.9422059893	0
34	0	0.580089	0.827405	2.9422059893	1
35	1	0.937870	0.827405	2.9422059893	1
36	0	0.606721	0.827405	2.9422059893	1
37	1	0.580051	0.827405	2.9422059893	1
38	0	1.120155	0.827405	2.9422059893	0
39	0	0.802931	0.827405	2.9422059893	1
40	0	0.587876	0.827405	2.9422059893	1
41	1	0.573705	0.827405	2.9422059893	0
42	0	2.685570	0.827405	2.9422059893	1
43	0	0.807439	0.827405	2.9422059893	1
44	0	2.502171	0.827405	2.9422059893	0
45	1	1.028968	0.827405	2.9422059893	1
46	0	0.791622	0.827405	2.9422059893	1
47	0	0.511267	0.827405	2.9422059893	0
48	0	0.772247	0.827405	2.9422059893	0
49	0	2.947490	0.827405	2.9422059893	0
50	0	0.961346	0.827405	2.9422059893	0
51	0	1.386777	0.827405	2.9422059893	1
52	1	0.637751	0.827405	2.9422059893	0
53	0	1.070713	0.827405	2.9422059893	0
54	0	0.870180	0.827405	2.9422059893	0
55	0	1.058875	0.827405	2.9422059893	0
56	0	0.890139	0.827405	2.9422059893	0
57	1	2.077672	0.827405	2.9422059893	0
58	0	1.429663	0.827405	2.9422059893	1
59	0	0.987143	0.827405	2.9422059893	0
60	0	1.009313	0.827405	2.9422059893	1
61	1	1.163890	0.827405	2.9422059893	1
62	0	0.501484	0.827405	2.9422059893	1
63	1	2.177523	0.827405	2.9422059893	0
64	0	1.097707	0.827405	2.9422059893	0
65	0	1.342327	0.827405	2.9422059893	1
66	0	2.105437	0.827405	2.9422059893	0
67	0	2.185591	0.827405	2.9422059893	1
68	1	0.991245	0.827405	2.9422059893	1
69	0	0.513747	0.827405	2.9422059893	0
70	0	1.436114	0.827405	2.9422059893	1
71	0	1.069654	0.827405	2.9422059893	1
72	0	2.040586	0.827405	2.9422059893	0
73	1	1.020272	0.827405	2.9422059893	1
74	0	0.759071	0.827405	2.9422059893	1
75	0	0.737924	0.827405	2.9422059893	0
76	0	0.646674	0.827405	2.9422059893	1
77	0	0.972529	0.827405	2.9422059893	0
78	0	0.704528	0.827405	2.9422059893	0
79	1	0.640451	0.827405	2.9422059893	0
80	0	1.243113	0.827405	2.9422059893	0
81	1	0.582936	0.827405	2.9422059893	0
82	1	0.684521	0.827405	2.9422059893	1
83	0	0.783324	0.827405	2.9422059893	1
84	0	1.616378	0.827405	2.9422059893	1
85	0	0.760589	0.827405	2.9422059893	0
86	0	0.965554	0.827405	2.9422059893	0
87	0	0.548273	0.827405	2.9422059893	0
88	0	0.692074	0.827405	2.9422059893	1
89	1	0.736403	0.827405	2.9422059893	0
90	0	0.712364	0.827405	2.9422059893	1
91	0	1.089175	0.827405	2.9422059893	0
92	0	0.584917	0.827405	2.9422059893	1
93	1	2.003906	0.827405	2.9422059893	1
94	1	0.919041	0.827405	2.9422059893	1
95	0	0.775877	0.827405	2.9422059893	0
96	0	1.322510	0.827405	2.9422059893	1
97	0	0.808129	0.827405	2.9422059893	0
98	1	0.836388	0.827405	2.9422059893	0
99	0	0.586765	0.827405	2.9422059893	0
100	1	0.927063	0.827405	2.9422059893	1
101	0	0.726418	0.827405	2.9422059893	1
102	0	0.642799	0.827405	2.9422059893	1
103	1	0.843398	0.827405	2.9422059893	0
104	0	0.958844	0.827405	2.9422059893	1
105	0	0.628828	0.827405	2.9422059893	0
106	0	1.167333	0.827405	2.9422059893	0
107	1	0.959667	0.827405	2.9422059893	1
108	0	0.564412	0.827405	2.9422059893	0
109	0	1.227936	0.827405	2.9422059893	1
110	0	0.633197	0.827405	2.9422059893	1
111	0	0.753287	0.827405	2.9422059893	1
112	0	1.031674	0.827405	2.9422059893	0
113	0	0.744333	0.827405	2.9422059893	0
114	1	1.460519	0.827405	2.9422059893	0
115	1	1.225100	0.827405	2.9422059893	0
116	0	0.912552	0.827405	2.9422059893	1
117	1	0.505807	0.827405	2.9422059893	1
118	0	0.653851	0.827405	2.9422059893	1
119	1	0.507229	0.827405	2.9422059893	0
120	0	1.105937	0.827405	2.9422059893	1
121	1	1.723598	0.827405	2.9422059893	1
122	0	1.321501	0.827405	2.9422059893	1
123	1	0.556580	0.827405	2.9422059893	1
124	0	0.730254	0.827405	2.9422059893	1
125	1	0.735316	0.827405	2.9422059893	0
126	0	0.526847	0.827405	2.9422059893	0
127	0	0.952933	0.827405	2.9422059893	0
128	1	0.758602	0.827405	2.9422059893	1
129	0	0.958098	0.827405	2.9422059893	0
130	0	0.540951	0.827405	2.9422059893	0
131	1	1.078479	0.827405	2.9422059893	0
132	0	1.434019	0.827405	2.9422059893	0
133	0	0.884387	0.827405	2.9422059893	1
134	0	0.624156	0.827405	2.9422059893	1
135	1	1.699870	0.827405	2.9422059893	0
136	1	0.635261	0.827405	2.9422059893	1
