1	0	1.141651	0.819540	2.4315370346	1
2	0	0.598570	0.819540	2.4315370346	1
3	1	1.639540	0.819540	2.4315370346	1
4	0	1.126027	0.819540	2.4315370346	0
5	0	0.533990	0.819540	2.4315370346	1
6	1	0.897368	0.819540	2.4315370346	0
7	0	0.590179	0.819540	2.4315370346	1
8	0	1.377597	0.819540	2.4315370346	1
9	0	1.224468	0.819540	2.4315370346	1
10	0	2.049937	0.819540	2.4315370346	0
11	0	0.696510	0.819540	2.4315370346	0
12	1	1.332923	0.819540	2.4315370346	1
13	0	0.613196	0.819540	2.4315370346	0
14	0	0.548558	0.819540	2.4315370346	0
15	0	0.825791	0.819540	2.4315370346	1
16	1	0.528763	0.819540	2.4315370346	0
17	0	1.003844	0.819540	2.4315370346	1
18	0	1.529315	0.819540	2.4315370346	0
19	1	0.726375	0.819540	2.4315370346	0
20	0	0.914837	0.819540	2.4315370346	0
21	1	0.722314	0.819540	2.4315370346	1
22	0	0.631679	0.819540	2.4315370346	1
23	1	0.624773	0.819540	2.4315370346	0
24	0	0.791105	0.819540	2.4315370346	1
25	0	0.841834	0.819540	2.4315370346	0
26	0	1.506228	0.819540	2.4315370346	0
27	1	0.763162	0.819540	2.4315370346	1
28	0	0.554570	0.819540	2.4315370346	0
29	0	0.697459	0.819540	2.4315370346	1
30	0	1.152490	0.819540	2.4315370346	1
31	1	0.953972	0.819540	2.4315370346	0
32	0	0.833378	0.819540	2.4315370346	0
33	0	0.740123	0.819540	2.4315370346	0
34	0	1.028903	0.819540	2.4315370346	1
35	0	1.278108	0.819540	2.4315370346	1
36	1	0.612450	0.819540	2.4315370346	1
37	0	0.539654	0.819540	2.4315370346	0
38	1	0.863319	0.819540	2.4315370346	1
39	0	2.029618	0.819540	2.4315370346	1
40	0	1.082255	0.819540	2.4315370346	0
41	1	0.655547	0.819540	2.4315370346	0
42	0	0.849887	0.819540	2.4315370346	0
43	0	1.464246	0.819540	2.4315370346	1
44	1	1.105293	0.819540	2.4315370346	1
45	0	1.623812	0.819540	2.4315370346	1
46	0	0.535353	0.819540	2.4315370346	1
47	0	1.546835	0.819540	2.4315370346	1
48	1	1.378811	0.819540	2.4315370346	0
49	0	2.050817	0.819540	2.4315370346	1
50	1	0.775865	0.819540	2.4315370346	0
51	0	1.304982	0.819540	2.4315370346	0
52	1	0.910536	0.819540	2.4315370346	1
53	0	1.441341	0.819540	2.4315370346	0
54	0	0.807256	0.819540	2.4315370346	0
55	0	0.532535	0.819540	2.4315370346	1
56	1	0.644211	0.819540	2.4315370346	0
57	1	0.836363	0.819540	2.4315370346	1
58	0	2.725813	0.819540	2.4315370346	1
59	1	0.518536	0.819540	2.4315370346	1
60	0	1.187155	0.819540	2.4315370346	0
61	0	1.061981	0.819540	2.4315370346	0
62	1	1.012828	0.819540	2.4315370346	0
63	0	0.607812	0.819540	2.4315370346	0
64	1	0.988078	0.819540	2.4315370346	0
65	0	0.530590	0.819540	2.4315370346	1
66	0	0.970891	0.819540	2.4315370346	0
67	0	0.764997	0.819540	2.4315370346	0
68	1	0.697092	0.819540	2.4315370346	1
69	0	0.823509	0.819540	2.4315370346	1
70	1	0.638797	0.819540	2.4315370346	0
71	0	0.567759	0.819540	2.4315370346	0
72	1	1.092146	0.819540	2.4315370346	1
73	0	0.776849	0.819540	2.4315370346	1
74	0	0.561781	0.819540	2.4315370346	1
75	0	0.992310	0.819540	2.4315370346	0
76	0	0.690379	0.819540	2.4315370346	1
77	0	0.564711	0.819540	2.4315370346	0
78	1	1.293937	0.819540	2.4315370346	1
79	1	0.836951	0.819540	2.4315370346	0
80	0	2.675096	0.819540	2.4315370346	1
81	0	1.932050	0.819540	2.4315370346	1
82	0	0.586121	0.819540	2.4315370346	1
83	0	1.187524	0.819540	2.4315370346	0
84	0	0.801660	0.819540	2.4315370346	0
85	1	1.172742	0.819540	2.4315370346	1
86	0	1.443180	0.819540	2.4315370346	0
87	0	0.563151	0.819540	2.4315370346	0
88	1	2.750907	0.819540	2.4315370346	0
89	0	1.044737	0.819540	2.4315370346	1
90	0	0.599598	0.819540	2.4315370346	0
91	0	0.956307	0.819540	2.4315370346	1
92	0	1.203368	0.819540	2.4315370346	1
93	0	1.229043	0.819540	2.4315370346	0
94	1	0.578848	0.819540	2.4315370346	1
95	0	1.540116	0.819540	2.4315370346	0
96	1	0.832256	0.819540	2.4315370346	0
97	0	0.584554	0.819540	2.4315370346	1
98	0	0.933235	0.819540	2.4315370346	0
99	0	1.734772	0.819540	2.4315370346	1
100	0	0.700933	0.819540	2.4315370346	1
101	0	0.793455	0.819540	2.4315370346	0
102	1	0.815002	0.819540	2.4315370346	0
103	0	0.905351	0.819540	2.4315370346	0
104	0	1.993177	0.819540	2.4315370346	0
105	0	1.116746	0.819540	2.4315370346	0
106	0	0.646234	0.819540	2.4315370346	0
107	0	0.778865	0.819540	2.4315370346	1
108	0	1.575242	0.819540	2.4315370346	1
109	0	0.518354	0.819540	2.4315370346	1
110	1	1.054814	0.819540	2.4315370346	1
111	1	0.846525	0.819540	2.4315370346	0
112	0	0.658658	0.819540	2.4315370346	1
113	0	1.079953	0.819540	2.4315370346	1
114	1	0.606885	0.819540	2.4315370346	1
115	0	1.207497	0.819540	2.4315370346	0
116	0	1.383141	0.819540	2.4315370346	0
117	1	0.681773	0.819540	2.4315370346	1
118	0	0.832057	0.819540	2.4315370346	1
119	0	0.931347	0.819540	2.4315370346	0
120	0	0.600386	0.819540	2.4315370346	0
121	0	0.771445	0.819540	2.4315370346	1
122	0	2.351229	0.819540	2.4315370346	1
123	0	1.561400	0.819540	2.4315370346	1
124	0	1.029897	0.819540	2.4315370346	0
125	0	0.921356	0.819540	2.4315370346	0
126	0	0.661205	0.819540	2.4315370346	1
127	1	0.807191	0.819540	2.4315370346	0
128	0	0.529144	0.819540	2.4315370346	0
129	1	0.754539	0.819540	2.4315370346	1
130	0	0.595865	0.819540	2.4315370346	0
131	1	0.517137	0.819540	2.4315370346	0
132	0	0.786993	0.819540	2.4315370346	1
133	0	0.990675	0.819540	2.4315370346	1
134	0	0.699818	0.819540	2.4315370346	0
135	1	1.165260	0.819540	2.4315370346	0
136	1	1.265765	0.819540	2.4315370346	1
