1	0	1.915091	0.828655	3.0394481726	1
2	0	0.589307	0.828655	3.0394481726	0
3	1	0.675982	0.828655	3.0394481726	0
4	0	0.588444	0.828655	3.0394481726	0
5	0	0.543356	0.828655	3.0394481726	1
6	0	0.777799	0.828655	3.0394481726	1
7	0	1.341198	0.828655	3.0394481726	1
8	0	0.774676	0.828655	3.0394481726	0
9	0	0.552194	0.828655	3.0394481726	1
10	0	0.645451	0.828655	3.0394481726	0
11	1	1.341931	0.828655	3.0394481726	1
12	0	0.839669	0.828655	3.0394481726	0
13	1	1.537150	0.828655	3.0394481726	0
14	0	0.624989	0.828655	3.0394481726	1
15	1	0.907527	0.828655	3.0394481726	1
16	0	0.669961	0.828655	3.0394481726	1
17	0	0.853325	0.828655	3.0394481726	0
18	0	0.787002	0.828655	3.0394481726	0
19	1	0.545644	0.828655	3.0394481726	1
20	0	0.604096	0.828655	3.0394481726	0
21	0	0.748078	0.828655	3.0394481726	1
22	1	1.188249	0.828655	3.0394481726	0
23	0	1.076779	0.828655	3.0394481726	0
24	1	0.531971	0.828655	3.0394481726	1
25	0	1.229255	0.828655	3.0394481726	0
26	0	0.524835	0.828655	3.0394481726	0
27	0	0.560587	0.828655	3.0394481726	0
28	0	0.974032	0.828655	3.0394481726	1
29	0	0.886437	0.828655	3.0394481726	0
30	0	0.953950	0.828655	3.0394481726	1
31	0	0.537875	0.828655	3.0394481726	1
32	1	0.653725	0.828655	3.0394481726	0
33	0	0.529912	0.828655	3.0394481726	1
34	1	2.026614	0.828655	3.0394481726	1
35	0	1.201518	0.828655	3.0394481726	1
36	1	0.873821	0.828655	3.0394481726	0
37	0	0.863027	0.828655	3.0394481726	0
38	0	2.476215	0.828655	3.0394481726	1
39	1	1.200398	0.828655	3.0394481726	0
40	0	1.514589	0.828655	3.0394481726	0
41	0	1.324046	0.828655	3.0394481726	0
42	0	0.658688	0.828655	3.0394481726	1
43	0	1.047426	0.828655	3.0394481726	1
44	0	0.669269	0.828655	3.0394481726	1
45	1	1.339543	0.828655	3.0394481726	1
46	0	0.613607	0.828655	3.0394481726	0
47	0	0.975016	0.828655	3.0394481726	0
48	1	0.550058	0.828655	3.0394481726	0
49	0	1.390260	0.828655	3.0394481726	1
50	0	0.939241	0.828655	3.0394481726	0
51	0	0.883898	0.828655	3.0394481726	0
52	0	1.576373	0.828655	3.0394481726	1
53	1	1.367223	0.828655	3.0394481726	1
54	1	1.014110	0.828655	3.0394481726	1
55	0	0.545890	0.828655	3.0394481726	1
56	0	2.239281	0.828655	3.0394481726	0
57	1	1.488429	0.828655	3.0394481726	0
58	0	0.616844	0.828655	3.0394481726	1
59	0	1.165082	0.828655	3.0394481726	0
60	0	1.235850	0.828655	3.0394481726	1
61	0	0.765640	0.828655	3.0394481726	1
62	1	1.223163	0.828655	3.0394481726	1
63	0	0.948868	0.828655	3.0394481726	1
64	1	0.833512	0.828655	3.0394481726	0
65	0	0.625931	0.828655	3.0394481726	1
66	0	0.537326	0.828655	3.0394481726	0
67	1	1.656458	0.828655	3.0394481726	0
68	0	3.005089	0.828655	3.0394481726	0
69	0	1.766463	0.828655	3.0394481726	1
70	0	0.988162	0.828655	3.0394481726	0
71	0	0.609739	0.828655	3.0394481726	0
72	0	1.211902	0.828655	3.0394481726	0
73	1	0.543723	0.828655	3.0394481726	1
74	0	0.722789	0.828655	3.0394481726	0
75	1	0.565772	0.828655	3.0394481726	1
76	0	1.116042	0.828655	3.0394481726	0
77	0	0.590218	0.828655	3.0394481726	1
78	1	1.210414	0.828655	3.0394481726	0
79	0	1.161444	0.828655	3.0394481726	0
80	0	0.653993	0.828655	3.0394481726	1
81	1	0.532578	0.828655	3.0394481726	1
82	0	0.690508	0.828655	3.0394481726	1
83	1	0.763871	0.828655	3.0394481726	0
84	0	0.693008	0.828655	3.0394481726	0
85	0	0.819509	0.828655	3.0394481726	0
86	0	0.656688	0.828655	3.0394481726	1
87	0	0.915539	0.828655	3.0394481726	1
88	1	0.603307	0.828655	3.0394481726	0
89	0	0.668411	0.828655	3.0394481726	1
90	1	0.538156	0.828655	3.0394481726	1
91	1	0.684977	0.828655	3.0394481726	0
92	0	1.514776	0.828655	3.0394481726	1
93	0	0.501818	0.828655	3.0394481726	1
94	1	1.871406	0.828655	3.0394481726	1
95	0	2.587772	0.828655	3.0394481726	1
96	1	0.982851	0.828655	3.0394481726	0
97	0	0.960726	0.828655	3.0394481726	0
98	0	0.554110	0.828655	3.0394481726	0
99	0	0.704586	0.828655	3.0394481726	1
100	0	1.705288	0.828655	3.0394481726	0
101	0	1.100021	0.828655	3.0394481726	0
102	1	1.617902	0.828655	3.0394481726	1
103	0	1.506574	0.828655	3.0394481726	0
104	0	1.063293	0.828655	3.0394481726	1
105	0	0.704067	0.828655	3.0394481726	0
106	1	0.692837	0.828655	3.0394481726	1
107	0	0.785866	0.828655	3.0394481726	1
108	0	1.290701	0.828655	3.0394481726	1
109	0	0.643500	0.828655	3.0394481726	0
110	0	0.532657	0.828655	3.0394481726	1
111	0	0.881210	0.828655	3.0394481726	1
112	0	0.874220	0.828655	3.0394481726	0
113	0	1.093226	0.828655	3.0394481726	1
114	0	1.582736	0.828655	3.0394481726	1
115	1	0.849402	0.828655	3.0394481726	0
116	0	1.285385	0.828655	3.0394481726	1
117	0	0.625443	0.828655	3.0394481726	0
118	0	1.370545	0.828655	3.0394481726	1
119	1	1.359263	0.828655	3.0394481726	1
120	0	0.574545	0.828655	3.0394481726	0
121	1	0.872429	0.828655	3.0394481726	0
122	0	1.585380	0.828655	3.0394481726	1
123	1	0.724788	0.828655	3.0394481726	0
124	0	0.786423	0.828655	3.0394481726	1
125	0	2.294567	0.828655	3.0394481726	0
126	0	2.867591	0.828655	3.0394481726	0
127	1	0.606950	0.828655	3.0394481726	1
128	1	0.773894	0.828655	3.0394481726	0
129	0	0.804616	0.828655	3.0394481726	0
130	0	0.616798	0.828655	3.0394481726	1
131	0	0.845253	0.828655	3.0394481726	0
132	0	0.745985	0.828655	3.0394481726	0
133	1	0.726623	0.828655	3.0394481726	1
134	0	1.005452	0.828655	3.0394481726	0
135	1	0.700256	0.828655	3.0394481726	1
136	1	0.616273	0.828655	3.0394481726	0
