   1.0000000e+00   0.0000000e+00   1.1803380e+00   8.3543600e-01   3.1582900e+00   1.0000000e+00
   2.0000000e+00   0.0000000e+00   4.7928900e-01   8.3543600e-01   3.1582900e+00   1.0000000e+00
   3.0000000e+00   1.0000000e+00   5.2665600e-01   8.3543600e-01   3.1582900e+00   0.0000000e+00
   4.0000000e+00   0.0000000e+00   4.8950700e-01   8.3543600e-01   3.1582900e+00   1.0000000e+00
   5.0000000e+00   1.0000000e+00   4.9806200e-01   8.3543600e-01   3.1582900e+00   1.0000000e+00
   6.0000000e+00   0.0000000e+00   1.0443400e+00   8.3543600e-01   3.1582900e+00   0.0000000e+00
   7.0000000e+00   1.0000000e+00   1.0820540e+00   8.3543600e-01   3.1582900e+00   0.0000000e+00
   8.0000000e+00   0.0000000e+00   5.5433200e-01   8.3543600e-01   3.1582900e+00   1.0000000e+00
   9.0000000e+00   0.0000000e+00   5.7254800e-01   8.3543600e-01   3.1582900e+00   0.0000000e+00
   1.0000000e+01   0.0000000e+00   1.7479240e+00   8.3543600e-01   3.1582900e+00   0.0000000e+00
   1.1000000e+01   0.0000000e+00   9.4635200e-01   8.3543600e-01   3.1582900e+00   1.0000000e+00
   1.2000000e+01   0.0000000e+00   6.2559100e-01   8.3543600e-01   3.1582900e+00   1.0000000e+00
   1.3000000e+01   1.0000000e+00   3.2644990e+00   8.3543600e-01   3.1582900e+00   1.0000000e+00
   1.4000000e+01   0.0000000e+00   9.4531300e-01   8.3543600e-01   3.1582900e+00   0.0000000e+00
   1.5000000e+01   0.0000000e+00   1.5646770e+00   8.3543600e-01   3.1582900e+00   0.0000000e+00
   1.6000000e+01   0.0000000e+00   5.4548500e-01   8.3543600e-01   3.1582900e+00   0.0000000e+00
   1.7000000e+01   0.0000000e+00   4.7990800e-01   8.3543600e-01   3.1582900e+00   0.0000000e+00
   1.8000000e+01   1.0000000e+00   1.7963010e+00   8.3543600e-01   3.1582900e+00   1.0000000e+00
   1.9000000e+01   1.0000000e+00   9.1196500e-01   8.3543600e-01   3.1582900e+00   0.0000000e+00
   2.0000000e+01   0.0000000e+00   5.5408400e-01   8.3543600e-01   3.1582900e+00   1.0000000e+00
   2.1000000e+01   1.0000000e+00   7.7322400e-01   8.3543600e-01   3.1582900e+00   1.0000000e+00
   2.2000000e+01   0.0000000e+00   6.5155400e-01   8.3543600e-01   3.1582900e+00   0.0000000e+00
   2.3000000e+01   0.0000000e+00   9.4697000e-01   8.3543600e-01   3.1582900e+00   0.0000000e+00
   2.4000000e+01   1.0000000e+00   1.0784230e+00   8.3543600e-01   3.1582900e+00   0.0000000e+00
   2.5000000e+01   0.0000000e+00   5.1721000e-01   8.3543600e-01   3.1582900e+00   1.0000000e+00
   2.6000000e+01   1.0000000e+00   1.4892500e+00   8.3543600e-01   3.1582900e+00   1.0000000e+00
   2.7000000e+01   0.0000000e+00   4.3809600e-01   8.3543600e-01   3.1582900e+00   0.0000000e+00
   2.8000000e+01   1.0000000e+00   5.8316500e-01   8.3543600e-01   3.1582900e+00   0.0000000e+00
   2.9000000e+01   0.0000000e+00   4.7758300e-01   8.3543600e-01   3.1582900e+00   0.0000000e+00
   3.0000000e+01   0.0000000e+00   5.0721200e-01   8.3543600e-01   3.1582900e+00   1.0000000e+00
   3.1000000e+01   0.0000000e+00   1.1470370e+00   8.3543600e-01   3.1582900e+00   0.0000000e+00
   3.2000000e+01   0.0000000e+00   9.9211200e-01   8.3543600e-01   3.1582900e+00   1.0000000e+00
   3.3000000e+01   0.0000000e+00   1.3172300e+00   8.3543600e-01   3.1582900e+00   1.0000000e+00
   3.4000000e+01   0.0000000e+00   1.3388430e+00   8.3543600e-01   3.1582900e+00   1.0000000e+00
   3.5000000e+01   0.0000000e+00   1.9441310e+00   8.3543600e-01   3.1582900e+00   0.0000000e+00
   3.6000000e+01   1.0000000e+00   1.0427760e+00   8.3543600e-01   3.1582900e+00   0.0000000e+00
   3.7000000e+01   0.0000000e+00   1.0283180e+00   8.3543600e-01   3.1582900e+00   0.0000000e+00
   3.8000000e+01   0.0000000e+00   4.3566800e-01   8.3543600e-01   3.1582900e+00   0.0000000e+00
   3.9000000e+01   0.0000000e+00   7.6552200e-01   8.3543600e-01   3.1582900e+00   0.0000000e+00
   4.0000000e+01   0.0000000e+00   7.8677800e-01   8.3543600e-01   3.1582900e+00   1.0000000e+00
   4.1000000e+01   1.0000000e+00   6.3922500e-01   8.3543600e-01   3.1582900e+00   1.0000000e+00
   4.2000000e+01   0.0000000e+00   5.4130000e-01   8.3543600e-01   3.1582900e+00   1.0000000e+00
   4.3000000e+01   1.0000000e+00   1.3114470e+00   8.3543600e-01   3.1582900e+00   0.0000000e+00
   4.4000000e+01   0.0000000e+00   6.4351000e-01   8.3543600e-01   3.1582900e+00   1.0000000e+00
   4.5000000e+01   0.0000000e+00   1.0719460e+00   8.3543600e-01   3.1582900e+00   1.0000000e+00
   4.6000000e+01   0.0000000e+00   7.5637400e-01   8.3543600e-01   3.1582900e+00   0.0000000e+00
   4.7000000e+01   0.0000000e+00   1.5236080e+00   8.3543600e-01   3.1582900e+00   1.0000000e+00
   4.8000000e+01   0.0000000e+00   5.0334900e-01   8.3543600e-01   3.1582900e+00   1.0000000e+00
   4.9000000e+01   0.0000000e+00   1.6604810e+00   8.3543600e-01   3.1582900e+00   0.0000000e+00
   5.0000000e+01   1.0000000e+00   8.5939500e-01   8.3543600e-01   3.1582900e+00   1.0000000e+00
   5.1000000e+01   0.0000000e+00   5.2060100e-01   8.3543600e-01   3.1582900e+00   1.0000000e+00
   5.2000000e+01   1.0000000e+00   6.1566600e-01   8.3543600e-01   3.1582900e+00   1.0000000e+00
   5.3000000e+01   1.0000000e+00   1.4826930e+00   8.3543600e-01   3.1582900e+00   0.0000000e+00
   5.4000000e+01   0.0000000e+00   8.2422800e-01   8.3543600e-01   3.1582900e+00   1.0000000e+00
   5.5000000e+01   0.0000000e+00   4.9893900e-01   8.3543600e-01   3.1582900e+00   1.0000000e+00
   5.6000000e+01   1.0000000e+00   6.5735200e-01   8.3543600e-01   3.1582900e+00   1.0000000e+00
   5.7000000e+01   0.0000000e+00   8.4845900e-01   8.3543600e-01   3.1582900e+00   1.0000000e+00
   5.8000000e+01   0.0000000e+00   9.8329300e-01   8.3543600e-01   3.1582900e+00   0.0000000e+00
   5.9000000e+01   1.0000000e+00   3.3060990e+00   8.3543600e-01   3.1582900e+00   0.0000000e+00
   6.0000000e+01   0.0000000e+00   1.0984060e+00   8.3543600e-01   3.1582900e+00   1.0000000e+00
   6.1000000e+01   0.0000000e+00   1.7568860e+00   8.3543600e-01   3.1582900e+00   1.0000000e+00
   6.2000000e+01   0.0000000e+00   4.9900900e-01   8.3543600e-01   3.1582900e+00   0.0000000e+00
   6.3000000e+01   1.0000000e+00   1.4070000e+00   8.3543600e-01   3.1582900e+00   0.0000000e+00
   6.4000000e+01   0.0000000e+00   9.5224100e-01   8.3543600e-01   3.1582900e+00   0.0000000e+00
   6.5000000e+01   0.0000000e+00   6.2133000e-01   8.3543600e-01   3.1582900e+00   0.0000000e+00
   6.6000000e+01   1.0000000e+00   7.2047900e-01   8.3543600e-01   3.1582900e+00   1.0000000e+00
   6.7000000e+01   0.0000000e+00   1.1990400e+00   8.3543600e-01   3.1582900e+00   0.0000000e+00
   6.8000000e+01   0.0000000e+00   6.8247900e-01   8.3543600e-01   3.1582900e+00   0.0000000e+00
   6.9000000e+01   0.0000000e+00   7.6007300e-01   8.3543600e-01   3.1582900e+00   1.0000000e+00
   7.0000000e+01   1.0000000e+00   2.3387850e+00   8.3543600e-01   3.1582900e+00   1.0000000e+00
   7.1000000e+01   0.0000000e+00   9.2516500e-01   8.3543600e-01   3.1582900e+00   1.0000000e+00
   7.2000000e+01   1.0000000e+00   9.7262100e-01   8.3543600e-01   3.1582900e+00   0.0000000e+00
   7.3000000e+01   0.0000000e+00   5.7660100e-01   8.3543600e-01   3.1582900e+00   1.0000000e+00
   7.4000000e+01   0.0000000e+00   5.8944200e-01   8.3543600e-01   3.1582900e+00   0.0000000e+00
   7.5000000e+01   1.0000000e+00   1.3273990e+00   8.3543600e-01   3.1582900e+00   1.0000000e+00
   7.6000000e+01   0.0000000e+00   7.6628100e-01   8.3543600e-01   3.1582900e+00   0.0000000e+00
   7.7000000e+01   0.0000000e+00   6.0534400e-01   8.3543600e-01   3.1582900e+00   1.0000000e+00
   7.8000000e+01   0.0000000e+00   5.9485000e-01   8.3543600e-01   3.1582900e+00   1.0000000e+00
   7.9000000e+01   1.0000000e+00   8.1884400e-01   8.3543600e-01   3.1582900e+00   0.0000000e+00
   8.0000000e+01   0.0000000e+00   9.5666300e-01   8.3543600e-01   3.1582900e+00   0.0000000e+00
   8.1000000e+01   0.0000000e+00   5.8725600e-01   8.3543600e-01   3.1582900e+00   0.0000000e+00
   8.2000000e+01   0.0000000e+00   7.5529000e-01   8.3543600e-01   3.1582900e+00   0.0000000e+00
   8.3000000e+01   0.0000000e+00   5.9221600e-01   8.3543600e-01   3.1582900e+00   0.0000000e+00
   8.4000000e+01   0.0000000e+00   6.7199100e-01   8.3543600e-01   3.1582900e+00   0.0000000e+00
   8.5000000e+01   1.0000000e+00   5.9763100e-01   8.3543600e-01   3.1582900e+00   0.0000000e+00
   8.6000000e+01   0.0000000e+00   8.9808700e-01   8.3543600e-01   3.1582900e+00   0.0000000e+00
   8.7000000e+01   0.0000000e+00   8.3473200e-01   8.3543600e-01   3.1582900e+00   1.0000000e+00
   8.8000000e+01   0.0000000e+00   4.4412000e-01   8.3543600e-01   3.1582900e+00   1.0000000e+00
   8.9000000e+01   1.0000000e+00   1.9435090e+00   8.3543600e-01   3.1582900e+00   1.0000000e+00
   9.0000000e+01   0.0000000e+00   5.5692300e-01   8.3543600e-01   3.1582900e+00   1.0000000e+00
   9.1000000e+01   0.0000000e+00   1.1899140e+00   8.3543600e-01   3.1582900e+00   0.0000000e+00
   9.2000000e+01   0.0000000e+00   7.4757100e-01   8.3543600e-01   3.1582900e+00   0.0000000e+00
   9.3000000e+01   0.0000000e+00   9.3349100e-01   8.3543600e-01   3.1582900e+00   0.0000000e+00
   9.4000000e+01   1.0000000e+00   4.8632900e-01   8.3543600e-01   3.1582900e+00   0.0000000e+00
   9.5000000e+01   0.0000000e+00   5.1076000e-01   8.3543600e-01   3.1582900e+00   1.0000000e+00
   9.6000000e+01   1.0000000e+00   7.4034500e-01   8.3543600e-01   3.1582900e+00   1.0000000e+00
   9.7000000e+01   0.0000000e+00   6.7320100e-01   8.3543600e-01   3.1582900e+00   1.0000000e+00
   9.8000000e+01   0.0000000e+00   5.9674900e-01   8.3543600e-01   3.1582900e+00   1.0000000e+00
   9.9000000e+01   0.0000000e+00   1.7530250e+00   8.3543600e-01   3.1582900e+00   0.0000000e+00
   1.0000000e+02   1.0000000e+00   7.7506900e-01   8.3543600e-01   3.1582900e+00   0.0000000e+00
   1.0100000e+02   0.0000000e+00   1.0426260e+00   8.3543600e-01   3.1582900e+00   1.0000000e+00
   1.0200000e+02   1.0000000e+00   6.0060000e-01   8.3543600e-01   3.1582900e+00   1.0000000e+00
   1.0300000e+02   0.0000000e+00   6.5221800e-01   8.3543600e-01   3.1582900e+00   1.0000000e+00
   1.0400000e+02   0.0000000e+00   1.7245070e+00   8.3543600e-01   3.1582900e+00   1.0000000e+00
   1.0500000e+02   1.0000000e+00   9.7610700e-01   8.3543600e-01   3.1582900e+00   1.0000000e+00
   1.0600000e+02   0.0000000e+00   7.1732300e-01   8.3543600e-01   3.1582900e+00   0.0000000e+00
   1.0700000e+02   1.0000000e+00   4.3765300e-01   8.3543600e-01   3.1582900e+00   0.0000000e+00
   1.0800000e+02   1.0000000e+00   6.3275900e-01   8.3543600e-01   3.1582900e+00   1.0000000e+00
   1.0900000e+02   0.0000000e+00   9.2857400e-01   8.3543600e-01   3.1582900e+00   1.0000000e+00
   1.1000000e+02   0.0000000e+00   6.3633000e-01   8.3543600e-01   3.1582900e+00   0.0000000e+00
   1.1100000e+02   0.0000000e+00   1.2451900e+00   8.3543600e-01   3.1582900e+00   1.0000000e+00
   1.1200000e+02   0.0000000e+00   8.1455100e-01   8.3543600e-01   3.1582900e+00   0.0000000e+00
   1.1300000e+02   0.0000000e+00   9.3486500e-01   8.3543600e-01   3.1582900e+00   1.0000000e+00
   1.1400000e+02   1.0000000e+00   4.7966200e-01   8.3543600e-01   3.1582900e+00   0.0000000e+00
   1.1500000e+02   0.0000000e+00   2.2862070e+00   8.3543600e-01   3.1582900e+00   1.0000000e+00
   1.1600000e+02   0.0000000e+00   5.0112200e-01   8.3543600e-01   3.1582900e+00   0.0000000e+00
   1.1700000e+02   0.0000000e+00   7.3241400e-01   8.3543600e-01   3.1582900e+00   1.0000000e+00
   1.1800000e+02   0.0000000e+00   5.4505200e-01   8.3543600e-01   3.1582900e+00   0.0000000e+00
   1.1900000e+02   0.0000000e+00   5.1620400e-01   8.3543600e-01   3.1582900e+00   0.0000000e+00
   1.2000000e+02   1.0000000e+00   6.0639200e-01   8.3543600e-01   3.1582900e+00   0.0000000e+00
   1.2100000e+02   0.0000000e+00   5.7471400e-01   8.3543600e-01   3.1582900e+00   0.0000000e+00
   1.2200000e+02   0.0000000e+00   1.2138750e+00   8.3543600e-01   3.1582900e+00   0.0000000e+00
   1.2300000e+02   0.0000000e+00   4.6976300e-01   8.3543600e-01   3.1582900e+00   1.0000000e+00
   1.2400000e+02   1.0000000e+00   1.0413700e+00   8.3543600e-01   3.1582900e+00   1.0000000e+00
   1.2500000e+02   0.0000000e+00   1.5364080e+00   8.3543600e-01   3.1582900e+00   1.0000000e+00
   1.2600000e+02   0.0000000e+00   6.6793500e-01   8.3543600e-01   3.1582900e+00   0.0000000e+00
   1.2700000e+02   0.0000000e+00   1.8767540e+00   8.3543600e-01   3.1582900e+00   1.0000000e+00
   1.2800000e+02   1.0000000e+00   1.1269580e+00   8.3543600e-01   3.1582900e+00   0.0000000e+00
   1.2900000e+02   0.0000000e+00   6.9717000e-01   8.3543600e-01   3.1582900e+00   1.0000000e+00
   1.3000000e+02   0.0000000e+00   1.2111010e+00   8.3543600e-01   3.1582900e+00   0.0000000e+00
   1.3100000e+02   0.0000000e+00   8.9484800e-01   8.3543600e-01   3.1582900e+00   0.0000000e+00
   1.3200000e+02   0.0000000e+00   1.5457510e+00   8.3543600e-01   3.1582900e+00   1.0000000e+00
   1.3300000e+02   1.0000000e+00   1.5915310e+00   8.3543600e-01   3.1582900e+00   1.0000000e+00
   1.3400000e+02   0.0000000e+00   5.8455600e-01   8.3543600e-01   3.1582900e+00   0.0000000e+00
   1.3500000e+02   1.0000000e+00   7.3183300e-01   8.3543600e-01   3.1582900e+00   1.0000000e+00
   1.3600000e+02   1.0000000e+00   6.0963900e-01   8.3543600e-01   3.1582900e+00   0.0000000e+00
