   1.0000000e+00   0.0000000e+00   2.5680800e+00   8.3157900e-01   2.8462584e+00   0.0000000e+00
   2.0000000e+00   0.0000000e+00   8.8446100e-01   8.3157900e-01   2.8462584e+00   0.0000000e+00
   3.0000000e+00   1.0000000e+00   5.3324500e-01   8.3157900e-01   2.8462584e+00   1.0000000e+00
   4.0000000e+00   0.0000000e+00   1.6260790e+00   8.3157900e-01   2.8462584e+00   1.0000000e+00
   5.0000000e+00   0.0000000e+00   1.1702050e+00   8.3157900e-01   2.8462584e+00   0.0000000e+00
   6.0000000e+00   1.0000000e+00   5.1412200e-01   8.3157900e-01   2.8462584e+00   0.0000000e+00
   7.0000000e+00   0.0000000e+00   1.2553910e+00   8.3157900e-01   2.8462584e+00   0.0000000e+00
   8.0000000e+00   0.0000000e+00   4.6102800e-01   8.3157900e-01   2.8462584e+00   0.0000000e+00
   9.0000000e+00   1.0000000e+00   9.8279500e-01   8.3157900e-01   2.8462584e+00   1.0000000e+00
   1.0000000e+01   0.0000000e+00   6.0172900e-01   8.3157900e-01   2.8462584e+00   0.0000000e+00
   1.1000000e+01   0.0000000e+00   7.7432100e-01   8.3157900e-01   2.8462584e+00   1.0000000e+00
   1.2000000e+01   0.0000000e+00   6.1216400e-01   8.3157900e-01   2.8462584e+00   1.0000000e+00
   1.3000000e+01   0.0000000e+00   4.7781700e-01   8.3157900e-01   2.8462584e+00   1.0000000e+00
   1.4000000e+01   1.0000000e+00   6.8888700e-01   8.3157900e-01   2.8462584e+00   0.0000000e+00
   1.5000000e+01   0.0000000e+00   6.5894400e-01   8.3157900e-01   2.8462584e+00   1.0000000e+00
   1.6000000e+01   1.0000000e+00   8.9154700e-01   8.3157900e-01   2.8462584e+00   0.0000000e+00
   1.7000000e+01   0.0000000e+00   2.2771010e+00   8.3157900e-01   2.8462584e+00   1.0000000e+00
   1.8000000e+01   0.0000000e+00   9.9764900e-01   8.3157900e-01   2.8462584e+00   1.0000000e+00
   1.9000000e+01   0.0000000e+00   9.5967600e-01   8.3157900e-01   2.8462584e+00   0.0000000e+00
   2.0000000e+01   0.0000000e+00   6.4126500e-01   8.3157900e-01   2.8462584e+00   1.0000000e+00
   2.1000000e+01   1.0000000e+00   1.4340720e+00   8.3157900e-01   2.8462584e+00   1.0000000e+00
   2.2000000e+01   0.0000000e+00   1.3833760e+00   8.3157900e-01   2.8462584e+00   0.0000000e+00
   2.3000000e+01   0.0000000e+00   1.1044480e+00   8.3157900e-01   2.8462584e+00   0.0000000e+00
   2.4000000e+01   0.0000000e+00   1.7132490e+00   8.3157900e-01   2.8462584e+00   1.0000000e+00
   2.5000000e+01   1.0000000e+00   5.3772800e-01   8.3157900e-01   2.8462584e+00   0.0000000e+00
   2.6000000e+01   0.0000000e+00   9.5253600e-01   8.3157900e-01   2.8462584e+00   1.0000000e+00
   2.7000000e+01   1.0000000e+00   8.1620300e-01   8.3157900e-01   2.8462584e+00   1.0000000e+00
   2.8000000e+01   0.0000000e+00   1.1998710e+00   8.3157900e-01   2.8462584e+00   1.0000000e+00
   2.9000000e+01   1.0000000e+00   5.6673900e-01   8.3157900e-01   2.8462584e+00   0.0000000e+00
   3.0000000e+01   1.0000000e+00   9.2017900e-01   8.3157900e-01   2.8462584e+00   1.0000000e+00
   3.1000000e+01   0.0000000e+00   9.8759300e-01   8.3157900e-01   2.8462584e+00   0.0000000e+00
   3.2000000e+01   0.0000000e+00   1.6759390e+00   8.3157900e-01   2.8462584e+00   0.0000000e+00
   3.3000000e+01   0.0000000e+00   6.1036100e-01   8.3157900e-01   2.8462584e+00   0.0000000e+00
   3.4000000e+01   0.0000000e+00   7.2593600e-01   8.3157900e-01   2.8462584e+00   1.0000000e+00
   3.5000000e+01   0.0000000e+00   5.6011400e-01   8.3157900e-01   2.8462584e+00   1.0000000e+00
   3.6000000e+01   1.0000000e+00   4.4583500e-01   8.3157900e-01   2.8462584e+00   1.0000000e+00
   3.7000000e+01   0.0000000e+00   4.4473700e-01   8.3157900e-01   2.8462584e+00   0.0000000e+00
   3.8000000e+01   1.0000000e+00   6.7111100e-01   8.3157900e-01   2.8462584e+00   0.0000000e+00
   3.9000000e+01   0.0000000e+00   6.4885600e-01   8.3157900e-01   2.8462584e+00   1.0000000e+00
   4.0000000e+01   0.0000000e+00   7.2276100e-01   8.3157900e-01   2.8462584e+00   1.0000000e+00
   4.1000000e+01   1.0000000e+00   5.3153700e-01   8.3157900e-01   2.8462584e+00   1.0000000e+00
   4.2000000e+01   0.0000000e+00   6.1133300e-01   8.3157900e-01   2.8462584e+00   1.0000000e+00
   4.3000000e+01   0.0000000e+00   7.2916700e-01   8.3157900e-01   2.8462584e+00   0.0000000e+00
   4.4000000e+01   0.0000000e+00   9.4203300e-01   8.3157900e-01   2.8462584e+00   0.0000000e+00
   4.5000000e+01   0.0000000e+00   8.9469100e-01   8.3157900e-01   2.8462584e+00   1.0000000e+00
   4.6000000e+01   0.0000000e+00   1.5327440e+00   8.3157900e-01   2.8462584e+00   1.0000000e+00
   4.7000000e+01   0.0000000e+00   4.9703200e-01   8.3157900e-01   2.8462584e+00   0.0000000e+00
   4.8000000e+01   1.0000000e+00   1.4620450e+00   8.3157900e-01   2.8462584e+00   0.0000000e+00
   4.9000000e+01   0.0000000e+00   1.1069930e+00   8.3157900e-01   2.8462584e+00   0.0000000e+00
   5.0000000e+01   0.0000000e+00   7.3105000e-01   8.3157900e-01   2.8462584e+00   0.0000000e+00
   5.1000000e+01   0.0000000e+00   8.6504700e-01   8.3157900e-01   2.8462584e+00   0.0000000e+00
   5.2000000e+01   0.0000000e+00   4.9465000e-01   8.3157900e-01   2.8462584e+00   1.0000000e+00
   5.3000000e+01   1.0000000e+00   1.6812150e+00   8.3157900e-01   2.8462584e+00   0.0000000e+00
   5.4000000e+01   0.0000000e+00   9.4070000e-01   8.3157900e-01   2.8462584e+00   1.0000000e+00
   5.5000000e+01   0.0000000e+00   1.2755870e+00   8.3157900e-01   2.8462584e+00   0.0000000e+00
   5.6000000e+01   0.0000000e+00   7.5363900e-01   8.3157900e-01   2.8462584e+00   1.0000000e+00
   5.7000000e+01   1.0000000e+00   4.9727400e-01   8.3157900e-01   2.8462584e+00   1.0000000e+00
   5.8000000e+01   0.0000000e+00   5.6483900e-01   8.3157900e-01   2.8462584e+00   1.0000000e+00
   5.9000000e+01   0.0000000e+00   1.5108880e+00   8.3157900e-01   2.8462584e+00   0.0000000e+00
   6.0000000e+01   1.0000000e+00   7.2650500e-01   8.3157900e-01   2.8462584e+00   0.0000000e+00
   6.1000000e+01   0.0000000e+00   4.8534400e-01   8.3157900e-01   2.8462584e+00   1.0000000e+00
   6.2000000e+01   1.0000000e+00   4.8526800e-01   8.3157900e-01   2.8462584e+00   1.0000000e+00
   6.3000000e+01   0.0000000e+00   8.7641900e-01   8.3157900e-01   2.8462584e+00   0.0000000e+00
   6.4000000e+01   0.0000000e+00   1.4417280e+00   8.3157900e-01   2.8462584e+00   0.0000000e+00
   6.5000000e+01   1.0000000e+00   8.4945000e-01   8.3157900e-01   2.8462584e+00   1.0000000e+00
   6.6000000e+01   0.0000000e+00   1.0793360e+00   8.3157900e-01   2.8462584e+00   0.0000000e+00
   6.7000000e+01   1.0000000e+00   1.4722920e+00   8.3157900e-01   2.8462584e+00   0.0000000e+00
   6.8000000e+01   0.0000000e+00   9.2473500e-01   8.3157900e-01   2.8462584e+00   1.0000000e+00
   6.9000000e+01   0.0000000e+00   6.7236200e-01   8.3157900e-01   2.8462584e+00   0.0000000e+00
   7.0000000e+01   0.0000000e+00   4.7043000e-01   8.3157900e-01   2.8462584e+00   1.0000000e+00
   7.1000000e+01   1.0000000e+00   5.6770100e-01   8.3157900e-01   2.8462584e+00   0.0000000e+00
   7.2000000e+01   0.0000000e+00   6.6438200e-01   8.3157900e-01   2.8462584e+00   1.0000000e+00
   7.3000000e+01   0.0000000e+00   5.0592700e-01   8.3157900e-01   2.8462584e+00   1.0000000e+00
   7.4000000e+01   0.0000000e+00   2.3896140e+00   8.3157900e-01   2.8462584e+00   0.0000000e+00
   7.5000000e+01   0.0000000e+00   8.7711600e-01   8.3157900e-01   2.8462584e+00   0.0000000e+00
   7.6000000e+01   1.0000000e+00   1.0743240e+00   8.3157900e-01   2.8462584e+00   1.0000000e+00
   7.7000000e+01   0.0000000e+00   4.7260100e-01   8.3157900e-01   2.8462584e+00   1.0000000e+00
   7.8000000e+01   1.0000000e+00   6.3660500e-01   8.3157900e-01   2.8462584e+00   0.0000000e+00
   7.9000000e+01   0.0000000e+00   1.3068520e+00   8.3157900e-01   2.8462584e+00   0.0000000e+00
   8.0000000e+01   0.0000000e+00   7.5796100e-01   8.3157900e-01   2.8462584e+00   0.0000000e+00
   8.1000000e+01   1.0000000e+00   8.8864800e-01   8.3157900e-01   2.8462584e+00   1.0000000e+00
   8.2000000e+01   0.0000000e+00   1.0311110e+00   8.3157900e-01   2.8462584e+00   0.0000000e+00
   8.3000000e+01   0.0000000e+00   7.1004100e-01   8.3157900e-01   2.8462584e+00   1.0000000e+00
   8.4000000e+01   0.0000000e+00   5.1455600e-01   8.3157900e-01   2.8462584e+00   1.0000000e+00
   8.5000000e+01   0.0000000e+00   6.7406700e-01   8.3157900e-01   2.8462584e+00   1.0000000e+00
   8.6000000e+01   1.0000000e+00   7.1145000e-01   8.3157900e-01   2.8462584e+00   1.0000000e+00
   8.7000000e+01   0.0000000e+00   4.9629000e-01   8.3157900e-01   2.8462584e+00   1.0000000e+00
   8.8000000e+01   1.0000000e+00   8.1235700e-01   8.3157900e-01   2.8462584e+00   0.0000000e+00
   8.9000000e+01   0.0000000e+00   8.0744800e-01   8.3157900e-01   2.8462584e+00   1.0000000e+00
   9.0000000e+01   0.0000000e+00   1.0895180e+00   8.3157900e-01   2.8462584e+00   1.0000000e+00
   9.1000000e+01   0.0000000e+00   7.8899900e-01   8.3157900e-01   2.8462584e+00   0.0000000e+00
   9.2000000e+01   0.0000000e+00   1.7697190e+00   8.3157900e-01   2.8462584e+00   0.0000000e+00
   9.3000000e+01   0.0000000e+00   1.1489710e+00   8.3157900e-01   2.8462584e+00   0.0000000e+00
   9.4000000e+01   1.0000000e+00   1.5230130e+00   8.3157900e-01   2.8462584e+00   1.0000000e+00
   9.5000000e+01   1.0000000e+00   7.2563000e-01   8.3157900e-01   2.8462584e+00   0.0000000e+00
   9.6000000e+01   0.0000000e+00   1.8958700e+00   8.3157900e-01   2.8462584e+00   1.0000000e+00
   9.7000000e+01   0.0000000e+00   4.6179200e-01   8.3157900e-01   2.8462584e+00   0.0000000e+00
   9.8000000e+01   1.0000000e+00   6.9139700e-01   8.3157900e-01   2.8462584e+00   1.0000000e+00
   9.9000000e+01   0.0000000e+00   7.6332000e-01   8.3157900e-01   2.8462584e+00   1.0000000e+00
   1.0000000e+02   1.0000000e+00   4.4510700e-01   8.3157900e-01   2.8462584e+00   0.0000000e+00
   1.0100000e+02   0.0000000e+00   5.1039500e-01   8.3157900e-01   2.8462584e+00   0.0000000e+00
   1.0200000e+02   0.0000000e+00   7.4933300e-01   8.3157900e-01   2.8462584e+00   0.0000000e+00
   1.0300000e+02   1.0000000e+00   1.2612770e+00   8.3157900e-01   2.8462584e+00   0.0000000e+00
   1.0400000e+02   1.0000000e+00   1.3738200e+00   8.3157900e-01   2.8462584e+00   1.0000000e+00
   1.0500000e+02   0.0000000e+00   6.1765900e-01   8.3157900e-01   2.8462584e+00   0.0000000e+00
   1.0600000e+02   0.0000000e+00   4.9947700e-01   8.3157900e-01   2.8462584e+00   1.0000000e+00
   1.0700000e+02   0.0000000e+00   1.0165950e+00   8.3157900e-01   2.8462584e+00   0.0000000e+00
   1.0800000e+02   0.0000000e+00   7.9192900e-01   8.3157900e-01   2.8462584e+00   0.0000000e+00
   1.0900000e+02   0.0000000e+00   9.8624500e-01   8.3157900e-01   2.8462584e+00   1.0000000e+00
   1.1000000e+02   1.0000000e+00   7.4248100e-01   8.3157900e-01   2.8462584e+00   0.0000000e+00
   1.1100000e+02   0.0000000e+00   1.2926860e+00   8.3157900e-01   2.8462584e+00   1.0000000e+00
   1.1200000e+02   1.0000000e+00   1.3086370e+00   8.3157900e-01   2.8462584e+00   1.0000000e+00
   1.1300000e+02   0.0000000e+00   6.3188800e-01   8.3157900e-01   2.8462584e+00   1.0000000e+00
   1.1400000e+02   1.0000000e+00   2.8240510e+00   8.3157900e-01   2.8462584e+00   1.0000000e+00
   1.1500000e+02   0.0000000e+00   1.0869840e+00   8.3157900e-01   2.8462584e+00   1.0000000e+00
   1.1600000e+02   0.0000000e+00   6.1433400e-01   8.3157900e-01   2.8462584e+00   1.0000000e+00
   1.1700000e+02   0.0000000e+00   9.3329200e-01   8.3157900e-01   2.8462584e+00   0.0000000e+00
   1.1800000e+02   1.0000000e+00   7.3775600e-01   8.3157900e-01   2.8462584e+00   0.0000000e+00
   1.1900000e+02   0.0000000e+00   5.9481800e-01   8.3157900e-01   2.8462584e+00   1.0000000e+00
   1.2000000e+02   0.0000000e+00   4.7713500e-01   8.3157900e-01   2.8462584e+00   0.0000000e+00
   1.2100000e+02   0.0000000e+00   5.1799700e-01   8.3157900e-01   2.8462584e+00   0.0000000e+00
   1.2200000e+02   1.0000000e+00   6.4446300e-01   8.3157900e-01   2.8462584e+00   1.0000000e+00
   1.2300000e+02   0.0000000e+00   1.2914590e+00   8.3157900e-01   2.8462584e+00   0.0000000e+00
   1.2400000e+02   0.0000000e+00   4.9393300e-01   8.3157900e-01   2.8462584e+00   0.0000000e+00
   1.2500000e+02   0.0000000e+00   8.2629200e-01   8.3157900e-01   2.8462584e+00   0.0000000e+00
   1.2600000e+02   0.0000000e+00   8.8545000e-01   8.3157900e-01   2.8462584e+00   1.0000000e+00
   1.2700000e+02   0.0000000e+00   2.6706860e+00   8.3157900e-01   2.8462584e+00   1.0000000e+00
   1.2800000e+02   0.0000000e+00   1.4866660e+00   8.3157900e-01   2.8462584e+00   1.0000000e+00
   1.2900000e+02   1.0000000e+00   1.0618140e+00   8.3157900e-01   2.8462584e+00   0.0000000e+00
   1.3000000e+02   0.0000000e+00   7.1884800e-01   8.3157900e-01   2.8462584e+00   0.0000000e+00
   1.3100000e+02   0.0000000e+00   1.5199780e+00   8.3157900e-01   2.8462584e+00   1.0000000e+00
   1.3200000e+02   0.0000000e+00   8.9621500e-01   8.3157900e-01   2.8462584e+00   0.0000000e+00
   1.3300000e+02   0.0000000e+00   7.8213200e-01   8.3157900e-01   2.8462584e+00   0.0000000e+00
   1.3400000e+02   0.0000000e+00   5.9351800e-01   8.3157900e-01   2.8462584e+00   1.0000000e+00
   1.3500000e+02   1.0000000e+00   6.4778300e-01   8.3157900e-01   2.8462584e+00   0.0000000e+00
   1.3600000e+02   1.0000000e+00   1.0651050e+00   8.3157900e-01   2.8462584e+00   1.0000000e+00
