1	0	3.825710	0.829122	2.7740403766	1
2	0	0.505392	0.829122	2.7740403766	0
3	1	0.663336	0.829122	2.7740403766	1
4	0	0.737999	0.829122	2.7740403766	0
5	0	1.222352	0.829122	2.7740403766	1
6	0	0.580176	0.829122	2.7740403766	0
7	1	0.549387	0.829122	2.7740403766	0
8	1	3.050684	0.829122	2.7740403766	1
9	0	1.022824	0.829122	2.7740403766	0
10	0	0.741802	0.829122	2.7740403766	0
11	0	0.601093	0.829122	2.7740403766	1
12	1	0.734613	0.829122	2.7740403766	0
13	0	0.505215	0.829122	2.7740403766	0
14	0	0.607264	0.829122	2.7740403766	0
15	0	1.287581	0.829122	2.7740403766	1
16	0	0.566839	0.829122	2.7740403766	1
17	1	0.999871	0.829122	2.7740403766	0
18	0	0.611961	0.829122	2.7740403766	1
19	0	1.126974	0.829122	2.7740403766	1
20	0	0.629389	0.829122	2.7740403766	0
21	0	0.705015	0.829122	2.7740403766	0
22	0	0.651091	0.829122	2.7740403766	1
23	0	0.999572	0.829122	2.7740403766	1
24	0	0.833228	0.829122	2.7740403766	1
25	1	0.641678	0.829122	2.7740403766	1
26	0	1.334390	0.829122	2.7740403766	1
27	1	0.583722	0.829122	2.7740403766	0
28	0	0.774230	0.829122	2.7740403766	1
29	1	0.541206	0.829122	2.7740403766	1
30	0	0.603221	0.829122	2.7740403766	0
31	0	1.033406	0.829122	2.7740403766	0
32	1	1.342684	0.829122	2.7740403766	0
33	0	0.507647	0.829122	2.7740403766	0
34	1	0.758555	0.829122	2.7740403766	1
35	0	0.518714	0.829122	2.7740403766	0
36	0	0.688690	0.829122	2.7740403766	1
37	1	0.724077	0.829122	2.7740403766	1
38	0	0.552534	0.829122	2.7740403766	0
39	0	1.707831	0.829122	2.7740403766	0
40	1	1.146370	0.829122	2.7740403766	0
41	0	0.822100	0.829122	2.7740403766	0
42	1	2.096552	0.829122	2.7740403766	1
43	0	0.584520	0.829122	2.7740403766	1
44	1	0.564750	0.829122	2.7740403766	0
45	0	1.504701	0.829122	2.7740403766	1
46	1	0.504295	0.829122	2.7740403766	0
47	0	0.919750	0.829122	2.7740403766	1
48	0	0.668179	0.829122	2.7740403766	0
49	0	1.570453	0.829122	2.7740403766	0
50	0	1.259648	0.829122	2.7740403766	0
51	0	1.004170	0.829122	2.7740403766	0
52	1	0.860579	0.829122	2.7740403766	1
53	0	0.773789	0.829122	2.7740403766	1
54	0	0.821555	0.829122	2.7740403766	1
55	0	1.108012	0.829122	2.7740403766	1
56	0	0.573118	0.829122	2.7740403766	0
57	1	1.263273	0.829122	2.7740403766	0
58	0	1.101570	0.829122	2.7740403766	0
59	1	0.592791	0.829122	2.7740403766	1
60	0	1.184636	0.829122	2.7740403766	1
61	1	1.349296	0.829122	2.7740403766	1
62	1	0.604502	0.829122	2.7740403766	0
63	0	1.293207	0.829122	2.7740403766	1
64	0	1.129336	0.829122	2.7740403766	0
65	0	1.071530	0.829122	2.7740403766	1
66	0	0.661026	0.829122	2.7740403766	1
67	0	0.738944	0.829122	2.7740403766	0
68	0	2.452731	0.829122	2.7740403766	1
69	0	1.010512	0.829122	2.7740403766	0
70	1	1.833866	0.829122	2.7740403766	0
71	0	1.638561	0.829122	2.7740403766	0
72	0	0.915006	0.829122	2.7740403766	1
73	0	0.745298	0.829122	2.7740403766	0
74	0	1.382434	0.829122	2.7740403766	0
75	1	0.721639	0.829122	2.7740403766	1
76	0	0.716609	0.829122	2.7740403766	1
77	0	0.829246	0.829122	2.7740403766	0
78	0	0.566985	0.829122	2.7740403766	1
79	1	1.107443	0.829122	2.7740403766	0
80	0	0.727075	0.829122	2.7740403766	1
81	0	0.595291	0.829122	2.7740403766	1
82	1	1.313829	0.829122	2.7740403766	1
83	0	1.376173	0.829122	2.7740403766	1
84	0	1.264258	0.829122	2.7740403766	1
85	1	1.075866	0.829122	2.7740403766	1
86	0	0.704501	0.829122	2.7740403766	0
87	0	0.695496	0.829122	2.7740403766	1
88	1	0.572257	0.829122	2.7740403766	0
89	0	1.070610	0.829122	2.7740403766	0
90	0	1.137998	0.829122	2.7740403766	0
91	0	0.771157	0.829122	2.7740403766	1
92	0	2.050063	0.829122	2.7740403766	0
93	1	1.093562	0.829122	2.7740403766	1
94	0	0.986595	0.829122	2.7740403766	1
95	1	0.820177	0.829122	2.7740403766	0
96	0	0.745838	0.829122	2.7740403766	0
97	0	1.122465	0.829122	2.7740403766	0
98	0	1.410247	0.829122	2.7740403766	1
99	1	0.531390	0.829122	2.7740403766	1
100	0	0.516931	0.829122	2.7740403766	1
101	1	0.819274	0.829122	2.7740403766	0
102	0	0.603693	0.829122	2.7740403766	0
103	0	1.105303	0.829122	2.7740403766	1
104	1	0.943831	0.829122	2.7740403766	0
105	0	2.012332	0.829122	2.7740403766	1
106	0	0.605648	0.829122	2.7740403766	1
107	0	0.760988	0.829122	2.7740403766	0
108	0	0.765492	0.829122	2.7740403766	0
109	1	0.722052	0.829122	2.7740403766	1
110	0	1.184346	0.829122	2.7740403766	1
111	1	0.824731	0.829122	2.7740403766	0
112	0	0.745203	0.829122	2.7740403766	0
113	0	0.882207	0.829122	2.7740403766	1
114	0	0.708574	0.829122	2.7740403766	1
115	0	0.815856	0.829122	2.7740403766	0
116	0	1.628853	0.829122	2.7740403766	0
117	1	1.640871	0.829122	2.7740403766	1
118	0	2.354338	0.829122	2.7740403766	1
119	0	1.009333	0.829122	2.7740403766	1
120	0	1.041939	0.829122	2.7740403766	0
121	1	0.686068	0.829122	2.7740403766	1
122	1	0.660454	0.829122	2.7740403766	0
123	0	0.969244	0.829122	2.7740403766	0
124	1	0.506153	0.829122	2.7740403766	1
125	0	2.724660	0.829122	2.7740403766	0
126	0	0.652470	0.829122	2.7740403766	1
127	0	1.386612	0.829122	2.7740403766	1
128	0	0.585662	0.829122	2.7740403766	0
129	0	0.848316	0.829122	2.7740403766	0
130	1	0.790294	0.829122	2.7740403766	0
131	0	0.624681	0.829122	2.7740403766	0
132	0	2.042373	0.829122	2.7740403766	1
133	0	0.964616	0.829122	2.7740403766	0
134	0	0.750654	0.829122	2.7740403766	1
135	1	0.969578	0.829122	2.7740403766	0
136	1	1.316586	0.829122	2.7740403766	1
