1	0	2.731382	0.825010	3.1415300831	0
2	0	1.482304	0.825010	3.1415300831	0
3	1	0.906097	0.825010	3.1415300831	1
4	1	0.890365	0.825010	3.1415300831	0
5	0	0.711156	0.825010	3.1415300831	0
6	1	0.895794	0.825010	3.1415300831	1
7	0	1.045104	0.825010	3.1415300831	1
8	0	1.488972	0.825010	3.1415300831	0
9	1	0.598993	0.825010	3.1415300831	0
10	0	1.153526	0.825010	3.1415300831	0
11	1	0.560174	0.825010	3.1415300831	0
12	0	0.609478	0.825010	3.1415300831	1
13	0	0.630153	0.825010	3.1415300831	0
14	0	2.083843	0.825010	3.1415300831	1
15	0	3.080808	0.825010	3.1415300831	1
16	0	0.911241	0.825010	3.1415300831	0
17	0	0.946811	0.825010	3.1415300831	1
18	1	0.601777	0.825010	3.1415300831	1
19	0	1.836619	0.825010	3.1415300831	1
20	1	1.490922	0.825010	3.1415300831	0
21	0	0.520898	0.825010	3.1415300831	0
22	0	0.863907	0.825010	3.1415300831	1
23	0	1.044984	0.825010	3.1415300831	0
24	0	1.651347	0.825010	3.1415300831	1
25	1	1.407495	0.825010	3.1415300831	1
26	0	1.208701	0.825010	3.1415300831	1
27	1	1.270597	0.825010	3.1415300831	0
28	0	1.429418	0.825010	3.1415300831	0
29	1	0.841808	0.825010	3.1415300831	1
30	0	0.591322	0.825010	3.1415300831	0
31	1	0.681533	0.825010	3.1415300831	1
32	0	1.454077	0.825010	3.1415300831	1
33	0	1.281264	0.825010	3.1415300831	1
34	0	0.937382	0.825010	3.1415300831	0
35	0	0.771332	0.825010	3.1415300831	1
36	1	0.528266	0.825010	3.1415300831	0
37	0	0.633942	0.825010	3.1415300831	1
38	0	1.083978	0.825010	3.1415300831	0
39	0	1.662884	0.825010	3.1415300831	1
40	1	1.187327	0.825010	3.1415300831	1
41	0	0.722012	0.825010	3.1415300831	1
42	0	0.655458	0.825010	3.1415300831	0
43	0	0.806046	0.825010	3.1415300831	1
44	0	0.797376	0.825010	3.1415300831	1
45	1	0.897280	0.825010	3.1415300831	0
46	0	0.920672	0.825010	3.1415300831	1
47	0	1.431150	0.825010	3.1415300831	1
48	1	1.000330	0.825010	3.1415300831	0
49	0	0.774020	0.825010	3.1415300831	0
50	0	0.648854	0.825010	3.1415300831	0
51	0	0.925111	0.825010	3.1415300831	0
52	0	1.355505	0.825010	3.1415300831	1
53	0	1.069712	0.825010	3.1415300831	0
54	0	0.997331	0.825010	3.1415300831	0
55	0	1.336621	0.825010	3.1415300831	0
56	0	0.660718	0.825010	3.1415300831	0
57	1	1.158727	0.825010	3.1415300831	1
58	1	1.073655	0.825010	3.1415300831	0
59	0	1.581994	0.825010	3.1415300831	1
60	0	2.523390	0.825010	3.1415300831	0
61	1	1.210676	0.825010	3.1415300831	1
62	0	1.355148	0.825010	3.1415300831	0
63	1	0.815800	0.825010	3.1415300831	1
64	0	0.589951	0.825010	3.1415300831	1
65	0	0.922524	0.825010	3.1415300831	1
66	0	0.564343	0.825010	3.1415300831	1
67	1	0.525963	0.825010	3.1415300831	0
68	0	0.545855	0.825010	3.1415300831	0
69	0	0.541684	0.825010	3.1415300831	0
70	0	1.148375	0.825010	3.1415300831	1
71	1	0.627793	0.825010	3.1415300831	0
72	0	1.080397	0.825010	3.1415300831	0
73	0	0.826114	0.825010	3.1415300831	0
74	1	0.907922	0.825010	3.1415300831	1
75	0	1.035031	0.825010	3.1415300831	1
76	0	2.075882	0.825010	3.1415300831	0
77	1	1.678985	0.825010	3.1415300831	0
78	0	0.741003	0.825010	3.1415300831	0
79	0	2.115871	0.825010	3.1415300831	1
80	1	1.444139	0.825010	3.1415300831	1
81	0	0.711525	0.825010	3.1415300831	1
82	1	0.672457	0.825010	3.1415300831	1
83	0	0.512220	0.825010	3.1415300831	1
84	0	0.514713	0.825010	3.1415300831	1
85	0	0.754406	0.825010	3.1415300831	0
86	0	0.527681	0.825010	3.1415300831	0
87	0	0.695256	0.825010	3.1415300831	0
88	0	0.704427	0.825010	3.1415300831	0
89	0	0.760433	0.825010	3.1415300831	1
90	1	0.822467	0.825010	3.1415300831	0
91	0	0.648339	0.825010	3.1415300831	0
92	1	0.511904	0.825010	3.1415300831	1
93	0	1.446076	0.825010	3.1415300831	1
94	0	0.562782	0.825010	3.1415300831	1
95	1	1.077152	0.825010	3.1415300831	0
96	0	0.950600	0.825010	3.1415300831	1
97	0	1.452491	0.825010	3.1415300831	0
98	1	0.579938	0.825010	3.1415300831	1
99	0	0.889652	0.825010	3.1415300831	0
100	0	0.709972	0.825010	3.1415300831	1
101	0	1.091041	0.825010	3.1415300831	1
102	1	0.866121	0.825010	3.1415300831	0
103	0	0.705367	0.825010	3.1415300831	1
104	0	0.718141	0.825010	3.1415300831	0
105	0	0.619291	0.825010	3.1415300831	1
106	0	1.059941	0.825010	3.1415300831	1
107	1	1.205788	0.825010	3.1415300831	0
108	1	0.673359	0.825010	3.1415300831	1
109	0	0.581244	0.825010	3.1415300831	1
110	0	1.224900	0.825010	3.1415300831	0
111	0	1.350058	0.825010	3.1415300831	0
112	0	0.592758	0.825010	3.1415300831	1
113	0	0.966009	0.825010	3.1415300831	0
114	1	0.561171	0.825010	3.1415300831	0
115	0	1.483432	0.825010	3.1415300831	1
116	1	0.754899	0.825010	3.1415300831	1
117	0	1.385903	0.825010	3.1415300831	0
118	0	0.582283	0.825010	3.1415300831	0
119	0	0.623721	0.825010	3.1415300831	1
120	1	1.968982	0.825010	3.1415300831	1
121	0	0.787938	0.825010	3.1415300831	1
122	1	1.560529	0.825010	3.1415300831	0
123	0	0.701591	0.825010	3.1415300831	0
124	0	0.803635	0.825010	3.1415300831	1
125	0	0.685765	0.825010	3.1415300831	1
126	0	0.711633	0.825010	3.1415300831	1
127	0	0.827150	0.825010	3.1415300831	0
128	1	1.095704	0.825010	3.1415300831	1
129	0	0.971663	0.825010	3.1415300831	0
130	1	0.704724	0.825010	3.1415300831	0
131	0	0.699972	0.825010	3.1415300831	0
132	0	0.545630	0.825010	3.1415300831	1
133	1	0.558354	0.825010	3.1415300831	0
134	0	0.929748	0.825010	3.1415300831	0
135	1	1.373170	0.825010	3.1415300831	1
136	0	0.726497	0.825010	3.1415300831	0
