   1.0000000e+00   0.0000000e+00   5.3425700e-01   8.2837700e-01   3.0389909e+00   1.0000000e+00
   2.0000000e+00   0.0000000e+00   9.7394100e-01   8.2837700e-01   3.0389909e+00   1.0000000e+00
   3.0000000e+00   1.0000000e+00   5.3013800e-01   8.2837700e-01   3.0389909e+00   1.0000000e+00
   4.0000000e+00   0.0000000e+00   6.1136000e-01   8.2837700e-01   3.0389909e+00   0.0000000e+00
   5.0000000e+00   1.0000000e+00   1.3059140e+00   8.2837700e-01   3.0389909e+00   0.0000000e+00
   6.0000000e+00   1.0000000e+00   1.6533320e+00   8.2837700e-01   3.0389909e+00   1.0000000e+00
   7.0000000e+00   0.0000000e+00   9.2814200e-01   8.2837700e-01   3.0389909e+00   0.0000000e+00
   8.0000000e+00   0.0000000e+00   5.8789000e-01   8.2837700e-01   3.0389909e+00   1.0000000e+00
   9.0000000e+00   1.0000000e+00   7.3837900e-01   8.2837700e-01   3.0389909e+00   0.0000000e+00
   1.0000000e+01   0.0000000e+00   6.3448600e-01   8.2837700e-01   3.0389909e+00   1.0000000e+00
   1.1000000e+01   0.0000000e+00   1.0857040e+00   8.2837700e-01   3.0389909e+00   0.0000000e+00
   1.2000000e+01   0.0000000e+00   1.8729990e+00   8.2837700e-01   3.0389909e+00   0.0000000e+00
   1.3000000e+01   0.0000000e+00   9.2202300e-01   8.2837700e-01   3.0389909e+00   0.0000000e+00
   1.4000000e+01   0.0000000e+00   9.9400900e-01   8.2837700e-01   3.0389909e+00   1.0000000e+00
   1.5000000e+01   1.0000000e+00   7.9254500e-01   8.2837700e-01   3.0389909e+00   0.0000000e+00
   1.6000000e+01   0.0000000e+00   4.8112500e-01   8.2837700e-01   3.0389909e+00   1.0000000e+00
   1.7000000e+01   1.0000000e+00   5.1381900e-01   8.2837700e-01   3.0389909e+00   1.0000000e+00
   1.8000000e+01   0.0000000e+00   4.4199500e-01   8.2837700e-01   3.0389909e+00   0.0000000e+00
   1.9000000e+01   0.0000000e+00   8.1367200e-01   8.2837700e-01   3.0389909e+00   1.0000000e+00
   2.0000000e+01   1.0000000e+00   5.2098700e-01   8.2837700e-01   3.0389909e+00   0.0000000e+00
   2.1000000e+01   0.0000000e+00   6.4416700e-01   8.2837700e-01   3.0389909e+00   1.0000000e+00
   2.2000000e+01   0.0000000e+00   7.5111600e-01   8.2837700e-01   3.0389909e+00   1.0000000e+00
   2.3000000e+01   0.0000000e+00   5.7633800e-01   8.2837700e-01   3.0389909e+00   0.0000000e+00
   2.4000000e+01   0.0000000e+00   1.4046100e+00   8.2837700e-01   3.0389909e+00   1.0000000e+00
   2.5000000e+01   1.0000000e+00   1.2202860e+00   8.2837700e-01   3.0389909e+00   1.0000000e+00
   2.6000000e+01   0.0000000e+00   4.9673200e-01   8.2837700e-01   3.0389909e+00   1.0000000e+00
   2.7000000e+01   1.0000000e+00   1.0761930e+00   8.2837700e-01   3.0389909e+00   0.0000000e+00
   2.8000000e+01   0.0000000e+00   1.6571530e+00   8.2837700e-01   3.0389909e+00   0.0000000e+00
   2.9000000e+01   0.0000000e+00   5.0669700e-01   8.2837700e-01   3.0389909e+00   0.0000000e+00
   3.0000000e+01   1.0000000e+00   5.8048400e-01   8.2837700e-01   3.0389909e+00   1.0000000e+00
   3.1000000e+01   0.0000000e+00   1.1230380e+00   8.2837700e-01   3.0389909e+00   0.0000000e+00
   3.2000000e+01   0.0000000e+00   1.3326610e+00   8.2837700e-01   3.0389909e+00   0.0000000e+00
   3.3000000e+01   0.0000000e+00   1.3403270e+00   8.2837700e-01   3.0389909e+00   0.0000000e+00
   3.4000000e+01   1.0000000e+00   5.1522300e-01   8.2837700e-01   3.0389909e+00   1.0000000e+00
   3.5000000e+01   0.0000000e+00   2.1756600e+00   8.2837700e-01   3.0389909e+00   0.0000000e+00
   3.6000000e+01   1.0000000e+00   8.6053400e-01   8.2837700e-01   3.0389909e+00   0.0000000e+00
   3.7000000e+01   0.0000000e+00   4.9889600e-01   8.2837700e-01   3.0389909e+00   0.0000000e+00
   3.8000000e+01   1.0000000e+00   7.2628300e-01   8.2837700e-01   3.0389909e+00   1.0000000e+00
   3.9000000e+01   0.0000000e+00   8.3753800e-01   8.2837700e-01   3.0389909e+00   0.0000000e+00
   4.0000000e+01   0.0000000e+00   1.5994960e+00   8.2837700e-01   3.0389909e+00   1.0000000e+00
   4.1000000e+01   0.0000000e+00   4.4925800e-01   8.2837700e-01   3.0389909e+00   0.0000000e+00
   4.2000000e+01   1.0000000e+00   8.3744800e-01   8.2837700e-01   3.0389909e+00   0.0000000e+00
   4.3000000e+01   0.0000000e+00   6.1307500e-01   8.2837700e-01   3.0389909e+00   1.0000000e+00
   4.4000000e+01   0.0000000e+00   8.1748100e-01   8.2837700e-01   3.0389909e+00   0.0000000e+00
   4.5000000e+01   0.0000000e+00   1.5489760e+00   8.2837700e-01   3.0389909e+00   1.0000000e+00
   4.6000000e+01   0.0000000e+00   9.6587200e-01   8.2837700e-01   3.0389909e+00   1.0000000e+00
   4.7000000e+01   0.0000000e+00   5.5405300e-01   8.2837700e-01   3.0389909e+00   0.0000000e+00
   4.8000000e+01   1.0000000e+00   6.6702500e-01   8.2837700e-01   3.0389909e+00   0.0000000e+00
   4.9000000e+01   0.0000000e+00   9.8766000e-01   8.2837700e-01   3.0389909e+00   0.0000000e+00
   5.0000000e+01   1.0000000e+00   1.3321750e+00   8.2837700e-01   3.0389909e+00   1.0000000e+00
   5.1000000e+01   0.0000000e+00   1.0804520e+00   8.2837700e-01   3.0389909e+00   1.0000000e+00
   5.2000000e+01   0.0000000e+00   2.0148430e+00   8.2837700e-01   3.0389909e+00   0.0000000e+00
   5.3000000e+01   0.0000000e+00   8.4162500e-01   8.2837700e-01   3.0389909e+00   1.0000000e+00
   5.4000000e+01   0.0000000e+00   1.7359820e+00   8.2837700e-01   3.0389909e+00   1.0000000e+00
   5.5000000e+01   0.0000000e+00   4.9883200e-01   8.2837700e-01   3.0389909e+00   1.0000000e+00
   5.6000000e+01   1.0000000e+00   4.6233200e-01   8.2837700e-01   3.0389909e+00   0.0000000e+00
   5.7000000e+01   0.0000000e+00   6.9103900e-01   8.2837700e-01   3.0389909e+00   1.0000000e+00
   5.8000000e+01   0.0000000e+00   9.9070100e-01   8.2837700e-01   3.0389909e+00   0.0000000e+00
   5.9000000e+01   0.0000000e+00   1.0251390e+00   8.2837700e-01   3.0389909e+00   1.0000000e+00
   6.0000000e+01   0.0000000e+00   5.5914600e-01   8.2837700e-01   3.0389909e+00   1.0000000e+00
   6.1000000e+01   0.0000000e+00   1.2484120e+00   8.2837700e-01   3.0389909e+00   1.0000000e+00
   6.2000000e+01   1.0000000e+00   6.1691200e-01   8.2837700e-01   3.0389909e+00   1.0000000e+00
   6.3000000e+01   1.0000000e+00   6.1892900e-01   8.2837700e-01   3.0389909e+00   1.0000000e+00
   6.4000000e+01   0.0000000e+00   8.2159900e-01   8.2837700e-01   3.0389909e+00   0.0000000e+00
   6.5000000e+01   0.0000000e+00   4.8019800e-01   8.2837700e-01   3.0389909e+00   1.0000000e+00
   6.6000000e+01   0.0000000e+00   9.7865400e-01   8.2837700e-01   3.0389909e+00   0.0000000e+00
   6.7000000e+01   0.0000000e+00   6.5804200e-01   8.2837700e-01   3.0389909e+00   0.0000000e+00
   6.8000000e+01   1.0000000e+00   8.1933200e-01   8.2837700e-01   3.0389909e+00   0.0000000e+00
   6.9000000e+01   0.0000000e+00   6.9846000e-01   8.2837700e-01   3.0389909e+00   0.0000000e+00
   7.0000000e+01   0.0000000e+00   1.3777940e+00   8.2837700e-01   3.0389909e+00   1.0000000e+00
   7.1000000e+01   0.0000000e+00   1.6549920e+00   8.2837700e-01   3.0389909e+00   0.0000000e+00
   7.2000000e+01   1.0000000e+00   6.1405300e-01   8.2837700e-01   3.0389909e+00   0.0000000e+00
   7.3000000e+01   0.0000000e+00   1.3119170e+00   8.2837700e-01   3.0389909e+00   1.0000000e+00
   7.4000000e+01   1.0000000e+00   1.1519040e+00   8.2837700e-01   3.0389909e+00   1.0000000e+00
   7.5000000e+01   0.0000000e+00   6.0801200e-01   8.2837700e-01   3.0389909e+00   1.0000000e+00
   7.6000000e+01   0.0000000e+00   7.3142600e-01   8.2837700e-01   3.0389909e+00   0.0000000e+00
   7.7000000e+01   0.0000000e+00   1.5719680e+00   8.2837700e-01   3.0389909e+00   0.0000000e+00
   7.8000000e+01   0.0000000e+00   1.3244470e+00   8.2837700e-01   3.0389909e+00   0.0000000e+00
   7.9000000e+01   1.0000000e+00   8.3144600e-01   8.2837700e-01   3.0389909e+00   0.0000000e+00
   8.0000000e+01   0.0000000e+00   4.3800100e-01   8.2837700e-01   3.0389909e+00   1.0000000e+00
   8.1000000e+01   0.0000000e+00   3.0699660e+00   8.2837700e-01   3.0389909e+00   0.0000000e+00
   8.2000000e+01   0.0000000e+00   5.9352100e-01   8.2837700e-01   3.0389909e+00   0.0000000e+00
   8.3000000e+01   0.0000000e+00   9.7771200e-01   8.2837700e-01   3.0389909e+00   1.0000000e+00
   8.4000000e+01   0.0000000e+00   1.1612620e+00   8.2837700e-01   3.0389909e+00   0.0000000e+00
   8.5000000e+01   0.0000000e+00   1.2465160e+00   8.2837700e-01   3.0389909e+00   0.0000000e+00
   8.6000000e+01   1.0000000e+00   4.9422400e-01   8.2837700e-01   3.0389909e+00   1.0000000e+00
   8.7000000e+01   0.0000000e+00   5.0304700e-01   8.2837700e-01   3.0389909e+00   0.0000000e+00
   8.8000000e+01   0.0000000e+00   1.0610200e+00   8.2837700e-01   3.0389909e+00   0.0000000e+00
   8.9000000e+01   0.0000000e+00   9.8349100e-01   8.2837700e-01   3.0389909e+00   0.0000000e+00
   9.0000000e+01   1.0000000e+00   1.0830170e+00   8.2837700e-01   3.0389909e+00   1.0000000e+00
   9.1000000e+01   0.0000000e+00   1.0298830e+00   8.2837700e-01   3.0389909e+00   1.0000000e+00
   9.2000000e+01   0.0000000e+00   1.6469670e+00   8.2837700e-01   3.0389909e+00   1.0000000e+00
   9.3000000e+01   1.0000000e+00   9.4476900e-01   8.2837700e-01   3.0389909e+00   0.0000000e+00
   9.4000000e+01   0.0000000e+00   1.1664740e+00   8.2837700e-01   3.0389909e+00   1.0000000e+00
   9.5000000e+01   1.0000000e+00   7.3022800e-01   8.2837700e-01   3.0389909e+00   1.0000000e+00
   9.6000000e+01   0.0000000e+00   6.5563200e-01   8.2837700e-01   3.0389909e+00   1.0000000e+00
   9.7000000e+01   0.0000000e+00   6.8406500e-01   8.2837700e-01   3.0389909e+00   1.0000000e+00
   9.8000000e+01   1.0000000e+00   1.7500780e+00   8.2837700e-01   3.0389909e+00   0.0000000e+00
   9.9000000e+01   0.0000000e+00   1.0330740e+00   8.2837700e-01   3.0389909e+00   1.0000000e+00
   1.0000000e+02   1.0000000e+00   5.3926300e-01   8.2837700e-01   3.0389909e+00   1.0000000e+00
   1.0100000e+02   0.0000000e+00   6.0267500e-01   8.2837700e-01   3.0389909e+00   0.0000000e+00
   1.0200000e+02   0.0000000e+00   1.6312190e+00   8.2837700e-01   3.0389909e+00   1.0000000e+00
   1.0300000e+02   0.0000000e+00   8.6365400e-01   8.2837700e-01   3.0389909e+00   1.0000000e+00
   1.0400000e+02   0.0000000e+00   1.5873580e+00   8.2837700e-01   3.0389909e+00   0.0000000e+00
   1.0500000e+02   1.0000000e+00   6.8629200e-01   8.2837700e-01   3.0389909e+00   0.0000000e+00
   1.0600000e+02   0.0000000e+00   6.0941300e-01   8.2837700e-01   3.0389909e+00   1.0000000e+00
   1.0700000e+02   0.0000000e+00   4.6423500e-01   8.2837700e-01   3.0389909e+00   0.0000000e+00
   1.0800000e+02   0.0000000e+00   4.3535300e-01   8.2837700e-01   3.0389909e+00   1.0000000e+00
   1.0900000e+02   1.0000000e+00   1.0675760e+00   8.2837700e-01   3.0389909e+00   0.0000000e+00
   1.1000000e+02   0.0000000e+00   6.6789300e-01   8.2837700e-01   3.0389909e+00   0.0000000e+00
   1.1100000e+02   1.0000000e+00   5.1800900e-01   8.2837700e-01   3.0389909e+00   1.0000000e+00
   1.1200000e+02   0.0000000e+00   6.6571000e-01   8.2837700e-01   3.0389909e+00   0.0000000e+00
   1.1300000e+02   0.0000000e+00   7.1514100e-01   8.2837700e-01   3.0389909e+00   1.0000000e+00
   1.1400000e+02   0.0000000e+00   1.3590400e+00   8.2837700e-01   3.0389909e+00   0.0000000e+00
   1.1500000e+02   0.0000000e+00   4.8348300e-01   8.2837700e-01   3.0389909e+00   1.0000000e+00
   1.1600000e+02   0.0000000e+00   6.6008300e-01   8.2837700e-01   3.0389909e+00   1.0000000e+00
   1.1700000e+02   0.0000000e+00   6.4409400e-01   8.2837700e-01   3.0389909e+00   1.0000000e+00
   1.1800000e+02   1.0000000e+00   8.1287300e-01   8.2837700e-01   3.0389909e+00   0.0000000e+00
   1.1900000e+02   0.0000000e+00   7.5286900e-01   8.2837700e-01   3.0389909e+00   1.0000000e+00
   1.2000000e+02   1.0000000e+00   6.4241900e-01   8.2837700e-01   3.0389909e+00   1.0000000e+00
   1.2100000e+02   0.0000000e+00   9.5294500e-01   8.2837700e-01   3.0389909e+00   1.0000000e+00
   1.2200000e+02   0.0000000e+00   5.8246400e-01   8.2837700e-01   3.0389909e+00   0.0000000e+00
   1.2300000e+02   0.0000000e+00   7.8897300e-01   8.2837700e-01   3.0389909e+00   0.0000000e+00
   1.2400000e+02   0.0000000e+00   4.8264600e-01   8.2837700e-01   3.0389909e+00   1.0000000e+00
   1.2500000e+02   1.0000000e+00   1.1953940e+00   8.2837700e-01   3.0389909e+00   1.0000000e+00
   1.2600000e+02   0.0000000e+00   1.3069170e+00   8.2837700e-01   3.0389909e+00   0.0000000e+00
   1.2700000e+02   1.0000000e+00   4.9311400e-01   8.2837700e-01   3.0389909e+00   0.0000000e+00
   1.2800000e+02   1.0000000e+00   4.4122800e-01   8.2837700e-01   3.0389909e+00   1.0000000e+00
   1.2900000e+02   0.0000000e+00   1.3836320e+00   8.2837700e-01   3.0389909e+00   0.0000000e+00
   1.3000000e+02   1.0000000e+00   1.1994130e+00   8.2837700e-01   3.0389909e+00   0.0000000e+00
   1.3100000e+02   0.0000000e+00   9.4944200e-01   8.2837700e-01   3.0389909e+00   0.0000000e+00
   1.3200000e+02   0.0000000e+00   6.6093100e-01   8.2837700e-01   3.0389909e+00   1.0000000e+00
   1.3300000e+02   0.0000000e+00   1.7892570e+00   8.2837700e-01   3.0389909e+00   1.0000000e+00
   1.3400000e+02   0.0000000e+00   1.1982190e+00   8.2837700e-01   3.0389909e+00   0.0000000e+00
   1.3500000e+02   1.0000000e+00   1.0249090e+00   8.2837700e-01   3.0389909e+00   0.0000000e+00
   1.3600000e+02   1.0000000e+00   1.3971600e+00   8.2837700e-01   3.0389909e+00   1.0000000e+00
