   1.0000000e+00   0.0000000e+00   1.4416470e+00   8.2079900e-01   3.3785888e+00   0.0000000e+00
   2.0000000e+00   0.0000000e+00   6.6278600e-01   8.2079900e-01   3.3785888e+00   1.0000000e+00
   3.0000000e+00   0.0000000e+00   5.6764800e-01   8.2079900e-01   3.3785888e+00   0.0000000e+00
   4.0000000e+00   1.0000000e+00   7.8382900e-01   8.2079900e-01   3.3785888e+00   0.0000000e+00
   5.0000000e+00   1.0000000e+00   1.1087520e+00   8.2079900e-01   3.3785888e+00   1.0000000e+00
   6.0000000e+00   0.0000000e+00   4.8945100e-01   8.2079900e-01   3.3785888e+00   0.0000000e+00
   7.0000000e+00   0.0000000e+00   1.5919890e+00   8.2079900e-01   3.3785888e+00   0.0000000e+00
   8.0000000e+00   0.0000000e+00   1.1039650e+00   8.2079900e-01   3.3785888e+00   0.0000000e+00
   9.0000000e+00   0.0000000e+00   1.6094480e+00   8.2079900e-01   3.3785888e+00   1.0000000e+00
   1.0000000e+01   0.0000000e+00   5.4644000e-01   8.2079900e-01   3.3785888e+00   0.0000000e+00
   1.1000000e+01   1.0000000e+00   7.6602600e-01   8.2079900e-01   3.3785888e+00   0.0000000e+00
   1.2000000e+01   1.0000000e+00   5.5916400e-01   8.2079900e-01   3.3785888e+00   1.0000000e+00
   1.3000000e+01   0.0000000e+00   6.0622100e-01   8.2079900e-01   3.3785888e+00   1.0000000e+00
   1.4000000e+01   0.0000000e+00   4.8275200e-01   8.2079900e-01   3.3785888e+00   1.0000000e+00
   1.5000000e+01   0.0000000e+00   5.0230100e-01   8.2079900e-01   3.3785888e+00   0.0000000e+00
   1.6000000e+01   0.0000000e+00   4.9633500e-01   8.2079900e-01   3.3785888e+00   1.0000000e+00
   1.7000000e+01   1.0000000e+00   1.1989600e+00   8.2079900e-01   3.3785888e+00   1.0000000e+00
   1.8000000e+01   0.0000000e+00   1.0675090e+00   8.2079900e-01   3.3785888e+00   0.0000000e+00
   1.9000000e+01   1.0000000e+00   7.3899200e-01   8.2079900e-01   3.3785888e+00   0.0000000e+00
   2.0000000e+01   0.0000000e+00   4.5871500e-01   8.2079900e-01   3.3785888e+00   1.0000000e+00
   2.1000000e+01   0.0000000e+00   1.5001550e+00   8.2079900e-01   3.3785888e+00   0.0000000e+00
   2.2000000e+01   0.0000000e+00   9.8732200e-01   8.2079900e-01   3.3785888e+00   0.0000000e+00
   2.3000000e+01   0.0000000e+00   7.4232800e-01   8.2079900e-01   3.3785888e+00   1.0000000e+00
   2.4000000e+01   1.0000000e+00   1.0474660e+00   8.2079900e-01   3.3785888e+00   1.0000000e+00
   2.5000000e+01   0.0000000e+00   6.6716300e-01   8.2079900e-01   3.3785888e+00   0.0000000e+00
   2.6000000e+01   0.0000000e+00   6.3364700e-01   8.2079900e-01   3.3785888e+00   0.0000000e+00
   2.7000000e+01   0.0000000e+00   5.5269300e-01   8.2079900e-01   3.3785888e+00   1.0000000e+00
   2.8000000e+01   0.0000000e+00   1.1265460e+00   8.2079900e-01   3.3785888e+00   0.0000000e+00
   2.9000000e+01   0.0000000e+00   5.5252300e-01   8.2079900e-01   3.3785888e+00   1.0000000e+00
   3.0000000e+01   1.0000000e+00   8.3027000e-01   8.2079900e-01   3.3785888e+00   0.0000000e+00
   3.1000000e+01   0.0000000e+00   6.8132200e-01   8.2079900e-01   3.3785888e+00   1.0000000e+00
   3.2000000e+01   0.0000000e+00   2.4994500e+00   8.2079900e-01   3.3785888e+00   1.0000000e+00
   3.3000000e+01   1.0000000e+00   4.4183000e-01   8.2079900e-01   3.3785888e+00   1.0000000e+00
   3.4000000e+01   0.0000000e+00   9.4605400e-01   8.2079900e-01   3.3785888e+00   1.0000000e+00
   3.5000000e+01   1.0000000e+00   4.5554300e-01   8.2079900e-01   3.3785888e+00   0.0000000e+00
   3.6000000e+01   0.0000000e+00   1.4353940e+00   8.2079900e-01   3.3785888e+00   0.0000000e+00
   3.7000000e+01   0.0000000e+00   5.3237900e-01   8.2079900e-01   3.3785888e+00   1.0000000e+00
   3.8000000e+01   0.0000000e+00   1.2329500e+00   8.2079900e-01   3.3785888e+00   1.0000000e+00
   3.9000000e+01   1.0000000e+00   5.4011000e-01   8.2079900e-01   3.3785888e+00   0.0000000e+00
   4.0000000e+01   0.0000000e+00   7.9619000e-01   8.2079900e-01   3.3785888e+00   1.0000000e+00
   4.1000000e+01   0.0000000e+00   1.4453320e+00   8.2079900e-01   3.3785888e+00   1.0000000e+00
   4.2000000e+01   0.0000000e+00   1.3104550e+00   8.2079900e-01   3.3785888e+00   0.0000000e+00
   4.3000000e+01   1.0000000e+00   1.1679190e+00   8.2079900e-01   3.3785888e+00   1.0000000e+00
   4.4000000e+01   0.0000000e+00   4.5678700e-01   8.2079900e-01   3.3785888e+00   1.0000000e+00
   4.5000000e+01   0.0000000e+00   6.9551000e-01   8.2079900e-01   3.3785888e+00   1.0000000e+00
   4.6000000e+01   0.0000000e+00   6.5370800e-01   8.2079900e-01   3.3785888e+00   1.0000000e+00
   4.7000000e+01   0.0000000e+00   5.2812300e-01   8.2079900e-01   3.3785888e+00   1.0000000e+00
   4.8000000e+01   1.0000000e+00   7.3197700e-01   8.2079900e-01   3.3785888e+00   0.0000000e+00
   4.9000000e+01   0.0000000e+00   1.4697260e+00   8.2079900e-01   3.3785888e+00   1.0000000e+00
   5.0000000e+01   1.0000000e+00   5.8582800e-01   8.2079900e-01   3.3785888e+00   1.0000000e+00
   5.1000000e+01   0.0000000e+00   6.5825100e-01   8.2079900e-01   3.3785888e+00   0.0000000e+00
   5.2000000e+01   0.0000000e+00   1.2331110e+00   8.2079900e-01   3.3785888e+00   1.0000000e+00
   5.3000000e+01   1.0000000e+00   5.6013200e-01   8.2079900e-01   3.3785888e+00   1.0000000e+00
   5.4000000e+01   0.0000000e+00   8.3658200e-01   8.2079900e-01   3.3785888e+00   0.0000000e+00
   5.5000000e+01   0.0000000e+00   5.2127400e-01   8.2079900e-01   3.3785888e+00   0.0000000e+00
   5.6000000e+01   0.0000000e+00   7.6895200e-01   8.2079900e-01   3.3785888e+00   0.0000000e+00
   5.7000000e+01   0.0000000e+00   1.1688760e+00   8.2079900e-01   3.3785888e+00   1.0000000e+00
   5.8000000e+01   1.0000000e+00   1.5012520e+00   8.2079900e-01   3.3785888e+00   0.0000000e+00
   5.9000000e+01   0.0000000e+00   1.2210900e+00   8.2079900e-01   3.3785888e+00   0.0000000e+00
   6.0000000e+01   0.0000000e+00   8.5267800e-01   8.2079900e-01   3.3785888e+00   0.0000000e+00
   6.1000000e+01   1.0000000e+00   9.7170400e-01   8.2079900e-01   3.3785888e+00   1.0000000e+00
   6.2000000e+01   0.0000000e+00   1.1787620e+00   8.2079900e-01   3.3785888e+00   1.0000000e+00
   6.3000000e+01   0.0000000e+00   6.2596000e-01   8.2079900e-01   3.3785888e+00   0.0000000e+00
   6.4000000e+01   1.0000000e+00   4.7200800e-01   8.2079900e-01   3.3785888e+00   0.0000000e+00
   6.5000000e+01   0.0000000e+00   2.3533760e+00   8.2079900e-01   3.3785888e+00   0.0000000e+00
   6.6000000e+01   1.0000000e+00   7.1078900e-01   8.2079900e-01   3.3785888e+00   0.0000000e+00
   6.7000000e+01   0.0000000e+00   5.2919000e-01   8.2079900e-01   3.3785888e+00   0.0000000e+00
   6.8000000e+01   1.0000000e+00   8.6793300e-01   8.2079900e-01   3.3785888e+00   1.0000000e+00
   6.9000000e+01   0.0000000e+00   4.9269400e-01   8.2079900e-01   3.3785888e+00   0.0000000e+00
   7.0000000e+01   1.0000000e+00   4.6212000e-01   8.2079900e-01   3.3785888e+00   1.0000000e+00
   7.1000000e+01   0.0000000e+00   1.1191880e+00   8.2079900e-01   3.3785888e+00   1.0000000e+00
   7.2000000e+01   0.0000000e+00   6.6572500e-01   8.2079900e-01   3.3785888e+00   1.0000000e+00
   7.3000000e+01   1.0000000e+00   1.4576310e+00   8.2079900e-01   3.3785888e+00   0.0000000e+00
   7.4000000e+01   0.0000000e+00   8.6109000e-01   8.2079900e-01   3.3785888e+00   1.0000000e+00
   7.5000000e+01   1.0000000e+00   4.6446300e-01   8.2079900e-01   3.3785888e+00   1.0000000e+00
   7.6000000e+01   0.0000000e+00   1.3118530e+00   8.2079900e-01   3.3785888e+00   0.0000000e+00
   7.7000000e+01   1.0000000e+00   6.2273200e-01   8.2079900e-01   3.3785888e+00   0.0000000e+00
   7.8000000e+01   1.0000000e+00   1.1736410e+00   8.2079900e-01   3.3785888e+00   0.0000000e+00
   7.9000000e+01   0.0000000e+00   4.3508100e-01   8.2079900e-01   3.3785888e+00   0.0000000e+00
   8.0000000e+01   0.0000000e+00   5.3142200e-01   8.2079900e-01   3.3785888e+00   0.0000000e+00
   8.1000000e+01   1.0000000e+00   6.8396000e-01   8.2079900e-01   3.3785888e+00   1.0000000e+00
   8.2000000e+01   0.0000000e+00   1.1270750e+00   8.2079900e-01   3.3785888e+00   1.0000000e+00
   8.3000000e+01   0.0000000e+00   5.9497600e-01   8.2079900e-01   3.3785888e+00   0.0000000e+00
   8.4000000e+01   0.0000000e+00   1.1943380e+00   8.2079900e-01   3.3785888e+00   0.0000000e+00
   8.5000000e+01   1.0000000e+00   7.4894000e-01   8.2079900e-01   3.3785888e+00   0.0000000e+00
   8.6000000e+01   0.0000000e+00   1.2417890e+00   8.2079900e-01   3.3785888e+00   1.0000000e+00
   8.7000000e+01   0.0000000e+00   5.9838600e-01   8.2079900e-01   3.3785888e+00   1.0000000e+00
   8.8000000e+01   1.0000000e+00   7.4351500e-01   8.2079900e-01   3.3785888e+00   1.0000000e+00
   8.9000000e+01   0.0000000e+00   6.3865900e-01   8.2079900e-01   3.3785888e+00   0.0000000e+00
   9.0000000e+01   0.0000000e+00   5.9937300e-01   8.2079900e-01   3.3785888e+00   0.0000000e+00
   9.1000000e+01   0.0000000e+00   2.0368430e+00   8.2079900e-01   3.3785888e+00   1.0000000e+00
   9.2000000e+01   0.0000000e+00   4.5373100e-01   8.2079900e-01   3.3785888e+00   1.0000000e+00
   9.3000000e+01   0.0000000e+00   1.2315840e+00   8.2079900e-01   3.3785888e+00   0.0000000e+00
   9.4000000e+01   0.0000000e+00   8.1330300e-01   8.2079900e-01   3.3785888e+00   1.0000000e+00
   9.5000000e+01   1.0000000e+00   1.2478090e+00   8.2079900e-01   3.3785888e+00   0.0000000e+00
   9.6000000e+01   0.0000000e+00   5.7993600e-01   8.2079900e-01   3.3785888e+00   0.0000000e+00
   9.7000000e+01   1.0000000e+00   7.9765700e-01   8.2079900e-01   3.3785888e+00   1.0000000e+00
   9.8000000e+01   0.0000000e+00   7.0884800e-01   8.2079900e-01   3.3785888e+00   0.0000000e+00
   9.9000000e+01   0.0000000e+00   4.7124900e-01   8.2079900e-01   3.3785888e+00   1.0000000e+00
   1.0000000e+02   0.0000000e+00   2.2311990e+00   8.2079900e-01   3.3785888e+00   1.0000000e+00
   1.0100000e+02   0.0000000e+00   1.6608400e+00   8.2079900e-01   3.3785888e+00   0.0000000e+00
   1.0200000e+02   1.0000000e+00   9.5389300e-01   8.2079900e-01   3.3785888e+00   1.0000000e+00
   1.0300000e+02   0.0000000e+00   6.0451000e-01   8.2079900e-01   3.3785888e+00   0.0000000e+00
   1.0400000e+02   1.0000000e+00   1.6875990e+00   8.2079900e-01   3.3785888e+00   0.0000000e+00
   1.0500000e+02   0.0000000e+00   2.8811080e+00   8.2079900e-01   3.3785888e+00   0.0000000e+00
   1.0600000e+02   0.0000000e+00   8.4228800e-01   8.2079900e-01   3.3785888e+00   1.0000000e+00
   1.0700000e+02   1.0000000e+00   5.5451200e-01   8.2079900e-01   3.3785888e+00   1.0000000e+00
   1.0800000e+02   0.0000000e+00   8.7685700e-01   8.2079900e-01   3.3785888e+00   1.0000000e+00
   1.0900000e+02   0.0000000e+00   9.4223800e-01   8.2079900e-01   3.3785888e+00   1.0000000e+00
   1.1000000e+02   1.0000000e+00   1.0115160e+00   8.2079900e-01   3.3785888e+00   0.0000000e+00
   1.1100000e+02   0.0000000e+00   7.3555300e-01   8.2079900e-01   3.3785888e+00   0.0000000e+00
   1.1200000e+02   0.0000000e+00   8.5011500e-01   8.2079900e-01   3.3785888e+00   1.0000000e+00
   1.1300000e+02   0.0000000e+00   4.9787900e-01   8.2079900e-01   3.3785888e+00   0.0000000e+00
   1.1400000e+02   0.0000000e+00   1.1112150e+00   8.2079900e-01   3.3785888e+00   0.0000000e+00
   1.1500000e+02   0.0000000e+00   6.9107600e-01   8.2079900e-01   3.3785888e+00   1.0000000e+00
   1.1600000e+02   0.0000000e+00   9.1859700e-01   8.2079900e-01   3.3785888e+00   0.0000000e+00
   1.1700000e+02   0.0000000e+00   1.3070640e+00   8.2079900e-01   3.3785888e+00   1.0000000e+00
   1.1800000e+02   1.0000000e+00   7.8333400e-01   8.2079900e-01   3.3785888e+00   0.0000000e+00
   1.1900000e+02   0.0000000e+00   4.3758100e-01   8.2079900e-01   3.3785888e+00   0.0000000e+00
   1.2000000e+02   1.0000000e+00   5.3028600e-01   8.2079900e-01   3.3785888e+00   1.0000000e+00
   1.2100000e+02   0.0000000e+00   1.2204340e+00   8.2079900e-01   3.3785888e+00   1.0000000e+00
   1.2200000e+02   1.0000000e+00   1.2697020e+00   8.2079900e-01   3.3785888e+00   0.0000000e+00
   1.2300000e+02   0.0000000e+00   9.0129400e-01   8.2079900e-01   3.3785888e+00   0.0000000e+00
   1.2400000e+02   0.0000000e+00   4.8193400e-01   8.2079900e-01   3.3785888e+00   1.0000000e+00
   1.2500000e+02   0.0000000e+00   4.5445300e-01   8.2079900e-01   3.3785888e+00   0.0000000e+00
   1.2600000e+02   0.0000000e+00   7.3118600e-01   8.2079900e-01   3.3785888e+00   1.0000000e+00
   1.2700000e+02   0.0000000e+00   2.3834180e+00   8.2079900e-01   3.3785888e+00   1.0000000e+00
   1.2800000e+02   1.0000000e+00   5.0677500e-01   8.2079900e-01   3.3785888e+00   1.0000000e+00
   1.2900000e+02   0.0000000e+00   1.4840400e+00   8.2079900e-01   3.3785888e+00   0.0000000e+00
   1.3000000e+02   0.0000000e+00   6.6005300e-01   8.2079900e-01   3.3785888e+00   1.0000000e+00
   1.3100000e+02   0.0000000e+00   1.8582240e+00   8.2079900e-01   3.3785888e+00   0.0000000e+00
   1.3200000e+02   0.0000000e+00   2.0607700e+00   8.2079900e-01   3.3785888e+00   0.0000000e+00
   1.3300000e+02   0.0000000e+00   2.0975710e+00   8.2079900e-01   3.3785888e+00   1.0000000e+00
   1.3400000e+02   0.0000000e+00   4.5189000e-01   8.2079900e-01   3.3785888e+00   1.0000000e+00
   1.3500000e+02   1.0000000e+00   5.3824700e-01   8.2079900e-01   3.3785888e+00   1.0000000e+00
   1.3600000e+02   1.0000000e+00   7.7958300e-01   8.2079900e-01   3.3785888e+00   0.0000000e+00
