   1.0000000e+00   0.0000000e+00   6.8884000e-01   8.2301600e-01   2.5600672e+00   0.0000000e+00
   2.0000000e+00   0.0000000e+00   1.9909430e+00   8.2301600e-01   2.5600672e+00   0.0000000e+00
   3.0000000e+00   1.0000000e+00   9.4779500e-01   8.2301600e-01   2.5600672e+00   0.0000000e+00
   4.0000000e+00   0.0000000e+00   4.7408600e-01   8.2301600e-01   2.5600672e+00   0.0000000e+00
   5.0000000e+00   1.0000000e+00   7.0455900e-01   8.2301600e-01   2.5600672e+00   1.0000000e+00
   6.0000000e+00   0.0000000e+00   1.6955380e+00   8.2301600e-01   2.5600672e+00   0.0000000e+00
   7.0000000e+00   0.0000000e+00   4.7025400e-01   8.2301600e-01   2.5600672e+00   1.0000000e+00
   8.0000000e+00   0.0000000e+00   1.0092840e+00   8.2301600e-01   2.5600672e+00   0.0000000e+00
   9.0000000e+00   0.0000000e+00   9.4027400e-01   8.2301600e-01   2.5600672e+00   1.0000000e+00
   1.0000000e+01   0.0000000e+00   5.1207500e-01   8.2301600e-01   2.5600672e+00   1.0000000e+00
   1.1000000e+01   1.0000000e+00   5.7491900e-01   8.2301600e-01   2.5600672e+00   0.0000000e+00
   1.2000000e+01   0.0000000e+00   6.8820100e-01   8.2301600e-01   2.5600672e+00   1.0000000e+00
   1.3000000e+01   1.0000000e+00   2.5367580e+00   8.2301600e-01   2.5600672e+00   1.0000000e+00
   1.4000000e+01   0.0000000e+00   4.7534700e-01   8.2301600e-01   2.5600672e+00   0.0000000e+00
   1.5000000e+01   1.0000000e+00   7.4046900e-01   8.2301600e-01   2.5600672e+00   1.0000000e+00
   1.6000000e+01   0.0000000e+00   6.5326400e-01   8.2301600e-01   2.5600672e+00   1.0000000e+00
   1.7000000e+01   1.0000000e+00   5.1311500e-01   8.2301600e-01   2.5600672e+00   0.0000000e+00
   1.8000000e+01   0.0000000e+00   9.4070000e-01   8.2301600e-01   2.5600672e+00   0.0000000e+00
   1.9000000e+01   1.0000000e+00   7.1578900e-01   8.2301600e-01   2.5600672e+00   1.0000000e+00
   2.0000000e+01   0.0000000e+00   5.0549200e-01   8.2301600e-01   2.5600672e+00   0.0000000e+00
   2.1000000e+01   1.0000000e+00   7.7424000e-01   8.2301600e-01   2.5600672e+00   0.0000000e+00
   2.2000000e+01   0.0000000e+00   1.3586150e+00   8.2301600e-01   2.5600672e+00   1.0000000e+00
   2.3000000e+01   0.0000000e+00   4.5506900e-01   8.2301600e-01   2.5600672e+00   1.0000000e+00
   2.4000000e+01   0.0000000e+00   1.5206360e+00   8.2301600e-01   2.5600672e+00   1.0000000e+00
   2.5000000e+01   0.0000000e+00   2.1717200e+00   8.2301600e-01   2.5600672e+00   1.0000000e+00
   2.6000000e+01   0.0000000e+00   8.4149300e-01   8.2301600e-01   2.5600672e+00   1.0000000e+00
   2.7000000e+01   0.0000000e+00   4.5519300e-01   8.2301600e-01   2.5600672e+00   1.0000000e+00
   2.8000000e+01   0.0000000e+00   6.0798700e-01   8.2301600e-01   2.5600672e+00   0.0000000e+00
   2.9000000e+01   1.0000000e+00   1.2380890e+00   8.2301600e-01   2.5600672e+00   1.0000000e+00
   3.0000000e+01   0.0000000e+00   9.0314600e-01   8.2301600e-01   2.5600672e+00   1.0000000e+00
   3.1000000e+01   1.0000000e+00   1.3063420e+00   8.2301600e-01   2.5600672e+00   0.0000000e+00
   3.2000000e+01   0.0000000e+00   9.9511600e-01   8.2301600e-01   2.5600672e+00   0.0000000e+00
   3.3000000e+01   0.0000000e+00   1.2323450e+00   8.2301600e-01   2.5600672e+00   0.0000000e+00
   3.4000000e+01   1.0000000e+00   1.3775630e+00   8.2301600e-01   2.5600672e+00   0.0000000e+00
   3.5000000e+01   0.0000000e+00   7.4311600e-01   8.2301600e-01   2.5600672e+00   0.0000000e+00
   3.6000000e+01   1.0000000e+00   9.9366900e-01   8.2301600e-01   2.5600672e+00   1.0000000e+00
   3.7000000e+01   0.0000000e+00   1.2333850e+00   8.2301600e-01   2.5600672e+00   1.0000000e+00
   3.8000000e+01   1.0000000e+00   6.5429900e-01   8.2301600e-01   2.5600672e+00   0.0000000e+00
   3.9000000e+01   0.0000000e+00   6.5259700e-01   8.2301600e-01   2.5600672e+00   0.0000000e+00
   4.0000000e+01   0.0000000e+00   4.7426500e-01   8.2301600e-01   2.5600672e+00   0.0000000e+00
   4.1000000e+01   0.0000000e+00   5.2655300e-01   8.2301600e-01   2.5600672e+00   1.0000000e+00
   4.2000000e+01   0.0000000e+00   1.3596080e+00   8.2301600e-01   2.5600672e+00   0.0000000e+00
   4.3000000e+01   0.0000000e+00   5.1873000e-01   8.2301600e-01   2.5600672e+00   0.0000000e+00
   4.4000000e+01   0.0000000e+00   4.5995800e-01   8.2301600e-01   2.5600672e+00   1.0000000e+00
   4.5000000e+01   0.0000000e+00   4.4675000e-01   8.2301600e-01   2.5600672e+00   0.0000000e+00
   4.6000000e+01   0.0000000e+00   6.1323600e-01   8.2301600e-01   2.5600672e+00   0.0000000e+00
   4.7000000e+01   1.0000000e+00   6.3276500e-01   8.2301600e-01   2.5600672e+00   1.0000000e+00
   4.8000000e+01   0.0000000e+00   1.0845840e+00   8.2301600e-01   2.5600672e+00   0.0000000e+00
   4.9000000e+01   0.0000000e+00   5.0524000e-01   8.2301600e-01   2.5600672e+00   0.0000000e+00
   5.0000000e+01   0.0000000e+00   4.6038100e-01   8.2301600e-01   2.5600672e+00   1.0000000e+00
   5.1000000e+01   0.0000000e+00   8.1838900e-01   8.2301600e-01   2.5600672e+00   1.0000000e+00
   5.2000000e+01   0.0000000e+00   8.2596900e-01   8.2301600e-01   2.5600672e+00   1.0000000e+00
   5.3000000e+01   1.0000000e+00   1.3799970e+00   8.2301600e-01   2.5600672e+00   1.0000000e+00
   5.4000000e+01   0.0000000e+00   4.6945800e-01   8.2301600e-01   2.5600672e+00   0.0000000e+00
   5.5000000e+01   0.0000000e+00   5.0116000e-01   8.2301600e-01   2.5600672e+00   1.0000000e+00
   5.6000000e+01   1.0000000e+00   1.9201270e+00   8.2301600e-01   2.5600672e+00   0.0000000e+00
   5.7000000e+01   0.0000000e+00   8.5158400e-01   8.2301600e-01   2.5600672e+00   1.0000000e+00
   5.8000000e+01   1.0000000e+00   1.8425300e+00   8.2301600e-01   2.5600672e+00   1.0000000e+00
   5.9000000e+01   0.0000000e+00   6.9858200e-01   8.2301600e-01   2.5600672e+00   1.0000000e+00
   6.0000000e+01   0.0000000e+00   5.6586000e-01   8.2301600e-01   2.5600672e+00   1.0000000e+00
   6.1000000e+01   0.0000000e+00   5.0271000e-01   8.2301600e-01   2.5600672e+00   1.0000000e+00
   6.2000000e+01   0.0000000e+00   8.2603500e-01   8.2301600e-01   2.5600672e+00   0.0000000e+00
   6.3000000e+01   1.0000000e+00   9.3735700e-01   8.2301600e-01   2.5600672e+00   0.0000000e+00
   6.4000000e+01   1.0000000e+00   7.5747000e-01   8.2301600e-01   2.5600672e+00   0.0000000e+00
   6.5000000e+01   0.0000000e+00   1.0958130e+00   8.2301600e-01   2.5600672e+00   0.0000000e+00
   6.6000000e+01   0.0000000e+00   3.1591990e+00   8.2301600e-01   2.5600672e+00   1.0000000e+00
   6.7000000e+01   0.0000000e+00   9.6604100e-01   8.2301600e-01   2.5600672e+00   0.0000000e+00
   6.8000000e+01   1.0000000e+00   1.3292380e+00   8.2301600e-01   2.5600672e+00   1.0000000e+00
   6.9000000e+01   0.0000000e+00   3.3724190e+00   8.2301600e-01   2.5600672e+00   1.0000000e+00
   7.0000000e+01   0.0000000e+00   4.4444400e-01   8.2301600e-01   2.5600672e+00   0.0000000e+00
   7.1000000e+01   0.0000000e+00   2.6455770e+00   8.2301600e-01   2.5600672e+00   0.0000000e+00
   7.2000000e+01   0.0000000e+00   4.8094900e-01   8.2301600e-01   2.5600672e+00   1.0000000e+00
   7.3000000e+01   1.0000000e+00   5.2467100e-01   8.2301600e-01   2.5600672e+00   1.0000000e+00
   7.4000000e+01   1.0000000e+00   5.9403000e-01   8.2301600e-01   2.5600672e+00   0.0000000e+00
   7.5000000e+01   0.0000000e+00   6.8501700e-01   8.2301600e-01   2.5600672e+00   1.0000000e+00
   7.6000000e+01   0.0000000e+00   1.2263350e+00   8.2301600e-01   2.5600672e+00   1.0000000e+00
   7.7000000e+01   0.0000000e+00   6.0284600e-01   8.2301600e-01   2.5600672e+00   1.0000000e+00
   7.8000000e+01   1.0000000e+00   1.1251380e+00   8.2301600e-01   2.5600672e+00   1.0000000e+00
   7.9000000e+01   0.0000000e+00   9.9321500e-01   8.2301600e-01   2.5600672e+00   0.0000000e+00
   8.0000000e+01   0.0000000e+00   4.3583600e-01   8.2301600e-01   2.5600672e+00   1.0000000e+00
   8.1000000e+01   1.0000000e+00   7.6144800e-01   8.2301600e-01   2.5600672e+00   0.0000000e+00
   8.2000000e+01   0.0000000e+00   4.7864500e-01   8.2301600e-01   2.5600672e+00   0.0000000e+00
   8.3000000e+01   0.0000000e+00   4.7969100e-01   8.2301600e-01   2.5600672e+00   1.0000000e+00
   8.4000000e+01   0.0000000e+00   1.5489860e+00   8.2301600e-01   2.5600672e+00   0.0000000e+00
   8.5000000e+01   0.0000000e+00   6.8035900e-01   8.2301600e-01   2.5600672e+00   1.0000000e+00
   8.6000000e+01   0.0000000e+00   7.5533400e-01   8.2301600e-01   2.5600672e+00   1.0000000e+00
   8.7000000e+01   0.0000000e+00   6.9117400e-01   8.2301600e-01   2.5600672e+00   1.0000000e+00
   8.8000000e+01   1.0000000e+00   1.1110460e+00   8.2301600e-01   2.5600672e+00   0.0000000e+00
   8.9000000e+01   0.0000000e+00   9.9660800e-01   8.2301600e-01   2.5600672e+00   0.0000000e+00
   9.0000000e+01   0.0000000e+00   5.8688000e-01   8.2301600e-01   2.5600672e+00   1.0000000e+00
   9.1000000e+01   0.0000000e+00   5.0734200e-01   8.2301600e-01   2.5600672e+00   0.0000000e+00
   9.2000000e+01   0.0000000e+00   1.2558140e+00   8.2301600e-01   2.5600672e+00   0.0000000e+00
   9.3000000e+01   1.0000000e+00   7.0701100e-01   8.2301600e-01   2.5600672e+00   1.0000000e+00
   9.4000000e+01   0.0000000e+00   1.3658050e+00   8.2301600e-01   2.5600672e+00   0.0000000e+00
   9.5000000e+01   0.0000000e+00   2.0668090e+00   8.2301600e-01   2.5600672e+00   1.0000000e+00
   9.6000000e+01   0.0000000e+00   1.6979470e+00   8.2301600e-01   2.5600672e+00   0.0000000e+00
   9.7000000e+01   1.0000000e+00   1.2214680e+00   8.2301600e-01   2.5600672e+00   0.0000000e+00
   9.8000000e+01   0.0000000e+00   7.8202800e-01   8.2301600e-01   2.5600672e+00   1.0000000e+00
   9.9000000e+01   0.0000000e+00   1.0457770e+00   8.2301600e-01   2.5600672e+00   0.0000000e+00
   1.0000000e+02   1.0000000e+00   7.7568700e-01   8.2301600e-01   2.5600672e+00   1.0000000e+00
   1.0100000e+02   1.0000000e+00   1.3557030e+00   8.2301600e-01   2.5600672e+00   0.0000000e+00
   1.0200000e+02   0.0000000e+00   8.3725900e-01   8.2301600e-01   2.5600672e+00   0.0000000e+00
   1.0300000e+02   1.0000000e+00   9.1270100e-01   8.2301600e-01   2.5600672e+00   1.0000000e+00
   1.0400000e+02   0.0000000e+00   4.6164900e-01   8.2301600e-01   2.5600672e+00   1.0000000e+00
   1.0500000e+02   0.0000000e+00   1.1561430e+00   8.2301600e-01   2.5600672e+00   1.0000000e+00
   1.0600000e+02   0.0000000e+00   4.9930700e-01   8.2301600e-01   2.5600672e+00   0.0000000e+00
   1.0700000e+02   0.0000000e+00   9.3201300e-01   8.2301600e-01   2.5600672e+00   0.0000000e+00
   1.0800000e+02   1.0000000e+00   8.2853300e-01   8.2301600e-01   2.5600672e+00   1.0000000e+00
   1.0900000e+02   0.0000000e+00   5.2049100e-01   8.2301600e-01   2.5600672e+00   0.0000000e+00
   1.1000000e+02   0.0000000e+00   6.0574900e-01   8.2301600e-01   2.5600672e+00   1.0000000e+00
   1.1100000e+02   1.0000000e+00   1.4452400e+00   8.2301600e-01   2.5600672e+00   0.0000000e+00
   1.1200000e+02   0.0000000e+00   8.1346200e-01   8.2301600e-01   2.5600672e+00   0.0000000e+00
   1.1300000e+02   1.0000000e+00   1.2192100e+00   8.2301600e-01   2.5600672e+00   1.0000000e+00
   1.1400000e+02   0.0000000e+00   1.2929480e+00   8.2301600e-01   2.5600672e+00   1.0000000e+00
   1.1500000e+02   0.0000000e+00   5.3070300e-01   8.2301600e-01   2.5600672e+00   1.0000000e+00
   1.1600000e+02   0.0000000e+00   8.4593100e-01   8.2301600e-01   2.5600672e+00   1.0000000e+00
   1.1700000e+02   0.0000000e+00   6.3838200e-01   8.2301600e-01   2.5600672e+00   1.0000000e+00
   1.1800000e+02   1.0000000e+00   1.0818840e+00   8.2301600e-01   2.5600672e+00   0.0000000e+00
   1.1900000e+02   0.0000000e+00   7.6708400e-01   8.2301600e-01   2.5600672e+00   1.0000000e+00
   1.2000000e+02   0.0000000e+00   5.9405700e-01   8.2301600e-01   2.5600672e+00   0.0000000e+00
   1.2100000e+02   0.0000000e+00   9.8701600e-01   8.2301600e-01   2.5600672e+00   0.0000000e+00
   1.2200000e+02   1.0000000e+00   1.3769710e+00   8.2301600e-01   2.5600672e+00   0.0000000e+00
   1.2300000e+02   0.0000000e+00   7.9413600e-01   8.2301600e-01   2.5600672e+00   1.0000000e+00
   1.2400000e+02   1.0000000e+00   6.4278700e-01   8.2301600e-01   2.5600672e+00   1.0000000e+00
   1.2500000e+02   0.0000000e+00   4.6215400e-01   8.2301600e-01   2.5600672e+00   0.0000000e+00
   1.2600000e+02   1.0000000e+00   8.5552200e-01   8.2301600e-01   2.5600672e+00   0.0000000e+00
   1.2700000e+02   0.0000000e+00   4.4165900e-01   8.2301600e-01   2.5600672e+00   0.0000000e+00
   1.2800000e+02   0.0000000e+00   8.3517800e-01   8.2301600e-01   2.5600672e+00   1.0000000e+00
   1.2900000e+02   0.0000000e+00   9.2065100e-01   8.2301600e-01   2.5600672e+00   0.0000000e+00
   1.3000000e+02   0.0000000e+00   5.1507400e-01   8.2301600e-01   2.5600672e+00   1.0000000e+00
   1.3100000e+02   1.0000000e+00   1.3777890e+00   8.2301600e-01   2.5600672e+00   1.0000000e+00
   1.3200000e+02   0.0000000e+00   1.3669540e+00   8.2301600e-01   2.5600672e+00   0.0000000e+00
   1.3300000e+02   0.0000000e+00   9.9211800e-01   8.2301600e-01   2.5600672e+00   0.0000000e+00
   1.3400000e+02   0.0000000e+00   7.5368700e-01   8.2301600e-01   2.5600672e+00   0.0000000e+00
   1.3500000e+02   1.0000000e+00   5.6482000e-01   8.2301600e-01   2.5600672e+00   1.0000000e+00
   1.3600000e+02   1.0000000e+00   4.6678900e-01   8.2301600e-01   2.5600672e+00   0.0000000e+00
