1	0	1.634593	0.821983	2.5529393892	1
2	0	1.828093	0.821983	2.5529393892	0
3	1	1.322125	0.821983	2.5529393892	1
4	0	1.134904	0.821983	2.5529393892	1
5	1	0.778562	0.821983	2.5529393892	0
6	0	0.527433	0.821983	2.5529393892	0
7	1	0.826718	0.821983	2.5529393892	1
8	0	1.456263	0.821983	2.5529393892	1
9	0	1.149201	0.821983	2.5529393892	0
10	1	0.533155	0.821983	2.5529393892	0
11	0	0.718810	0.821983	2.5529393892	1
12	0	1.105843	0.821983	2.5529393892	0
13	0	1.044268	0.821983	2.5529393892	0
14	1	1.443864	0.821983	2.5529393892	0
15	0	1.295181	0.821983	2.5529393892	1
16	0	1.200152	0.821983	2.5529393892	1
17	1	1.180667	0.821983	2.5529393892	1
18	0	0.718874	0.821983	2.5529393892	0
19	0	0.523822	0.821983	2.5529393892	1
20	0	0.666473	0.821983	2.5529393892	1
21	0	1.410345	0.821983	2.5529393892	1
22	1	0.675915	0.821983	2.5529393892	0
23	0	0.807223	0.821983	2.5529393892	0
24	0	0.993211	0.821983	2.5529393892	1
25	0	2.665784	0.821983	2.5529393892	1
26	0	1.178063	0.821983	2.5529393892	0
27	0	0.792656	0.821983	2.5529393892	0
28	0	0.663267	0.821983	2.5529393892	0
29	0	1.091031	0.821983	2.5529393892	0
30	1	1.259942	0.821983	2.5529393892	1
31	0	0.617166	0.821983	2.5529393892	1
32	0	1.196156	0.821983	2.5529393892	0
33	1	1.054984	0.821983	2.5529393892	0
34	0	1.378034	0.821983	2.5529393892	1
35	1	0.705024	0.821983	2.5529393892	1
36	0	0.670067	0.821983	2.5529393892	1
37	0	1.376828	0.821983	2.5529393892	1
38	0	0.610520	0.821983	2.5529393892	0
39	0	0.515357	0.821983	2.5529393892	1
40	0	1.708629	0.821983	2.5529393892	1
41	0	0.586557	0.821983	2.5529393892	0
42	1	0.892739	0.821983	2.5529393892	1
43	0	0.684735	0.821983	2.5529393892	0
44	0	0.726589	0.821983	2.5529393892	0
45	1	0.579961	0.821983	2.5529393892	0
46	0	0.957888	0.821983	2.5529393892	1
47	0	0.517955	0.821983	2.5529393892	1
48	0	0.526646	0.821983	2.5529393892	1
49	0	1.177920	0.821983	2.5529393892	1
50	0	1.172714	0.821983	2.5529393892	0
51	1	0.912607	0.821983	2.5529393892	1
52	0	0.919050	0.821983	2.5529393892	0
53	0	0.873637	0.821983	2.5529393892	0
54	0	1.044395	0.821983	2.5529393892	0
55	0	1.140570	0.821983	2.5529393892	1
56	1	0.699415	0.821983	2.5529393892	0
57	0	1.104892	0.821983	2.5529393892	0
58	1	2.403933	0.821983	2.5529393892	0
59	0	0.687571	0.821983	2.5529393892	1
60	1	1.226920	0.821983	2.5529393892	1
61	0	0.596380	0.821983	2.5529393892	0
62	0	1.410665	0.821983	2.5529393892	0
63	0	0.989986	0.821983	2.5529393892	1
64	0	1.046597	0.821983	2.5529393892	0
65	0	1.940908	0.821983	2.5529393892	1
66	1	1.280820	0.821983	2.5529393892	0
67	1	1.630836	0.821983	2.5529393892	1
68	0	0.555264	0.821983	2.5529393892	0
69	0	0.590137	0.821983	2.5529393892	0
70	0	1.826625	0.821983	2.5529393892	0
71	0	0.873104	0.821983	2.5529393892	1
72	1	1.149653	0.821983	2.5529393892	1
73	1	1.094549	0.821983	2.5529393892	0
74	0	1.490769	0.821983	2.5529393892	0
75	0	0.626071	0.821983	2.5529393892	0
76	0	0.834983	0.821983	2.5529393892	1
77	0	1.142035	0.821983	2.5529393892	0
78	0	0.938652	0.821983	2.5529393892	1
79	0	1.980106	0.821983	2.5529393892	1
80	1	0.934417	0.821983	2.5529393892	0
81	0	1.603087	0.821983	2.5529393892	0
82	0	0.686216	0.821983	2.5529393892	1
83	1	1.134614	0.821983	2.5529393892	1
84	0	0.967704	0.821983	2.5529393892	1
85	0	1.403069	0.821983	2.5529393892	0
86	0	0.737945	0.821983	2.5529393892	0
87	1	0.640985	0.821983	2.5529393892	0
88	0	0.526791	0.821983	2.5529393892	0
89	0	0.568448	0.821983	2.5529393892	1
90	1	0.847634	0.821983	2.5529393892	1
91	0	0.645834	0.821983	2.5529393892	1
92	0	0.836441	0.821983	2.5529393892	1
93	0	1.636781	0.821983	2.5529393892	0
94	1	0.736281	0.821983	2.5529393892	1
95	0	0.916970	0.821983	2.5529393892	1
96	1	0.774703	0.821983	2.5529393892	0
97	0	0.735636	0.821983	2.5529393892	1
98	1	1.823255	0.821983	2.5529393892	1
99	0	0.968962	0.821983	2.5529393892	0
100	0	0.553343	0.821983	2.5529393892	0
101	1	0.542797	0.821983	2.5529393892	0
102	0	0.514360	0.821983	2.5529393892	1
103	0	0.942282	0.821983	2.5529393892	1
104	1	2.070868	0.821983	2.5529393892	1
105	0	0.793034	0.821983	2.5529393892	1
106	1	1.411252	0.821983	2.5529393892	0
107	0	0.649904	0.821983	2.5529393892	1
108	0	1.091211	0.821983	2.5529393892	0
109	1	1.190030	0.821983	2.5529393892	0
110	0	0.577750	0.821983	2.5529393892	0
111	1	1.079368	0.821983	2.5529393892	1
112	0	0.643579	0.821983	2.5529393892	0
113	0	0.563016	0.821983	2.5529393892	0
114	0	0.510848	0.821983	2.5529393892	0
115	1	2.302683	0.821983	2.5529393892	0
116	1	0.701352	0.821983	2.5529393892	1
117	0	0.665255	0.821983	2.5529393892	1
118	0	0.523687	0.821983	2.5529393892	0
119	0	1.346612	0.821983	2.5529393892	1
120	0	0.916576	0.821983	2.5529393892	1
121	1	1.210422	0.821983	2.5529393892	1
122	0	0.981124	0.821983	2.5529393892	1
123	0	0.713571	0.821983	2.5529393892	1
124	1	1.071837	0.821983	2.5529393892	0
125	0	0.613726	0.821983	2.5529393892	1
126	0	0.834131	0.821983	2.5529393892	0
127	0	0.720687	0.821983	2.5529393892	0
128	0	0.661061	0.821983	2.5529393892	0
129	0	1.729258	0.821983	2.5529393892	0
130	0	0.694009	0.821983	2.5529393892	1
131	1	0.532892	0.821983	2.5529393892	1
132	0	1.300575	0.821983	2.5529393892	1
133	1	1.123584	0.821983	2.5529393892	0
134	0	0.607880	0.821983	2.5529393892	0
135	1	0.639334	0.821983	2.5529393892	0
136	1	0.556289	0.821983	2.5529393892	1
