   1.0000000e+00   0.0000000e+00   5.1697800e-01   8.2032500e-01   2.6611643e+00   1.0000000e+00
   2.0000000e+00   0.0000000e+00   5.3567600e-01   8.2032500e-01   2.6611643e+00   0.0000000e+00
   3.0000000e+00   0.0000000e+00   1.9794750e+00   8.2032500e-01   2.6611643e+00   1.0000000e+00
   4.0000000e+00   0.0000000e+00   4.5926200e-01   8.2032500e-01   2.6611643e+00   0.0000000e+00
   5.0000000e+00   0.0000000e+00   4.8085700e-01   8.2032500e-01   2.6611643e+00   0.0000000e+00
   6.0000000e+00   0.0000000e+00   7.2447700e-01   8.2032500e-01   2.6611643e+00   1.0000000e+00
   7.0000000e+00   0.0000000e+00   1.7694600e+00   8.2032500e-01   2.6611643e+00   1.0000000e+00
   8.0000000e+00   1.0000000e+00   4.9990500e-01   8.2032500e-01   2.6611643e+00   0.0000000e+00
   9.0000000e+00   0.0000000e+00   9.7820200e-01   8.2032500e-01   2.6611643e+00   1.0000000e+00
   1.0000000e+01   0.0000000e+00   1.1915490e+00   8.2032500e-01   2.6611643e+00   1.0000000e+00
   1.1000000e+01   0.0000000e+00   6.4538300e-01   8.2032500e-01   2.6611643e+00   1.0000000e+00
   1.2000000e+01   0.0000000e+00   4.9106100e-01   8.2032500e-01   2.6611643e+00   0.0000000e+00
   1.3000000e+01   1.0000000e+00   6.6907700e-01   8.2032500e-01   2.6611643e+00   1.0000000e+00
   1.4000000e+01   0.0000000e+00   6.9245200e-01   8.2032500e-01   2.6611643e+00   0.0000000e+00
   1.5000000e+01   1.0000000e+00   9.3550400e-01   8.2032500e-01   2.6611643e+00   0.0000000e+00
   1.6000000e+01   0.0000000e+00   4.6051800e-01   8.2032500e-01   2.6611643e+00   0.0000000e+00
   1.7000000e+01   1.0000000e+00   4.7132600e-01   8.2032500e-01   2.6611643e+00   1.0000000e+00
   1.8000000e+01   0.0000000e+00   5.8998900e-01   8.2032500e-01   2.6611643e+00   1.0000000e+00
   1.9000000e+01   1.0000000e+00   1.2584130e+00   8.2032500e-01   2.6611643e+00   1.0000000e+00
   2.0000000e+01   0.0000000e+00   7.0127800e-01   8.2032500e-01   2.6611643e+00   0.0000000e+00
   2.1000000e+01   0.0000000e+00   1.6690630e+00   8.2032500e-01   2.6611643e+00   1.0000000e+00
   2.2000000e+01   0.0000000e+00   1.9394280e+00   8.2032500e-01   2.6611643e+00   0.0000000e+00
   2.3000000e+01   0.0000000e+00   2.4827250e+00   8.2032500e-01   2.6611643e+00   0.0000000e+00
   2.4000000e+01   1.0000000e+00   7.4151100e-01   8.2032500e-01   2.6611643e+00   0.0000000e+00
   2.5000000e+01   0.0000000e+00   1.0548930e+00   8.2032500e-01   2.6611643e+00   0.0000000e+00
   2.6000000e+01   0.0000000e+00   1.0359110e+00   8.2032500e-01   2.6611643e+00   0.0000000e+00
   2.7000000e+01   1.0000000e+00   6.4426200e-01   8.2032500e-01   2.6611643e+00   1.0000000e+00
   2.8000000e+01   0.0000000e+00   5.8916100e-01   8.2032500e-01   2.6611643e+00   0.0000000e+00
   2.9000000e+01   0.0000000e+00   1.0920080e+00   8.2032500e-01   2.6611643e+00   1.0000000e+00
   3.0000000e+01   1.0000000e+00   7.7542100e-01   8.2032500e-01   2.6611643e+00   0.0000000e+00
   3.1000000e+01   1.0000000e+00   1.1208900e+00   8.2032500e-01   2.6611643e+00   1.0000000e+00
   3.2000000e+01   0.0000000e+00   4.5340400e-01   8.2032500e-01   2.6611643e+00   1.0000000e+00
   3.3000000e+01   0.0000000e+00   1.8945280e+00   8.2032500e-01   2.6611643e+00   1.0000000e+00
   3.4000000e+01   0.0000000e+00   1.4059200e+00   8.2032500e-01   2.6611643e+00   0.0000000e+00
   3.5000000e+01   1.0000000e+00   8.1992100e-01   8.2032500e-01   2.6611643e+00   0.0000000e+00
   3.6000000e+01   0.0000000e+00   5.3695800e-01   8.2032500e-01   2.6611643e+00   1.0000000e+00
   3.7000000e+01   0.0000000e+00   8.9520100e-01   8.2032500e-01   2.6611643e+00   1.0000000e+00
   3.8000000e+01   0.0000000e+00   1.0019430e+00   8.2032500e-01   2.6611643e+00   0.0000000e+00
   3.9000000e+01   0.0000000e+00   1.1464920e+00   8.2032500e-01   2.6611643e+00   1.0000000e+00
   4.0000000e+01   1.0000000e+00   1.2131650e+00   8.2032500e-01   2.6611643e+00   0.0000000e+00
   4.1000000e+01   0.0000000e+00   6.5304300e-01   8.2032500e-01   2.6611643e+00   1.0000000e+00
   4.2000000e+01   1.0000000e+00   5.4456800e-01   8.2032500e-01   2.6611643e+00   1.0000000e+00
   4.3000000e+01   1.0000000e+00   6.0020200e-01   8.2032500e-01   2.6611643e+00   0.0000000e+00
   4.4000000e+01   0.0000000e+00   1.6067420e+00   8.2032500e-01   2.6611643e+00   1.0000000e+00
   4.5000000e+01   0.0000000e+00   1.2943300e+00   8.2032500e-01   2.6611643e+00   0.0000000e+00
   4.6000000e+01   0.0000000e+00   1.3482850e+00   8.2032500e-01   2.6611643e+00   1.0000000e+00
   4.7000000e+01   0.0000000e+00   1.3391400e+00   8.2032500e-01   2.6611643e+00   0.0000000e+00
   4.8000000e+01   1.0000000e+00   5.5924400e-01   8.2032500e-01   2.6611643e+00   1.0000000e+00
   4.9000000e+01   0.0000000e+00   1.5988960e+00   8.2032500e-01   2.6611643e+00   1.0000000e+00
   5.0000000e+01   1.0000000e+00   5.8275200e-01   8.2032500e-01   2.6611643e+00   1.0000000e+00
   5.1000000e+01   0.0000000e+00   1.0644690e+00   8.2032500e-01   2.6611643e+00   0.0000000e+00
   5.2000000e+01   0.0000000e+00   1.1836140e+00   8.2032500e-01   2.6611643e+00   1.0000000e+00
   5.3000000e+01   0.0000000e+00   1.3418610e+00   8.2032500e-01   2.6611643e+00   1.0000000e+00
   5.4000000e+01   1.0000000e+00   1.1777120e+00   8.2032500e-01   2.6611643e+00   0.0000000e+00
   5.5000000e+01   0.0000000e+00   1.3020910e+00   8.2032500e-01   2.6611643e+00   1.0000000e+00
   5.6000000e+01   0.0000000e+00   5.0270700e-01   8.2032500e-01   2.6611643e+00   0.0000000e+00
   5.7000000e+01   0.0000000e+00   4.8596900e-01   8.2032500e-01   2.6611643e+00   0.0000000e+00
   5.8000000e+01   0.0000000e+00   1.4819320e+00   8.2032500e-01   2.6611643e+00   1.0000000e+00
   5.9000000e+01   0.0000000e+00   1.0959570e+00   8.2032500e-01   2.6611643e+00   0.0000000e+00
   6.0000000e+01   1.0000000e+00   5.1738300e-01   8.2032500e-01   2.6611643e+00   1.0000000e+00
   6.1000000e+01   0.0000000e+00   5.5998600e-01   8.2032500e-01   2.6611643e+00   0.0000000e+00
   6.2000000e+01   0.0000000e+00   1.0391940e+00   8.2032500e-01   2.6611643e+00   0.0000000e+00
   6.3000000e+01   0.0000000e+00   7.0219900e-01   8.2032500e-01   2.6611643e+00   0.0000000e+00
   6.4000000e+01   1.0000000e+00   1.2702390e+00   8.2032500e-01   2.6611643e+00   0.0000000e+00
   6.5000000e+01   0.0000000e+00   6.2502200e-01   8.2032500e-01   2.6611643e+00   1.0000000e+00
   6.6000000e+01   0.0000000e+00   1.0694000e+00   8.2032500e-01   2.6611643e+00   1.0000000e+00
   6.7000000e+01   0.0000000e+00   6.4365900e-01   8.2032500e-01   2.6611643e+00   0.0000000e+00
   6.8000000e+01   1.0000000e+00   2.3443870e+00   8.2032500e-01   2.6611643e+00   0.0000000e+00
   6.9000000e+01   0.0000000e+00   7.1494000e-01   8.2032500e-01   2.6611643e+00   1.0000000e+00
   7.0000000e+01   0.0000000e+00   1.6349460e+00   8.2032500e-01   2.6611643e+00   0.0000000e+00
   7.1000000e+01   0.0000000e+00   6.8902200e-01   8.2032500e-01   2.6611643e+00   0.0000000e+00
   7.2000000e+01   1.0000000e+00   5.9625500e-01   8.2032500e-01   2.6611643e+00   1.0000000e+00
   7.3000000e+01   1.0000000e+00   8.5539500e-01   8.2032500e-01   2.6611643e+00   1.0000000e+00
   7.4000000e+01   0.0000000e+00   6.6225800e-01   8.2032500e-01   2.6611643e+00   0.0000000e+00
   7.5000000e+01   1.0000000e+00   9.3042400e-01   8.2032500e-01   2.6611643e+00   0.0000000e+00
   7.6000000e+01   0.0000000e+00   5.4736600e-01   8.2032500e-01   2.6611643e+00   1.0000000e+00
   7.7000000e+01   0.0000000e+00   6.1552000e-01   8.2032500e-01   2.6611643e+00   1.0000000e+00
   7.8000000e+01   1.0000000e+00   6.2879400e-01   8.2032500e-01   2.6611643e+00   1.0000000e+00
   7.9000000e+01   0.0000000e+00   6.0493300e-01   8.2032500e-01   2.6611643e+00   0.0000000e+00
   8.0000000e+01   1.0000000e+00   7.1835300e-01   8.2032500e-01   2.6611643e+00   0.0000000e+00
   8.1000000e+01   0.0000000e+00   6.3846400e-01   8.2032500e-01   2.6611643e+00   1.0000000e+00
   8.2000000e+01   0.0000000e+00   9.7661300e-01   8.2032500e-01   2.6611643e+00   1.0000000e+00
   8.3000000e+01   1.0000000e+00   8.4121000e-01   8.2032500e-01   2.6611643e+00   0.0000000e+00
   8.4000000e+01   0.0000000e+00   6.4743500e-01   8.2032500e-01   2.6611643e+00   0.0000000e+00
   8.5000000e+01   0.0000000e+00   6.3731200e-01   8.2032500e-01   2.6611643e+00   1.0000000e+00
   8.6000000e+01   1.0000000e+00   1.9479270e+00   8.2032500e-01   2.6611643e+00   1.0000000e+00
   8.7000000e+01   0.0000000e+00   1.0334200e+00   8.2032500e-01   2.6611643e+00   1.0000000e+00
   8.8000000e+01   1.0000000e+00   5.3796700e-01   8.2032500e-01   2.6611643e+00   0.0000000e+00
   8.9000000e+01   0.0000000e+00   8.4461400e-01   8.2032500e-01   2.6611643e+00   0.0000000e+00
   9.0000000e+01   1.0000000e+00   5.4729200e-01   8.2032500e-01   2.6611643e+00   1.0000000e+00
   9.1000000e+01   0.0000000e+00   9.5442800e-01   8.2032500e-01   2.6611643e+00   1.0000000e+00
   9.2000000e+01   0.0000000e+00   6.9075600e-01   8.2032500e-01   2.6611643e+00   1.0000000e+00
   9.3000000e+01   0.0000000e+00   5.4598800e-01   8.2032500e-01   2.6611643e+00   0.0000000e+00
   9.4000000e+01   0.0000000e+00   7.7332100e-01   8.2032500e-01   2.6611643e+00   1.0000000e+00
   9.5000000e+01   0.0000000e+00   4.9201500e-01   8.2032500e-01   2.6611643e+00   0.0000000e+00
   9.6000000e+01   0.0000000e+00   4.8824700e-01   8.2032500e-01   2.6611643e+00   0.0000000e+00
   9.7000000e+01   0.0000000e+00   8.5349200e-01   8.2032500e-01   2.6611643e+00   1.0000000e+00
   9.8000000e+01   0.0000000e+00   6.2943700e-01   8.2032500e-01   2.6611643e+00   0.0000000e+00
   9.9000000e+01   0.0000000e+00   1.1277070e+00   8.2032500e-01   2.6611643e+00   1.0000000e+00
   1.0000000e+02   1.0000000e+00   1.2065630e+00   8.2032500e-01   2.6611643e+00   0.0000000e+00
   1.0100000e+02   0.0000000e+00   7.0018300e-01   8.2032500e-01   2.6611643e+00   0.0000000e+00
   1.0200000e+02   0.0000000e+00   7.0789000e-01   8.2032500e-01   2.6611643e+00   0.0000000e+00
   1.0300000e+02   0.0000000e+00   4.3644300e-01   8.2032500e-01   2.6611643e+00   1.0000000e+00
   1.0400000e+02   1.0000000e+00   8.3880400e-01   8.2032500e-01   2.6611643e+00   1.0000000e+00
   1.0500000e+02   0.0000000e+00   5.0486100e-01   8.2032500e-01   2.6611643e+00   0.0000000e+00
   1.0600000e+02   0.0000000e+00   1.8567740e+00   8.2032500e-01   2.6611643e+00   1.0000000e+00
   1.0700000e+02   0.0000000e+00   5.5057000e-01   8.2032500e-01   2.6611643e+00   0.0000000e+00
   1.0800000e+02   0.0000000e+00   4.6002400e-01   8.2032500e-01   2.6611643e+00   0.0000000e+00
   1.0900000e+02   1.0000000e+00   8.5735700e-01   8.2032500e-01   2.6611643e+00   1.0000000e+00
   1.1000000e+02   0.0000000e+00   9.8116500e-01   8.2032500e-01   2.6611643e+00   1.0000000e+00
   1.1100000e+02   0.0000000e+00   1.8887030e+00   8.2032500e-01   2.6611643e+00   1.0000000e+00
   1.1200000e+02   1.0000000e+00   5.7721200e-01   8.2032500e-01   2.6611643e+00   0.0000000e+00
   1.1300000e+02   0.0000000e+00   1.0793900e+00   8.2032500e-01   2.6611643e+00   1.0000000e+00
   1.1400000e+02   0.0000000e+00   2.4515780e+00   8.2032500e-01   2.6611643e+00   0.0000000e+00
   1.1500000e+02   1.0000000e+00   8.8841900e-01   8.2032500e-01   2.6611643e+00   1.0000000e+00
   1.1600000e+02   0.0000000e+00   8.4015500e-01   8.2032500e-01   2.6611643e+00   1.0000000e+00
   1.1700000e+02   0.0000000e+00   6.9454300e-01   8.2032500e-01   2.6611643e+00   0.0000000e+00
   1.1800000e+02   0.0000000e+00   6.9160400e-01   8.2032500e-01   2.6611643e+00   1.0000000e+00
   1.1900000e+02   0.0000000e+00   1.7124050e+00   8.2032500e-01   2.6611643e+00   0.0000000e+00
   1.2000000e+02   1.0000000e+00   5.0380000e-01   8.2032500e-01   2.6611643e+00   0.0000000e+00
   1.2100000e+02   0.0000000e+00   1.6591660e+00   8.2032500e-01   2.6611643e+00   1.0000000e+00
   1.2200000e+02   1.0000000e+00   8.8960300e-01   8.2032500e-01   2.6611643e+00   0.0000000e+00
   1.2300000e+02   0.0000000e+00   7.7412600e-01   8.2032500e-01   2.6611643e+00   1.0000000e+00
   1.2400000e+02   0.0000000e+00   6.2002000e-01   8.2032500e-01   2.6611643e+00   0.0000000e+00
   1.2500000e+02   0.0000000e+00   5.2276600e-01   8.2032500e-01   2.6611643e+00   0.0000000e+00
   1.2600000e+02   1.0000000e+00   1.2785730e+00   8.2032500e-01   2.6611643e+00   1.0000000e+00
   1.2700000e+02   0.0000000e+00   7.6798100e-01   8.2032500e-01   2.6611643e+00   0.0000000e+00
   1.2800000e+02   1.0000000e+00   4.5040700e-01   8.2032500e-01   2.6611643e+00   0.0000000e+00
   1.2900000e+02   0.0000000e+00   5.5574200e-01   8.2032500e-01   2.6611643e+00   0.0000000e+00
   1.3000000e+02   1.0000000e+00   8.1601400e-01   8.2032500e-01   2.6611643e+00   1.0000000e+00
   1.3100000e+02   0.0000000e+00   1.5647110e+00   8.2032500e-01   2.6611643e+00   0.0000000e+00
   1.3200000e+02   0.0000000e+00   8.0324500e-01   8.2032500e-01   2.6611643e+00   1.0000000e+00
   1.3300000e+02   0.0000000e+00   2.4012400e+00   8.2032500e-01   2.6611643e+00   0.0000000e+00
   1.3400000e+02   0.0000000e+00   7.7448100e-01   8.2032500e-01   2.6611643e+00   1.0000000e+00
   1.3500000e+02   1.0000000e+00   5.5076900e-01   8.2032500e-01   2.6611643e+00   1.0000000e+00
   1.3600000e+02   1.0000000e+00   7.9823500e-01   8.2032500e-01   2.6611643e+00   0.0000000e+00
