1	0	2.580607	0.831165	2.7357626325	1
2	0	0.640364	0.831165	2.7357626325	0
3	0	0.594229	0.831165	2.7357626325	0
4	0	1.678437	0.831165	2.7357626325	1
5	1	1.016992	0.831165	2.7357626325	1
6	0	0.604696	0.831165	2.7357626325	1
7	0	0.533141	0.831165	2.7357626325	1
8	0	0.547353	0.831165	2.7357626325	1
9	1	1.017630	0.831165	2.7357626325	0
10	0	1.233085	0.831165	2.7357626325	0
11	0	0.640046	0.831165	2.7357626325	0
12	0	1.401496	0.831165	2.7357626325	1
13	1	0.525512	0.831165	2.7357626325	1
14	0	1.127000	0.831165	2.7357626325	0
15	0	0.801779	0.831165	2.7357626325	0
16	0	0.718037	0.831165	2.7357626325	0
17	0	1.000371	0.831165	2.7357626325	1
18	0	0.655995	0.831165	2.7357626325	1
19	1	0.872083	0.831165	2.7357626325	0
20	0	1.491114	0.831165	2.7357626325	1
21	0	0.860774	0.831165	2.7357626325	0
22	1	1.359877	0.831165	2.7357626325	0
23	1	0.809248	0.831165	2.7357626325	1
24	0	0.875735	0.831165	2.7357626325	0
25	0	2.272311	0.831165	2.7357626325	1
26	1	0.819877	0.831165	2.7357626325	0
27	0	0.652024	0.831165	2.7357626325	1
28	0	1.471251	0.831165	2.7357626325	1
29	1	0.569015	0.831165	2.7357626325	1
30	0	0.783090	0.831165	2.7357626325	0
31	1	0.560048	0.831165	2.7357626325	0
32	0	2.411840	0.831165	2.7357626325	0
33	1	1.045201	0.831165	2.7357626325	1
34	0	0.678314	0.831165	2.7357626325	0
35	0	1.032955	0.831165	2.7357626325	0
36	0	0.982161	0.831165	2.7357626325	1
37	0	0.731617	0.831165	2.7357626325	1
38	0	1.082600	0.831165	2.7357626325	0
39	0	1.030750	0.831165	2.7357626325	1
40	1	0.809893	0.831165	2.7357626325	1
41	0	2.348380	0.831165	2.7357626325	0
42	0	0.917080	0.831165	2.7357626325	1
43	1	0.753810	0.831165	2.7357626325	0
44	0	0.947679	0.831165	2.7357626325	1
45	0	0.777325	0.831165	2.7357626325	0
46	0	0.708414	0.831165	2.7357626325	1
47	1	0.665555	0.831165	2.7357626325	1
48	0	1.244957	0.831165	2.7357626325	0
49	1	1.035038	0.831165	2.7357626325	0
50	0	0.537360	0.831165	2.7357626325	0
51	0	1.055376	0.831165	2.7357626325	1
52	0	1.388622	0.831165	2.7357626325	0
53	1	0.750919	0.831165	2.7357626325	0
54	0	0.617116	0.831165	2.7357626325	0
55	0	0.716351	0.831165	2.7357626325	1
56	1	0.792580	0.831165	2.7357626325	1
57	0	0.930057	0.831165	2.7357626325	1
58	1	0.926136	0.831165	2.7357626325	0
59	0	0.633050	0.831165	2.7357626325	0
60	0	0.935527	0.831165	2.7357626325	0
61	0	0.843618	0.831165	2.7357626325	0
62	1	0.522605	0.831165	2.7357626325	1
63	0	0.565229	0.831165	2.7357626325	1
64	1	0.511895	0.831165	2.7357626325	1
65	0	0.501589	0.831165	2.7357626325	1
66	0	0.540477	0.831165	2.7357626325	1
67	0	1.327023	0.831165	2.7357626325	0
68	0	0.526976	0.831165	2.7357626325	0
69	1	0.692070	0.831165	2.7357626325	0
70	0	0.828744	0.831165	2.7357626325	0
71	0	0.568187	0.831165	2.7357626325	1
72	0	1.190873	0.831165	2.7357626325	0
73	1	2.075434	0.831165	2.7357626325	0
74	0	0.737169	0.831165	2.7357626325	0
75	1	0.906863	0.831165	2.7357626325	1
76	0	2.004430	0.831165	2.7357626325	0
77	0	1.756184	0.831165	2.7357626325	0
78	0	0.683973	0.831165	2.7357626325	0
79	0	0.614349	0.831165	2.7357626325	1
80	1	1.294460	0.831165	2.7357626325	0
81	0	0.526799	0.831165	2.7357626325	0
82	0	1.592104	0.831165	2.7357626325	1
83	0	2.133071	0.831165	2.7357626325	1
84	0	0.551257	0.831165	2.7357626325	0
85	1	0.768833	0.831165	2.7357626325	1
86	0	1.520134	0.831165	2.7357626325	0
87	1	1.185254	0.831165	2.7357626325	1
88	0	1.893495	0.831165	2.7357626325	0
89	0	0.694583	0.831165	2.7357626325	1
90	0	0.679024	0.831165	2.7357626325	1
91	1	1.284746	0.831165	2.7357626325	0
92	0	0.557626	0.831165	2.7357626325	1
93	1	0.685991	0.831165	2.7357626325	1
94	0	0.647641	0.831165	2.7357626325	1
95	0	1.960050	0.831165	2.7357626325	0
96	0	2.228378	0.831165	2.7357626325	1
97	0	0.698805	0.831165	2.7357626325	1
98	0	0.607769	0.831165	2.7357626325	0
99	0	2.071390	0.831165	2.7357626325	1
100	1	0.971778	0.831165	2.7357626325	0
101	0	0.655119	0.831165	2.7357626325	1
102	1	0.968132	0.831165	2.7357626325	1
103	0	0.680847	0.831165	2.7357626325	0
104	1	0.673299	0.831165	2.7357626325	0
105	0	0.611255	0.831165	2.7357626325	1
106	0	1.241595	0.831165	2.7357626325	1
107	1	0.622109	0.831165	2.7357626325	0
108	0	0.938332	0.831165	2.7357626325	0
109	1	1.033414	0.831165	2.7357626325	1
110	0	1.013676	0.831165	2.7357626325	0
111	0	2.193651	0.831165	2.7357626325	1
112	0	0.703748	0.831165	2.7357626325	0
113	0	0.680344	0.831165	2.7357626325	0
114	1	1.107223	0.831165	2.7357626325	0
115	0	0.634414	0.831165	2.7357626325	1
116	1	0.751478	0.831165	2.7357626325	1
117	1	0.614880	0.831165	2.7357626325	1
118	0	1.356371	0.831165	2.7357626325	0
119	1	1.275996	0.831165	2.7357626325	0
120	0	0.743130	0.831165	2.7357626325	1
121	0	1.440221	0.831165	2.7357626325	1
122	0	1.433824	0.831165	2.7357626325	1
123	0	1.259251	0.831165	2.7357626325	1
124	0	0.624506	0.831165	2.7357626325	0
125	0	0.763211	0.831165	2.7357626325	1
126	0	1.149917	0.831165	2.7357626325	1
127	0	1.236391	0.831165	2.7357626325	0
128	1	0.868925	0.831165	2.7357626325	1
129	1	0.845810	0.831165	2.7357626325	0
130	0	0.545746	0.831165	2.7357626325	0
131	0	1.378766	0.831165	2.7357626325	1
132	0	0.703489	0.831165	2.7357626325	1
133	0	0.548040	0.831165	2.7357626325	0
134	0	0.735390	0.831165	2.7357626325	0
135	1	0.515874	0.831165	2.7357626325	0
136	1	2.300874	0.831165	2.7357626325	1
