1	0	1.413640	0.837349	3.1458547979	1
2	0	0.575765	0.837349	3.1458547979	0
3	1	0.593151	0.837349	3.1458547979	0
4	0	0.717394	0.837349	3.1458547979	1
5	1	0.752830	0.837349	3.1458547979	1
6	1	0.525809	0.837349	3.1458547979	0
7	0	1.243240	0.837349	3.1458547979	1
8	0	2.394361	0.837349	3.1458547979	1
9	0	0.602375	0.837349	3.1458547979	1
10	0	0.582882	0.837349	3.1458547979	1
11	1	1.446016	0.837349	3.1458547979	1
12	0	1.102376	0.837349	3.1458547979	0
13	1	1.327566	0.837349	3.1458547979	1
14	0	0.552431	0.837349	3.1458547979	0
15	0	0.501853	0.837349	3.1458547979	0
16	0	1.172181	0.837349	3.1458547979	0
17	0	1.012489	0.837349	3.1458547979	1
18	0	1.507508	0.837349	3.1458547979	0
19	0	0.650465	0.837349	3.1458547979	1
20	1	0.790634	0.837349	3.1458547979	0
21	0	0.724835	0.837349	3.1458547979	0
22	0	0.739574	0.837349	3.1458547979	0
23	1	0.764593	0.837349	3.1458547979	1
24	0	1.175003	0.837349	3.1458547979	0
25	1	1.199836	0.837349	3.1458547979	0
26	0	0.919554	0.837349	3.1458547979	0
27	1	0.596925	0.837349	3.1458547979	1
28	0	1.215374	0.837349	3.1458547979	1
29	0	1.390563	0.837349	3.1458547979	1
30	1	0.767781	0.837349	3.1458547979	0
31	0	2.057718	0.837349	3.1458547979	1
32	0	0.569530	0.837349	3.1458547979	0
33	0	0.516566	0.837349	3.1458547979	1
34	1	0.876690	0.837349	3.1458547979	0
35	0	2.388366	0.837349	3.1458547979	1
36	0	0.856329	0.837349	3.1458547979	0
37	0	1.408823	0.837349	3.1458547979	0
38	0	0.749467	0.837349	3.1458547979	1
39	1	1.021679	0.837349	3.1458547979	1
40	0	1.927579	0.837349	3.1458547979	1
41	0	0.677585	0.837349	3.1458547979	1
42	0	0.764820	0.837349	3.1458547979	1
43	0	0.607973	0.837349	3.1458547979	0
44	1	0.785409	0.837349	3.1458547979	0
45	0	0.566559	0.837349	3.1458547979	0
46	1	0.522862	0.837349	3.1458547979	1
47	1	1.500615	0.837349	3.1458547979	1
48	0	0.779910	0.837349	3.1458547979	0
49	0	1.307197	0.837349	3.1458547979	1
50	1	1.187419	0.837349	3.1458547979	0
51	0	0.793880	0.837349	3.1458547979	0
52	0	0.606662	0.837349	3.1458547979	0
53	0	0.995697	0.837349	3.1458547979	1
54	0	0.598664	0.837349	3.1458547979	0
55	0	0.647641	0.837349	3.1458547979	1
56	1	0.768064	0.837349	3.1458547979	1
57	0	1.996812	0.837349	3.1458547979	0
58	0	1.398719	0.837349	3.1458547979	0
59	0	0.637633	0.837349	3.1458547979	0
60	1	0.776291	0.837349	3.1458547979	0
61	0	0.670175	0.837349	3.1458547979	1
62	1	0.969545	0.837349	3.1458547979	0
63	0	1.290750	0.837349	3.1458547979	0
64	0	1.597015	0.837349	3.1458547979	0
65	1	0.696997	0.837349	3.1458547979	1
66	0	1.410213	0.837349	3.1458547979	1
67	1	0.657223	0.837349	3.1458547979	1
68	0	2.014109	0.837349	3.1458547979	1
69	0	0.679657	0.837349	3.1458547979	1
70	1	0.515266	0.837349	3.1458547979	0
71	0	1.856836	0.837349	3.1458547979	1
72	1	0.793952	0.837349	3.1458547979	1
73	0	0.606153	0.837349	3.1458547979	1
74	0	1.449144	0.837349	3.1458547979	1
75	0	0.544896	0.837349	3.1458547979	1
76	0	1.790958	0.837349	3.1458547979	0
77	1	1.516610	0.837349	3.1458547979	0
78	0	3.187937	0.837349	3.1458547979	0
79	1	1.762661	0.837349	3.1458547979	0
80	0	1.117486	0.837349	3.1458547979	0
81	0	1.152414	0.837349	3.1458547979	0
82	0	0.537485	0.837349	3.1458547979	0
83	0	1.538089	0.837349	3.1458547979	1
84	0	0.683979	0.837349	3.1458547979	0
85	0	0.813154	0.837349	3.1458547979	1
86	0	0.855677	0.837349	3.1458547979	1
87	1	0.559696	0.837349	3.1458547979	1
88	0	0.552544	0.837349	3.1458547979	0
89	1	0.936986	0.837349	3.1458547979	0
90	0	1.051500	0.837349	3.1458547979	0
91	0	1.018909	0.837349	3.1458547979	1
92	0	2.320004	0.837349	3.1458547979	0
93	0	0.576011	0.837349	3.1458547979	0
94	0	0.628940	0.837349	3.1458547979	0
95	1	0.767673	0.837349	3.1458547979	1
96	0	1.711859	0.837349	3.1458547979	1
97	1	0.921456	0.837349	3.1458547979	0
98	0	1.445111	0.837349	3.1458547979	0
99	0	1.315150	0.837349	3.1458547979	1
100	0	0.519099	0.837349	3.1458547979	1
101	1	0.636112	0.837349	3.1458547979	1
102	0	0.681199	0.837349	3.1458547979	1
103	1	0.747091	0.837349	3.1458547979	1
104	0	0.566311	0.837349	3.1458547979	1
105	0	0.646756	0.837349	3.1458547979	1
106	0	1.194746	0.837349	3.1458547979	1
107	0	0.990269	0.837349	3.1458547979	1
108	0	0.997605	0.837349	3.1458547979	1
109	1	0.782832	0.837349	3.1458547979	0
110	0	1.756717	0.837349	3.1458547979	0
111	0	0.622735	0.837349	3.1458547979	1
112	0	0.592854	0.837349	3.1458547979	0
113	0	1.158428	0.837349	3.1458547979	1
114	0	0.542726	0.837349	3.1458547979	0
115	1	0.548911	0.837349	3.1458547979	1
116	0	0.817810	0.837349	3.1458547979	0
117	0	0.701491	0.837349	3.1458547979	0
118	0	0.798158	0.837349	3.1458547979	0
119	1	0.607401	0.837349	3.1458547979	0
120	0	0.866046	0.837349	3.1458547979	0
121	0	1.403759	0.837349	3.1458547979	1
122	0	0.801807	0.837349	3.1458547979	0
123	0	0.580006	0.837349	3.1458547979	0
124	1	1.579024	0.837349	3.1458547979	0
125	0	0.975922	0.837349	3.1458547979	0
126	0	1.887455	0.837349	3.1458547979	1
127	1	0.880150	0.837349	3.1458547979	1
128	1	0.553774	0.837349	3.1458547979	0
129	0	1.393733	0.837349	3.1458547979	0
130	0	0.922648	0.837349	3.1458547979	1
131	1	0.828148	0.837349	3.1458547979	1
132	0	0.696104	0.837349	3.1458547979	1
133	1	1.047633	0.837349	3.1458547979	1
134	0	0.566312	0.837349	3.1458547979	0
135	1	0.674989	0.837349	3.1458547979	0
136	0	0.666863	0.837349	3.1458547979	1
