1	0	0.793451	0.832687	3.2685443331	0
2	0	0.690433	0.832687	3.2685443331	1
3	0	1.391796	0.832687	3.2685443331	0
4	1	0.595227	0.832687	3.2685443331	1
5	0	1.191461	0.832687	3.2685443331	0
6	0	0.689895	0.832687	3.2685443331	1
7	1	0.657064	0.832687	3.2685443331	0
8	0	0.635385	0.832687	3.2685443331	1
9	1	0.837138	0.832687	3.2685443331	1
10	0	0.693091	0.832687	3.2685443331	1
11	1	0.732651	0.832687	3.2685443331	0
12	0	1.557209	0.832687	3.2685443331	1
13	0	0.550245	0.832687	3.2685443331	1
14	0	1.202785	0.832687	3.2685443331	0
15	1	0.563599	0.832687	3.2685443331	0
16	0	0.542237	0.832687	3.2685443331	1
17	0	0.869528	0.832687	3.2685443331	1
18	0	0.950446	0.832687	3.2685443331	0
19	0	1.582170	0.832687	3.2685443331	1
20	1	0.501316	0.832687	3.2685443331	1
21	0	0.777031	0.832687	3.2685443331	0
22	0	0.817753	0.832687	3.2685443331	0
23	0	1.095293	0.832687	3.2685443331	1
24	0	0.687895	0.832687	3.2685443331	0
25	1	0.810822	0.832687	3.2685443331	0
26	1	1.249651	0.832687	3.2685443331	1
27	0	0.848430	0.832687	3.2685443331	1
28	0	1.114883	0.832687	3.2685443331	1
29	1	3.984494	0.832687	3.2685443331	0
30	0	0.710538	0.832687	3.2685443331	0
31	0	1.502152	0.832687	3.2685443331	0
32	0	1.505550	0.832687	3.2685443331	0
33	0	1.368266	0.832687	3.2685443331	0
34	0	0.695949	0.832687	3.2685443331	1
35	0	1.044655	0.832687	3.2685443331	0
36	0	0.743156	0.832687	3.2685443331	1
37	0	0.713801	0.832687	3.2685443331	1
38	0	1.113199	0.832687	3.2685443331	1
39	1	0.960695	0.832687	3.2685443331	1
40	0	0.716733	0.832687	3.2685443331	0
41	1	0.969186	0.832687	3.2685443331	1
42	0	0.671398	0.832687	3.2685443331	0
43	0	0.561295	0.832687	3.2685443331	0
44	1	1.016370	0.832687	3.2685443331	0
45	0	0.872110	0.832687	3.2685443331	1
46	1	0.549810	0.832687	3.2685443331	1
47	0	1.128607	0.832687	3.2685443331	0
48	1	0.790857	0.832687	3.2685443331	0
49	0	1.526130	0.832687	3.2685443331	0
50	1	0.971284	0.832687	3.2685443331	0
51	0	1.135526	0.832687	3.2685443331	1
52	0	1.551797	0.832687	3.2685443331	1
53	0	0.513396	0.832687	3.2685443331	0
54	1	1.594802	0.832687	3.2685443331	1
55	1	1.977969	0.832687	3.2685443331	0
56	0	0.806202	0.832687	3.2685443331	0
57	0	0.578291	0.832687	3.2685443331	0
58	0	0.505215	0.832687	3.2685443331	0
59	0	0.906567	0.832687	3.2685443331	0
60	0	0.823995	0.832687	3.2685443331	1
61	1	1.515882	0.832687	3.2685443331	1
62	0	1.296968	0.832687	3.2685443331	1
63	0	0.642104	0.832687	3.2685443331	1
64	0	0.750602	0.832687	3.2685443331	0
65	1	0.648762	0.832687	3.2685443331	1
66	0	0.960613	0.832687	3.2685443331	1
67	0	0.767953	0.832687	3.2685443331	1
68	0	0.916014	0.832687	3.2685443331	0
69	1	2.405722	0.832687	3.2685443331	0
70	0	0.535468	0.832687	3.2685443331	0
71	1	0.503744	0.832687	3.2685443331	0
72	0	0.983636	0.832687	3.2685443331	0
73	0	0.751229	0.832687	3.2685443331	1
74	1	0.693472	0.832687	3.2685443331	1
75	0	2.770854	0.832687	3.2685443331	0
76	0	1.261233	0.832687	3.2685443331	1
77	0	2.684329	0.832687	3.2685443331	0
78	0	1.099804	0.832687	3.2685443331	1
79	0	0.743267	0.832687	3.2685443331	1
80	1	0.877497	0.832687	3.2685443331	0
81	0	0.705903	0.832687	3.2685443331	1
82	1	0.503802	0.832687	3.2685443331	1
83	0	0.715199	0.832687	3.2685443331	0
84	1	0.697663	0.832687	3.2685443331	1
85	0	0.741250	0.832687	3.2685443331	0
86	0	1.476014	0.832687	3.2685443331	0
87	0	1.045012	0.832687	3.2685443331	1
88	1	2.230178	0.832687	3.2685443331	0
89	1	0.996524	0.832687	3.2685443331	1
90	0	1.032552	0.832687	3.2685443331	1
91	0	0.885446	0.832687	3.2685443331	0
92	0	1.435016	0.832687	3.2685443331	1
93	0	1.001980	0.832687	3.2685443331	0
94	0	1.072108	0.832687	3.2685443331	1
95	0	0.897013	0.832687	3.2685443331	0
96	1	1.252171	0.832687	3.2685443331	0
97	0	0.566873	0.832687	3.2685443331	0
98	0	0.975423	0.832687	3.2685443331	1
99	1	0.865424	0.832687	3.2685443331	1
100	0	1.143393	0.832687	3.2685443331	1
101	0	1.092405	0.832687	3.2685443331	0
102	0	0.885616	0.832687	3.2685443331	1
103	0	1.084570	0.832687	3.2685443331	1
104	1	1.270667	0.832687	3.2685443331	0
105	0	0.527344	0.832687	3.2685443331	0
106	1	1.101126	0.832687	3.2685443331	0
107	0	0.563583	0.832687	3.2685443331	1
108	1	1.382657	0.832687	3.2685443331	1
109	0	1.270234	0.832687	3.2685443331	0
110	0	1.006362	0.832687	3.2685443331	1
111	1	0.633938	0.832687	3.2685443331	0
112	0	1.118351	0.832687	3.2685443331	0
113	0	0.894466	0.832687	3.2685443331	0
114	0	1.049487	0.832687	3.2685443331	1
115	1	1.069606	0.832687	3.2685443331	1
116	0	0.701652	0.832687	3.2685443331	1
117	0	0.881234	0.832687	3.2685443331	0
118	0	1.163891	0.832687	3.2685443331	1
119	0	0.509697	0.832687	3.2685443331	0
120	0	1.146027	0.832687	3.2685443331	0
121	1	1.053417	0.832687	3.2685443331	1
122	0	0.781055	0.832687	3.2685443331	1
123	1	0.623834	0.832687	3.2685443331	0
124	0	1.107773	0.832687	3.2685443331	0
125	0	0.533711	0.832687	3.2685443331	1
126	1	0.597877	0.832687	3.2685443331	1
127	0	0.596529	0.832687	3.2685443331	0
128	0	0.521922	0.832687	3.2685443331	1
129	1	1.552187	0.832687	3.2685443331	0
130	0	0.562110	0.832687	3.2685443331	1
131	0	1.332041	0.832687	3.2685443331	1
132	0	1.027767	0.832687	3.2685443331	0
133	0	1.047257	0.832687	3.2685443331	1
134	0	0.661269	0.832687	3.2685443331	0
135	1	1.444253	0.832687	3.2685443331	0
136	1	1.017110	0.832687	3.2685443331	1
