1	0	2.744807	0.821407	2.9763274924	1
2	0	0.911287	0.821407	2.9763274924	1
3	0	0.716872	0.821407	2.9763274924	0
4	1	3.474833	0.821407	2.9763274924	1
5	0	0.738177	0.821407	2.9763274924	0
6	1	0.550737	0.821407	2.9763274924	0
7	0	0.544340	0.821407	2.9763274924	0
8	0	0.756855	0.821407	2.9763274924	1
9	0	1.277131	0.821407	2.9763274924	1
10	1	0.756533	0.821407	2.9763274924	1
11	0	0.860500	0.821407	2.9763274924	0
12	1	0.958382	0.821407	2.9763274924	0
13	0	1.645506	0.821407	2.9763274924	1
14	0	0.558160	0.821407	2.9763274924	1
15	0	1.589116	0.821407	2.9763274924	1
16	1	0.739614	0.821407	2.9763274924	0
17	0	0.894103	0.821407	2.9763274924	0
18	1	0.730424	0.821407	2.9763274924	1
19	0	0.572786	0.821407	2.9763274924	1
20	1	0.658836	0.821407	2.9763274924	0
21	0	1.281850	0.821407	2.9763274924	0
22	0	1.236573	0.821407	2.9763274924	0
23	0	0.666914	0.821407	2.9763274924	0
24	0	0.606407	0.821407	2.9763274924	1
25	1	0.523260	0.821407	2.9763274924	1
26	0	0.944245	0.821407	2.9763274924	0
27	0	0.897527	0.821407	2.9763274924	1
28	0	0.602715	0.821407	2.9763274924	1
29	0	1.070285	0.821407	2.9763274924	0
30	1	0.870256	0.821407	2.9763274924	0
31	0	2.145228	0.821407	2.9763274924	0
32	1	0.633544	0.821407	2.9763274924	1
33	0	0.528100	0.821407	2.9763274924	0
34	1	0.549273	0.821407	2.9763274924	1
35	0	2.588040	0.821407	2.9763274924	1
36	0	0.820980	0.821407	2.9763274924	0
37	1	0.856800	0.821407	2.9763274924	0
38	0	0.572678	0.821407	2.9763274924	0
39	0	0.945843	0.821407	2.9763274924	0
40	1	1.225862	0.821407	2.9763274924	1
41	0	0.814432	0.821407	2.9763274924	1
42	1	0.580009	0.821407	2.9763274924	0
43	0	0.771175	0.821407	2.9763274924	0
44	1	0.614896	0.821407	2.9763274924	0
45	0	0.505930	0.821407	2.9763274924	1
46	0	0.916572	0.821407	2.9763274924	1
47	0	1.158127	0.821407	2.9763274924	0
48	1	1.124934	0.821407	2.9763274924	1
49	0	0.661932	0.821407	2.9763274924	0
50	0	2.077645	0.821407	2.9763274924	1
51	0	0.728722	0.821407	2.9763274924	0
52	1	0.511287	0.821407	2.9763274924	0
53	1	2.025056	0.821407	2.9763274924	1
54	0	0.546831	0.821407	2.9763274924	1
55	0	0.739322	0.821407	2.9763274924	0
56	1	1.646380	0.821407	2.9763274924	1
57	0	0.744909	0.821407	2.9763274924	0
58	0	0.578406	0.821407	2.9763274924	1
59	0	0.516975	0.821407	2.9763274924	1
60	0	0.649763	0.821407	2.9763274924	1
61	0	1.757973	0.821407	2.9763274924	1
62	1	0.703985	0.821407	2.9763274924	0
63	0	0.607926	0.821407	2.9763274924	1
64	0	1.231119	0.821407	2.9763274924	1
65	0	0.500639	0.821407	2.9763274924	0
66	0	0.518918	0.821407	2.9763274924	1
67	1	0.960745	0.821407	2.9763274924	0
68	0	0.774064	0.821407	2.9763274924	0
69	1	1.505861	0.821407	2.9763274924	1
70	0	0.675316	0.821407	2.9763274924	0
71	1	2.507629	0.821407	2.9763274924	0
72	0	2.822577	0.821407	2.9763274924	1
73	0	0.659113	0.821407	2.9763274924	0
74	0	0.846967	0.821407	2.9763274924	1
75	0	1.309950	0.821407	2.9763274924	0
76	1	1.096889	0.821407	2.9763274924	1
77	1	0.649583	0.821407	2.9763274924	1
78	0	0.776550	0.821407	2.9763274924	0
79	1	1.801592	0.821407	2.9763274924	0
80	0	0.937635	0.821407	2.9763274924	0
81	0	0.642089	0.821407	2.9763274924	1
82	0	0.610772	0.821407	2.9763274924	1
83	0	1.095267	0.821407	2.9763274924	1
84	0	0.540365	0.821407	2.9763274924	0
85	0	0.743841	0.821407	2.9763274924	0
86	0	0.677965	0.821407	2.9763274924	0
87	1	0.655598	0.821407	2.9763274924	1
88	0	2.082635	0.821407	2.9763274924	1
89	0	2.663020	0.821407	2.9763274924	0
90	0	0.538245	0.821407	2.9763274924	0
91	0	0.905552	0.821407	2.9763274924	1
92	0	0.561092	0.821407	2.9763274924	1
93	1	0.765533	0.821407	2.9763274924	0
94	0	0.532466	0.821407	2.9763274924	0
95	0	1.067322	0.821407	2.9763274924	1
96	0	1.169235	0.821407	2.9763274924	0
97	0	0.968530	0.821407	2.9763274924	0
98	0	1.615600	0.821407	2.9763274924	1
99	0	1.761880	0.821407	2.9763274924	1
100	1	0.740376	0.821407	2.9763274924	1
101	0	0.709368	0.821407	2.9763274924	1
102	1	0.724695	0.821407	2.9763274924	0
103	0	1.821084	0.821407	2.9763274924	1
104	1	1.322005	0.821407	2.9763274924	0
105	0	0.744161	0.821407	2.9763274924	1
106	0	0.512434	0.821407	2.9763274924	1
107	0	0.577506	0.821407	2.9763274924	1
108	1	1.652527	0.821407	2.9763274924	1
109	0	0.834044	0.821407	2.9763274924	0
110	0	0.684483	0.821407	2.9763274924	0
111	0	0.930062	0.821407	2.9763274924	1
112	0	0.803503	0.821407	2.9763274924	0
113	0	0.822803	0.821407	2.9763274924	0
114	1	0.535456	0.821407	2.9763274924	0
115	1	0.935700	0.821407	2.9763274924	1
116	0	0.930404	0.821407	2.9763274924	0
117	1	1.154136	0.821407	2.9763274924	1
118	0	0.804956	0.821407	2.9763274924	1
119	1	0.601744	0.821407	2.9763274924	0
120	0	0.711639	0.821407	2.9763274924	0
121	0	0.667858	0.821407	2.9763274924	0
122	0	0.761812	0.821407	2.9763274924	0
123	0	0.565594	0.821407	2.9763274924	0
124	1	0.570965	0.821407	2.9763274924	1
125	0	1.292889	0.821407	2.9763274924	0
126	0	0.538573	0.821407	2.9763274924	1
127	1	1.010398	0.821407	2.9763274924	0
128	0	0.619802	0.821407	2.9763274924	0
129	0	0.753995	0.821407	2.9763274924	1
130	0	1.456840	0.821407	2.9763274924	1
131	0	2.355237	0.821407	2.9763274924	1
132	0	0.708569	0.821407	2.9763274924	1
133	0	0.772392	0.821407	2.9763274924	0
134	0	0.792246	0.821407	2.9763274924	1
135	1	1.931259	0.821407	2.9763274924	0
136	1	1.247764	0.821407	2.9763274924	1
