   1.0000000e+00   0.0000000e+00   9.9548900e-01   8.3144100e-01   3.3145510e+00   1.0000000e+00
   2.0000000e+00   0.0000000e+00   8.4225600e-01   8.3144100e-01   3.3145510e+00   1.0000000e+00
   3.0000000e+00   0.0000000e+00   4.9447300e-01   8.3144100e-01   3.3145510e+00   1.0000000e+00
   4.0000000e+00   0.0000000e+00   5.1778500e-01   8.3144100e-01   3.3145510e+00   1.0000000e+00
   5.0000000e+00   1.0000000e+00   1.1567590e+00   8.3144100e-01   3.3145510e+00   0.0000000e+00
   6.0000000e+00   0.0000000e+00   1.1063050e+00   8.3144100e-01   3.3145510e+00   1.0000000e+00
   7.0000000e+00   1.0000000e+00   5.2061500e-01   8.3144100e-01   3.3145510e+00   1.0000000e+00
   8.0000000e+00   0.0000000e+00   7.0747900e-01   8.3144100e-01   3.3145510e+00   0.0000000e+00
   9.0000000e+00   0.0000000e+00   2.6600750e+00   8.3144100e-01   3.3145510e+00   0.0000000e+00
   1.0000000e+01   0.0000000e+00   8.8110700e-01   8.3144100e-01   3.3145510e+00   0.0000000e+00
   1.1000000e+01   0.0000000e+00   9.6457000e-01   8.3144100e-01   3.3145510e+00   0.0000000e+00
   1.2000000e+01   1.0000000e+00   5.7388100e-01   8.3144100e-01   3.3145510e+00   0.0000000e+00
   1.3000000e+01   0.0000000e+00   1.0007780e+00   8.3144100e-01   3.3145510e+00   0.0000000e+00
   1.4000000e+01   0.0000000e+00   1.0736140e+00   8.3144100e-01   3.3145510e+00   1.0000000e+00
   1.5000000e+01   0.0000000e+00   1.0997060e+00   8.3144100e-01   3.3145510e+00   1.0000000e+00
   1.6000000e+01   1.0000000e+00   5.3519100e-01   8.3144100e-01   3.3145510e+00   1.0000000e+00
   1.7000000e+01   0.0000000e+00   4.6527200e-01   8.3144100e-01   3.3145510e+00   1.0000000e+00
   1.8000000e+01   1.0000000e+00   5.0589100e-01   8.3144100e-01   3.3145510e+00   1.0000000e+00
   1.9000000e+01   0.0000000e+00   6.2809300e-01   8.3144100e-01   3.3145510e+00   0.0000000e+00
   2.0000000e+01   0.0000000e+00   1.4128400e+00   8.3144100e-01   3.3145510e+00   0.0000000e+00
   2.1000000e+01   0.0000000e+00   1.0802420e+00   8.3144100e-01   3.3145510e+00   0.0000000e+00
   2.2000000e+01   1.0000000e+00   1.4753650e+00   8.3144100e-01   3.3145510e+00   0.0000000e+00
   2.3000000e+01   0.0000000e+00   4.9799700e-01   8.3144100e-01   3.3145510e+00   1.0000000e+00
   2.4000000e+01   0.0000000e+00   1.1286320e+00   8.3144100e-01   3.3145510e+00   1.0000000e+00
   2.5000000e+01   0.0000000e+00   4.8058500e-01   8.3144100e-01   3.3145510e+00   0.0000000e+00
   2.6000000e+01   0.0000000e+00   8.9426000e-01   8.3144100e-01   3.3145510e+00   1.0000000e+00
   2.7000000e+01   1.0000000e+00   6.6491600e-01   8.3144100e-01   3.3145510e+00   1.0000000e+00
   2.8000000e+01   0.0000000e+00   5.4872500e-01   8.3144100e-01   3.3145510e+00   0.0000000e+00
   2.9000000e+01   1.0000000e+00   7.0041800e-01   8.3144100e-01   3.3145510e+00   0.0000000e+00
   3.0000000e+01   0.0000000e+00   5.0458300e-01   8.3144100e-01   3.3145510e+00   1.0000000e+00
   3.1000000e+01   0.0000000e+00   8.6443100e-01   8.3144100e-01   3.3145510e+00   0.0000000e+00
   3.2000000e+01   0.0000000e+00   6.7205300e-01   8.3144100e-01   3.3145510e+00   0.0000000e+00
   3.3000000e+01   1.0000000e+00   4.7353400e-01   8.3144100e-01   3.3145510e+00   1.0000000e+00
   3.4000000e+01   1.0000000e+00   4.6942400e-01   8.3144100e-01   3.3145510e+00   0.0000000e+00
   3.5000000e+01   0.0000000e+00   8.2517600e-01   8.3144100e-01   3.3145510e+00   1.0000000e+00
   3.6000000e+01   0.0000000e+00   1.6146970e+00   8.3144100e-01   3.3145510e+00   0.0000000e+00
   3.7000000e+01   0.0000000e+00   1.4894500e+00   8.3144100e-01   3.3145510e+00   1.0000000e+00
   3.8000000e+01   0.0000000e+00   6.5766700e-01   8.3144100e-01   3.3145510e+00   1.0000000e+00
   3.9000000e+01   0.0000000e+00   1.5682310e+00   8.3144100e-01   3.3145510e+00   1.0000000e+00
   4.0000000e+01   1.0000000e+00   6.2531500e-01   8.3144100e-01   3.3145510e+00   0.0000000e+00
   4.1000000e+01   0.0000000e+00   1.4169870e+00   8.3144100e-01   3.3145510e+00   1.0000000e+00
   4.2000000e+01   0.0000000e+00   1.8662190e+00   8.3144100e-01   3.3145510e+00   1.0000000e+00
   4.3000000e+01   0.0000000e+00   1.1109240e+00   8.3144100e-01   3.3145510e+00   1.0000000e+00
   4.4000000e+01   0.0000000e+00   1.2490250e+00   8.3144100e-01   3.3145510e+00   0.0000000e+00
   4.5000000e+01   0.0000000e+00   9.9246500e-01   8.3144100e-01   3.3145510e+00   1.0000000e+00
   4.6000000e+01   1.0000000e+00   8.0799300e-01   8.3144100e-01   3.3145510e+00   1.0000000e+00
   4.7000000e+01   0.0000000e+00   4.7695400e-01   8.3144100e-01   3.3145510e+00   0.0000000e+00
   4.8000000e+01   0.0000000e+00   6.6092100e-01   8.3144100e-01   3.3145510e+00   0.0000000e+00
   4.9000000e+01   0.0000000e+00   1.4070860e+00   8.3144100e-01   3.3145510e+00   0.0000000e+00
   5.0000000e+01   1.0000000e+00   4.3572600e-01   8.3144100e-01   3.3145510e+00   0.0000000e+00
   5.1000000e+01   0.0000000e+00   4.9314200e-01   8.3144100e-01   3.3145510e+00   0.0000000e+00
   5.2000000e+01   0.0000000e+00   5.1033000e-01   8.3144100e-01   3.3145510e+00   1.0000000e+00
   5.3000000e+01   0.0000000e+00   1.2700110e+00   8.3144100e-01   3.3145510e+00   1.0000000e+00
   5.4000000e+01   0.0000000e+00   6.1393500e-01   8.3144100e-01   3.3145510e+00   0.0000000e+00
   5.5000000e+01   1.0000000e+00   6.8929200e-01   8.3144100e-01   3.3145510e+00   1.0000000e+00
   5.6000000e+01   0.0000000e+00   1.9143440e+00   8.3144100e-01   3.3145510e+00   1.0000000e+00
   5.7000000e+01   1.0000000e+00   7.0423700e-01   8.3144100e-01   3.3145510e+00   1.0000000e+00
   5.8000000e+01   0.0000000e+00   7.2311800e-01   8.3144100e-01   3.3145510e+00   0.0000000e+00
   5.9000000e+01   0.0000000e+00   5.8457200e-01   8.3144100e-01   3.3145510e+00   0.0000000e+00
   6.0000000e+01   1.0000000e+00   5.3511700e-01   8.3144100e-01   3.3145510e+00   0.0000000e+00
   6.1000000e+01   0.0000000e+00   9.7761600e-01   8.3144100e-01   3.3145510e+00   1.0000000e+00
   6.2000000e+01   1.0000000e+00   9.2872900e-01   8.3144100e-01   3.3145510e+00   1.0000000e+00
   6.3000000e+01   0.0000000e+00   5.6735100e-01   8.3144100e-01   3.3145510e+00   0.0000000e+00
   6.4000000e+01   1.0000000e+00   6.6267400e-01   8.3144100e-01   3.3145510e+00   0.0000000e+00
   6.5000000e+01   0.0000000e+00   6.0172600e-01   8.3144100e-01   3.3145510e+00   1.0000000e+00
   6.6000000e+01   1.0000000e+00   6.5434000e-01   8.3144100e-01   3.3145510e+00   0.0000000e+00
   6.7000000e+01   0.0000000e+00   5.1410800e-01   8.3144100e-01   3.3145510e+00   0.0000000e+00
   6.8000000e+01   0.0000000e+00   1.4515020e+00   8.3144100e-01   3.3145510e+00   0.0000000e+00
   6.9000000e+01   1.0000000e+00   1.1755660e+00   8.3144100e-01   3.3145510e+00   1.0000000e+00
   7.0000000e+01   0.0000000e+00   8.7025200e-01   8.3144100e-01   3.3145510e+00   1.0000000e+00
   7.1000000e+01   0.0000000e+00   7.6634700e-01   8.3144100e-01   3.3145510e+00   0.0000000e+00
   7.2000000e+01   0.0000000e+00   1.8565910e+00   8.3144100e-01   3.3145510e+00   1.0000000e+00
   7.3000000e+01   0.0000000e+00   5.2792600e-01   8.3144100e-01   3.3145510e+00   1.0000000e+00
   7.4000000e+01   0.0000000e+00   1.8811090e+00   8.3144100e-01   3.3145510e+00   1.0000000e+00
   7.5000000e+01   0.0000000e+00   5.9607800e-01   8.3144100e-01   3.3145510e+00   0.0000000e+00
   7.6000000e+01   1.0000000e+00   1.1627630e+00   8.3144100e-01   3.3145510e+00   1.0000000e+00
   7.7000000e+01   0.0000000e+00   1.0044920e+00   8.3144100e-01   3.3145510e+00   0.0000000e+00
   7.8000000e+01   1.0000000e+00   1.0574910e+00   8.3144100e-01   3.3145510e+00   0.0000000e+00
   7.9000000e+01   0.0000000e+00   6.3948200e-01   8.3144100e-01   3.3145510e+00   1.0000000e+00
   8.0000000e+01   1.0000000e+00   2.3986430e+00   8.3144100e-01   3.3145510e+00   1.0000000e+00
   8.1000000e+01   0.0000000e+00   7.4677700e-01   8.3144100e-01   3.3145510e+00   1.0000000e+00
   8.2000000e+01   0.0000000e+00   1.7875770e+00   8.3144100e-01   3.3145510e+00   1.0000000e+00
   8.3000000e+01   0.0000000e+00   4.8190000e-01   8.3144100e-01   3.3145510e+00   1.0000000e+00
   8.4000000e+01   0.0000000e+00   8.6532900e-01   8.3144100e-01   3.3145510e+00   0.0000000e+00
   8.5000000e+01   0.0000000e+00   6.9308000e-01   8.3144100e-01   3.3145510e+00   1.0000000e+00
   8.6000000e+01   0.0000000e+00   1.1396290e+00   8.3144100e-01   3.3145510e+00   0.0000000e+00
   8.7000000e+01   0.0000000e+00   1.0337720e+00   8.3144100e-01   3.3145510e+00   0.0000000e+00
   8.8000000e+01   1.0000000e+00   7.6392400e-01   8.3144100e-01   3.3145510e+00   0.0000000e+00
   8.9000000e+01   0.0000000e+00   4.5032200e-01   8.3144100e-01   3.3145510e+00   1.0000000e+00
   9.0000000e+01   0.0000000e+00   6.4612300e-01   8.3144100e-01   3.3145510e+00   0.0000000e+00
   9.1000000e+01   0.0000000e+00   5.7373700e-01   8.3144100e-01   3.3145510e+00   0.0000000e+00
   9.2000000e+01   1.0000000e+00   5.6694600e-01   8.3144100e-01   3.3145510e+00   0.0000000e+00
   9.3000000e+01   0.0000000e+00   7.7427700e-01   8.3144100e-01   3.3145510e+00   0.0000000e+00
   9.4000000e+01   0.0000000e+00   5.5178200e-01   8.3144100e-01   3.3145510e+00   0.0000000e+00
   9.5000000e+01   1.0000000e+00   6.7597100e-01   8.3144100e-01   3.3145510e+00   1.0000000e+00
   9.6000000e+01   0.0000000e+00   6.0103100e-01   8.3144100e-01   3.3145510e+00   0.0000000e+00
   9.7000000e+01   0.0000000e+00   7.9355900e-01   8.3144100e-01   3.3145510e+00   0.0000000e+00
   9.8000000e+01   0.0000000e+00   1.5594490e+00   8.3144100e-01   3.3145510e+00   0.0000000e+00
   9.9000000e+01   0.0000000e+00   1.1432120e+00   8.3144100e-01   3.3145510e+00   1.0000000e+00
   1.0000000e+02   1.0000000e+00   1.8164920e+00   8.3144100e-01   3.3145510e+00   0.0000000e+00
   1.0100000e+02   1.0000000e+00   5.5087800e-01   8.3144100e-01   3.3145510e+00   1.0000000e+00
   1.0200000e+02   0.0000000e+00   8.1886500e-01   8.3144100e-01   3.3145510e+00   1.0000000e+00
   1.0300000e+02   1.0000000e+00   9.7381600e-01   8.3144100e-01   3.3145510e+00   0.0000000e+00
   1.0400000e+02   0.0000000e+00   5.4527600e-01   8.3144100e-01   3.3145510e+00   1.0000000e+00
   1.0500000e+02   0.0000000e+00   4.8659800e-01   8.3144100e-01   3.3145510e+00   0.0000000e+00
   1.0600000e+02   0.0000000e+00   7.7239200e-01   8.3144100e-01   3.3145510e+00   0.0000000e+00
   1.0700000e+02   0.0000000e+00   7.4149800e-01   8.3144100e-01   3.3145510e+00   0.0000000e+00
   1.0800000e+02   0.0000000e+00   8.0263300e-01   8.3144100e-01   3.3145510e+00   1.0000000e+00
   1.0900000e+02   1.0000000e+00   1.4072080e+00   8.3144100e-01   3.3145510e+00   1.0000000e+00
   1.1000000e+02   0.0000000e+00   6.6561900e-01   8.3144100e-01   3.3145510e+00   0.0000000e+00
   1.1100000e+02   0.0000000e+00   4.8636100e-01   8.3144100e-01   3.3145510e+00   1.0000000e+00
   1.1200000e+02   1.0000000e+00   1.2951370e+00   8.3144100e-01   3.3145510e+00   1.0000000e+00
   1.1300000e+02   0.0000000e+00   5.9355000e-01   8.3144100e-01   3.3145510e+00   1.0000000e+00
   1.1400000e+02   1.0000000e+00   1.1163750e+00   8.3144100e-01   3.3145510e+00   0.0000000e+00
   1.1500000e+02   0.0000000e+00   9.5580700e-01   8.3144100e-01   3.3145510e+00   0.0000000e+00
   1.1600000e+02   0.0000000e+00   1.4821400e+00   8.3144100e-01   3.3145510e+00   0.0000000e+00
   1.1700000e+02   0.0000000e+00   2.3314400e+00   8.3144100e-01   3.3145510e+00   1.0000000e+00
   1.1800000e+02   0.0000000e+00   5.4459900e-01   8.3144100e-01   3.3145510e+00   1.0000000e+00
   1.1900000e+02   1.0000000e+00   1.1910390e+00   8.3144100e-01   3.3145510e+00   1.0000000e+00
   1.2000000e+02   0.0000000e+00   8.0135900e-01   8.3144100e-01   3.3145510e+00   1.0000000e+00
   1.2100000e+02   0.0000000e+00   3.0349960e+00   8.3144100e-01   3.3145510e+00   0.0000000e+00
   1.2200000e+02   0.0000000e+00   1.4549400e+00   8.3144100e-01   3.3145510e+00   1.0000000e+00
   1.2300000e+02   0.0000000e+00   1.9831290e+00   8.3144100e-01   3.3145510e+00   0.0000000e+00
   1.2400000e+02   1.0000000e+00   7.9538300e-01   8.3144100e-01   3.3145510e+00   0.0000000e+00
   1.2500000e+02   0.0000000e+00   8.7050400e-01   8.3144100e-01   3.3145510e+00   0.0000000e+00
   1.2600000e+02   1.0000000e+00   4.4024500e-01   8.3144100e-01   3.3145510e+00   0.0000000e+00
   1.2700000e+02   1.0000000e+00   1.6645600e+00   8.3144100e-01   3.3145510e+00   1.0000000e+00
   1.2800000e+02   0.0000000e+00   5.1093100e-01   8.3144100e-01   3.3145510e+00   0.0000000e+00
   1.2900000e+02   0.0000000e+00   7.5922100e-01   8.3144100e-01   3.3145510e+00   1.0000000e+00
   1.3000000e+02   0.0000000e+00   6.6986300e-01   8.3144100e-01   3.3145510e+00   1.0000000e+00
   1.3100000e+02   1.0000000e+00   7.8776300e-01   8.3144100e-01   3.3145510e+00   0.0000000e+00
   1.3200000e+02   0.0000000e+00   9.6646300e-01   8.3144100e-01   3.3145510e+00   1.0000000e+00
   1.3300000e+02   1.0000000e+00   7.1172100e-01   8.3144100e-01   3.3145510e+00   1.0000000e+00
   1.3400000e+02   0.0000000e+00   7.0765000e-01   8.3144100e-01   3.3145510e+00   0.0000000e+00
   1.3500000e+02   1.0000000e+00   6.7640400e-01   8.3144100e-01   3.3145510e+00   1.0000000e+00
   1.3600000e+02   1.0000000e+00   7.6368000e-01   8.3144100e-01   3.3145510e+00   0.0000000e+00
