1	0	1.588972	0.825014	2.7820084344	0
2	0	0.579978	0.825014	2.7820084344	0
3	0	0.789702	0.825014	2.7820084344	0
4	1	0.906225	0.825014	2.7820084344	0
5	1	0.769383	0.825014	2.7820084344	1
6	0	0.546667	0.825014	2.7820084344	1
7	0	0.653483	0.825014	2.7820084344	0
8	1	1.076390	0.825014	2.7820084344	0
9	0	0.924502	0.825014	2.7820084344	1
10	1	1.232328	0.825014	2.7820084344	1
11	0	0.755113	0.825014	2.7820084344	0
12	0	0.637429	0.825014	2.7820084344	0
13	1	2.011171	0.825014	2.7820084344	1
14	0	1.057341	0.825014	2.7820084344	1
15	1	0.814169	0.825014	2.7820084344	0
16	0	0.540873	0.825014	2.7820084344	1
17	0	0.986465	0.825014	2.7820084344	0
18	0	0.740191	0.825014	2.7820084344	1
19	1	1.104679	0.825014	2.7820084344	1
20	0	0.542158	0.825014	2.7820084344	0
21	1	1.313143	0.825014	2.7820084344	0
22	0	1.257513	0.825014	2.7820084344	1
23	0	1.054632	0.825014	2.7820084344	1
24	0	1.354373	0.825014	2.7820084344	0
25	0	0.816763	0.825014	2.7820084344	1
26	1	1.977151	0.825014	2.7820084344	1
27	0	0.805762	0.825014	2.7820084344	1
28	0	3.159556	0.825014	2.7820084344	0
29	0	0.627829	0.825014	2.7820084344	1
30	0	1.286261	0.825014	2.7820084344	1
31	1	0.559330	0.825014	2.7820084344	0
32	0	0.880003	0.825014	2.7820084344	1
33	0	1.293365	0.825014	2.7820084344	0
34	1	1.663526	0.825014	2.7820084344	0
35	0	0.819486	0.825014	2.7820084344	0
36	1	0.736695	0.825014	2.7820084344	1
37	0	0.711816	0.825014	2.7820084344	1
38	0	1.503934	0.825014	2.7820084344	1
39	0	0.709320	0.825014	2.7820084344	0
40	0	0.803967	0.825014	2.7820084344	0
41	1	0.641576	0.825014	2.7820084344	0
42	0	0.894314	0.825014	2.7820084344	0
43	1	0.806051	0.825014	2.7820084344	1
44	0	0.595134	0.825014	2.7820084344	0
45	1	0.709262	0.825014	2.7820084344	1
46	0	1.816760	0.825014	2.7820084344	0
47	0	1.235983	0.825014	2.7820084344	1
48	1	0.555884	0.825014	2.7820084344	0
49	0	0.722328	0.825014	2.7820084344	0
50	1	0.590649	0.825014	2.7820084344	1
51	0	0.682531	0.825014	2.7820084344	0
52	0	1.141337	0.825014	2.7820084344	0
53	1	0.710107	0.825014	2.7820084344	0
54	0	0.764275	0.825014	2.7820084344	1
55	0	0.720945	0.825014	2.7820084344	1
56	0	0.698565	0.825014	2.7820084344	1
57	0	0.581899	0.825014	2.7820084344	0
58	0	0.956884	0.825014	2.7820084344	1
59	1	0.851153	0.825014	2.7820084344	0
60	0	1.676837	0.825014	2.7820084344	0
61	0	0.720738	0.825014	2.7820084344	1
62	0	0.977405	0.825014	2.7820084344	1
63	0	1.002208	0.825014	2.7820084344	1
64	0	0.562821	0.825014	2.7820084344	0
65	0	0.892118	0.825014	2.7820084344	1
66	1	0.801431	0.825014	2.7820084344	1
67	0	1.126110	0.825014	2.7820084344	1
68	0	0.641726	0.825014	2.7820084344	0
69	1	1.058156	0.825014	2.7820084344	1
70	0	0.620315	0.825014	2.7820084344	1
71	0	1.152489	0.825014	2.7820084344	0
72	0	0.747826	0.825014	2.7820084344	0
73	0	1.397698	0.825014	2.7820084344	1
74	0	0.737728	0.825014	2.7820084344	1
75	1	0.545226	0.825014	2.7820084344	0
76	0	0.732184	0.825014	2.7820084344	0
77	0	0.637838	0.825014	2.7820084344	0
78	0	1.631769	0.825014	2.7820084344	1
79	1	0.797082	0.825014	2.7820084344	1
80	0	0.772171	0.825014	2.7820084344	0
81	1	1.934262	0.825014	2.7820084344	0
82	0	1.676118	0.825014	2.7820084344	1
83	0	0.663715	0.825014	2.7820084344	0
84	1	1.052351	0.825014	2.7820084344	0
85	1	1.455054	0.825014	2.7820084344	1
86	0	1.861198	0.825014	2.7820084344	1
87	0	0.696487	0.825014	2.7820084344	0
88	0	0.826101	0.825014	2.7820084344	0
89	0	0.918061	0.825014	2.7820084344	1
90	0	1.155333	0.825014	2.7820084344	1
91	1	0.561548	0.825014	2.7820084344	0
92	0	0.817708	0.825014	2.7820084344	0
93	1	1.619223	0.825014	2.7820084344	1
94	1	0.755292	0.825014	2.7820084344	0
95	0	0.665705	0.825014	2.7820084344	1
96	0	0.849344	0.825014	2.7820084344	0
97	0	0.931631	0.825014	2.7820084344	1
98	1	0.595279	0.825014	2.7820084344	1
99	0	0.549366	0.825014	2.7820084344	0
100	1	0.604216	0.825014	2.7820084344	1
101	0	0.648663	0.825014	2.7820084344	1
102	0	0.915423	0.825014	2.7820084344	0
103	0	2.193180	0.825014	2.7820084344	1
104	0	0.638358	0.825014	2.7820084344	0
105	0	1.057875	0.825014	2.7820084344	0
106	1	0.579983	0.825014	2.7820084344	0
107	0	2.141788	0.825014	2.7820084344	0
108	0	0.585367	0.825014	2.7820084344	0
109	0	0.501163	0.825014	2.7820084344	1
110	0	1.118826	0.825014	2.7820084344	1
111	0	1.373412	0.825014	2.7820084344	1
112	0	1.413707	0.825014	2.7820084344	1
113	1	0.963497	0.825014	2.7820084344	1
114	0	0.613514	0.825014	2.7820084344	0
115	0	1.061881	0.825014	2.7820084344	0
116	0	1.403479	0.825014	2.7820084344	1
117	1	0.733496	0.825014	2.7820084344	0
118	0	1.013955	0.825014	2.7820084344	1
119	0	0.655278	0.825014	2.7820084344	1
120	1	0.611989	0.825014	2.7820084344	0
121	0	2.090609	0.825014	2.7820084344	0
122	1	0.725577	0.825014	2.7820084344	1
123	0	0.543320	0.825014	2.7820084344	0
124	0	2.061548	0.825014	2.7820084344	0
125	0	0.605302	0.825014	2.7820084344	0
126	1	0.685902	0.825014	2.7820084344	0
127	0	0.972000	0.825014	2.7820084344	1
128	0	1.540143	0.825014	2.7820084344	1
129	1	1.099565	0.825014	2.7820084344	1
130	0	1.697659	0.825014	2.7820084344	1
131	0	0.588776	0.825014	2.7820084344	0
132	0	1.262658	0.825014	2.7820084344	0
133	0	1.696049	0.825014	2.7820084344	1
134	0	0.627218	0.825014	2.7820084344	1
135	1	1.128643	0.825014	2.7820084344	1
136	1	1.763050	0.825014	2.7820084344	0
