   1.0000000e+00   0.0000000e+00   1.0887500e+00   8.3977400e-01   2.7979731e+00   1.0000000e+00
   2.0000000e+00   0.0000000e+00   6.9277400e-01   8.3977400e-01   2.7979731e+00   0.0000000e+00
   3.0000000e+00   0.0000000e+00   5.4036300e-01   8.3977400e-01   2.7979731e+00   1.0000000e+00
   4.0000000e+00   0.0000000e+00   6.3439400e-01   8.3977400e-01   2.7979731e+00   0.0000000e+00
   5.0000000e+00   1.0000000e+00   1.0411910e+00   8.3977400e-01   2.7979731e+00   0.0000000e+00
   6.0000000e+00   0.0000000e+00   9.1278000e-01   8.3977400e-01   2.7979731e+00   1.0000000e+00
   7.0000000e+00   1.0000000e+00   6.1836800e-01   8.3977400e-01   2.7979731e+00   1.0000000e+00
   8.0000000e+00   0.0000000e+00   5.0297200e-01   8.3977400e-01   2.7979731e+00   0.0000000e+00
   9.0000000e+00   1.0000000e+00   4.5282000e-01   8.3977400e-01   2.7979731e+00   0.0000000e+00
   1.0000000e+01   0.0000000e+00   5.1421800e-01   8.3977400e-01   2.7979731e+00   1.0000000e+00
   1.1000000e+01   0.0000000e+00   4.8956600e-01   8.3977400e-01   2.7979731e+00   0.0000000e+00
   1.2000000e+01   1.0000000e+00   1.6876520e+00   8.3977400e-01   2.7979731e+00   1.0000000e+00
   1.3000000e+01   0.0000000e+00   1.0612720e+00   8.3977400e-01   2.7979731e+00   0.0000000e+00
   1.4000000e+01   0.0000000e+00   5.1039500e-01   8.3977400e-01   2.7979731e+00   1.0000000e+00
   1.5000000e+01   0.0000000e+00   1.1622860e+00   8.3977400e-01   2.7979731e+00   1.0000000e+00
   1.6000000e+01   0.0000000e+00   4.5058500e-01   8.3977400e-01   2.7979731e+00   1.0000000e+00
   1.7000000e+01   1.0000000e+00   5.1867100e-01   8.3977400e-01   2.7979731e+00   1.0000000e+00
   1.8000000e+01   0.0000000e+00   1.5783460e+00   8.3977400e-01   2.7979731e+00   1.0000000e+00
   1.9000000e+01   0.0000000e+00   9.6805800e-01   8.3977400e-01   2.7979731e+00   0.0000000e+00
   2.0000000e+01   0.0000000e+00   4.7368400e-01   8.3977400e-01   2.7979731e+00   1.0000000e+00
   2.1000000e+01   0.0000000e+00   1.0295170e+00   8.3977400e-01   2.7979731e+00   0.0000000e+00
   2.2000000e+01   0.0000000e+00   4.6303600e-01   8.3977400e-01   2.7979731e+00   0.0000000e+00
   2.3000000e+01   1.0000000e+00   8.1014300e-01   8.3977400e-01   2.7979731e+00   0.0000000e+00
   2.4000000e+01   0.0000000e+00   8.4475300e-01   8.3977400e-01   2.7979731e+00   0.0000000e+00
   2.5000000e+01   1.0000000e+00   2.0338320e+00   8.3977400e-01   2.7979731e+00   1.0000000e+00
   2.6000000e+01   0.0000000e+00   1.1497770e+00   8.3977400e-01   2.7979731e+00   0.0000000e+00
   2.7000000e+01   1.0000000e+00   1.3845340e+00   8.3977400e-01   2.7979731e+00   0.0000000e+00
   2.8000000e+01   0.0000000e+00   2.2988560e+00   8.3977400e-01   2.7979731e+00   0.0000000e+00
   2.9000000e+01   0.0000000e+00   4.7094700e-01   8.3977400e-01   2.7979731e+00   1.0000000e+00
   3.0000000e+01   0.0000000e+00   7.3575000e-01   8.3977400e-01   2.7979731e+00   0.0000000e+00
   3.1000000e+01   0.0000000e+00   7.6572000e-01   8.3977400e-01   2.7979731e+00   1.0000000e+00
   3.2000000e+01   0.0000000e+00   4.4625500e-01   8.3977400e-01   2.7979731e+00   1.0000000e+00
   3.3000000e+01   1.0000000e+00   4.5296600e-01   8.3977400e-01   2.7979731e+00   1.0000000e+00
   3.4000000e+01   0.0000000e+00   4.9521000e-01   8.3977400e-01   2.7979731e+00   0.0000000e+00
   3.5000000e+01   0.0000000e+00   7.3289200e-01   8.3977400e-01   2.7979731e+00   1.0000000e+00
   3.6000000e+01   0.0000000e+00   6.4032600e-01   8.3977400e-01   2.7979731e+00   0.0000000e+00
   3.7000000e+01   1.0000000e+00   1.5589600e+00   8.3977400e-01   2.7979731e+00   0.0000000e+00
   3.8000000e+01   0.0000000e+00   1.7187200e+00   8.3977400e-01   2.7979731e+00   1.0000000e+00
   3.9000000e+01   0.0000000e+00   4.8205700e-01   8.3977400e-01   2.7979731e+00   0.0000000e+00
   4.0000000e+01   0.0000000e+00   5.1857200e-01   8.3977400e-01   2.7979731e+00   1.0000000e+00
   4.1000000e+01   1.0000000e+00   5.2376600e-01   8.3977400e-01   2.7979731e+00   0.0000000e+00
   4.2000000e+01   0.0000000e+00   8.8955400e-01   8.3977400e-01   2.7979731e+00   1.0000000e+00
   4.3000000e+01   0.0000000e+00   7.6722200e-01   8.3977400e-01   2.7979731e+00   1.0000000e+00
   4.4000000e+01   0.0000000e+00   1.9353430e+00   8.3977400e-01   2.7979731e+00   0.0000000e+00
   4.5000000e+01   1.0000000e+00   4.7690300e-01   8.3977400e-01   2.7979731e+00   1.0000000e+00
   4.6000000e+01   0.0000000e+00   5.3290600e-01   8.3977400e-01   2.7979731e+00   0.0000000e+00
   4.7000000e+01   0.0000000e+00   1.3956580e+00   8.3977400e-01   2.7979731e+00   0.0000000e+00
   4.8000000e+01   0.0000000e+00   4.8818000e-01   8.3977400e-01   2.7979731e+00   0.0000000e+00
   4.9000000e+01   1.0000000e+00   1.0006880e+00   8.3977400e-01   2.7979731e+00   0.0000000e+00
   5.0000000e+01   0.0000000e+00   1.1145810e+00   8.3977400e-01   2.7979731e+00   1.0000000e+00
   5.1000000e+01   0.0000000e+00   8.0531300e-01   8.3977400e-01   2.7979731e+00   1.0000000e+00
   5.2000000e+01   0.0000000e+00   4.4962600e-01   8.3977400e-01   2.7979731e+00   0.0000000e+00
   5.3000000e+01   0.0000000e+00   6.1379600e-01   8.3977400e-01   2.7979731e+00   0.0000000e+00
   5.4000000e+01   1.0000000e+00   2.3450650e+00   8.3977400e-01   2.7979731e+00   1.0000000e+00
   5.5000000e+01   0.0000000e+00   9.8452500e-01   8.3977400e-01   2.7979731e+00   1.0000000e+00
   5.6000000e+01   0.0000000e+00   2.6572630e+00   8.3977400e-01   2.7979731e+00   0.0000000e+00
   5.7000000e+01   1.0000000e+00   4.8148500e-01   8.3977400e-01   2.7979731e+00   1.0000000e+00
   5.8000000e+01   0.0000000e+00   4.6695100e-01   8.3977400e-01   2.7979731e+00   1.0000000e+00
   5.9000000e+01   1.0000000e+00   1.0000390e+00   8.3977400e-01   2.7979731e+00   0.0000000e+00
   6.0000000e+01   0.0000000e+00   9.0597200e-01   8.3977400e-01   2.7979731e+00   0.0000000e+00
   6.1000000e+01   0.0000000e+00   4.5616900e-01   8.3977400e-01   2.7979731e+00   0.0000000e+00
   6.2000000e+01   1.0000000e+00   1.4980180e+00   8.3977400e-01   2.7979731e+00   1.0000000e+00
   6.3000000e+01   0.0000000e+00   6.8663900e-01   8.3977400e-01   2.7979731e+00   1.0000000e+00
   6.4000000e+01   0.0000000e+00   7.3218400e-01   8.3977400e-01   2.7979731e+00   1.0000000e+00
   6.5000000e+01   0.0000000e+00   1.2406540e+00   8.3977400e-01   2.7979731e+00   1.0000000e+00
   6.6000000e+01   1.0000000e+00   5.4563000e-01   8.3977400e-01   2.7979731e+00   0.0000000e+00
   6.7000000e+01   0.0000000e+00   6.4989800e-01   8.3977400e-01   2.7979731e+00   0.0000000e+00
   6.8000000e+01   0.0000000e+00   6.8591200e-01   8.3977400e-01   2.7979731e+00   1.0000000e+00
   6.9000000e+01   0.0000000e+00   5.4111100e-01   8.3977400e-01   2.7979731e+00   0.0000000e+00
   7.0000000e+01   1.0000000e+00   2.3585160e+00   8.3977400e-01   2.7979731e+00   0.0000000e+00
   7.1000000e+01   0.0000000e+00   4.9627200e-01   8.3977400e-01   2.7979731e+00   0.0000000e+00
   7.2000000e+01   0.0000000e+00   6.2185000e-01   8.3977400e-01   2.7979731e+00   1.0000000e+00
   7.3000000e+01   1.0000000e+00   4.3641300e-01   8.3977400e-01   2.7979731e+00   1.0000000e+00
   7.4000000e+01   0.0000000e+00   1.0832780e+00   8.3977400e-01   2.7979731e+00   1.0000000e+00
   7.5000000e+01   0.0000000e+00   6.4511600e-01   8.3977400e-01   2.7979731e+00   1.0000000e+00
   7.6000000e+01   1.0000000e+00   4.9551600e-01   8.3977400e-01   2.7979731e+00   1.0000000e+00
   7.7000000e+01   1.0000000e+00   7.8542600e-01   8.3977400e-01   2.7979731e+00   0.0000000e+00
   7.8000000e+01   0.0000000e+00   4.6391600e-01   8.3977400e-01   2.7979731e+00   1.0000000e+00
   7.9000000e+01   0.0000000e+00   6.6651100e-01   8.3977400e-01   2.7979731e+00   0.0000000e+00
   8.0000000e+01   0.0000000e+00   1.2044120e+00   8.3977400e-01   2.7979731e+00   0.0000000e+00
   8.1000000e+01   1.0000000e+00   9.8455500e-01   8.3977400e-01   2.7979731e+00   1.0000000e+00
   8.2000000e+01   0.0000000e+00   6.0497700e-01   8.3977400e-01   2.7979731e+00   1.0000000e+00
   8.3000000e+01   0.0000000e+00   9.8906400e-01   8.3977400e-01   2.7979731e+00   0.0000000e+00
   8.4000000e+01   0.0000000e+00   9.6178300e-01   8.3977400e-01   2.7979731e+00   0.0000000e+00
   8.5000000e+01   1.0000000e+00   4.7676200e-01   8.3977400e-01   2.7979731e+00   0.0000000e+00
   8.6000000e+01   0.0000000e+00   5.6889100e-01   8.3977400e-01   2.7979731e+00   0.0000000e+00
   8.7000000e+01   1.0000000e+00   7.1903000e-01   8.3977400e-01   2.7979731e+00   0.0000000e+00
   8.8000000e+01   0.0000000e+00   7.2341800e-01   8.3977400e-01   2.7979731e+00   0.0000000e+00
   8.9000000e+01   0.0000000e+00   5.3098600e-01   8.3977400e-01   2.7979731e+00   1.0000000e+00
   9.0000000e+01   0.0000000e+00   4.7914000e-01   8.3977400e-01   2.7979731e+00   0.0000000e+00
   9.1000000e+01   0.0000000e+00   6.5624900e-01   8.3977400e-01   2.7979731e+00   0.0000000e+00
   9.2000000e+01   0.0000000e+00   8.3338500e-01   8.3977400e-01   2.7979731e+00   0.0000000e+00
   9.3000000e+01   1.0000000e+00   9.3066000e-01   8.3977400e-01   2.7979731e+00   1.0000000e+00
   9.4000000e+01   1.0000000e+00   5.7820000e-01   8.3977400e-01   2.7979731e+00   0.0000000e+00
   9.5000000e+01   0.0000000e+00   9.9520700e-01   8.3977400e-01   2.7979731e+00   1.0000000e+00
   9.6000000e+01   0.0000000e+00   5.2358600e-01   8.3977400e-01   2.7979731e+00   1.0000000e+00
   9.7000000e+01   1.0000000e+00   1.1380200e+00   8.3977400e-01   2.7979731e+00   1.0000000e+00
   9.8000000e+01   0.0000000e+00   2.0751350e+00   8.3977400e-01   2.7979731e+00   1.0000000e+00
   9.9000000e+01   1.0000000e+00   1.0371500e+00   8.3977400e-01   2.7979731e+00   0.0000000e+00
   1.0000000e+02   0.0000000e+00   1.0767040e+00   8.3977400e-01   2.7979731e+00   1.0000000e+00
   1.0100000e+02   0.0000000e+00   2.6929710e+00   8.3977400e-01   2.7979731e+00   1.0000000e+00
   1.0200000e+02   0.0000000e+00   1.2299500e+00   8.3977400e-01   2.7979731e+00   1.0000000e+00
   1.0300000e+02   1.0000000e+00   7.2750700e-01   8.3977400e-01   2.7979731e+00   1.0000000e+00
   1.0400000e+02   1.0000000e+00   1.3917990e+00   8.3977400e-01   2.7979731e+00   1.0000000e+00
   1.0500000e+02   0.0000000e+00   1.2998640e+00   8.3977400e-01   2.7979731e+00   1.0000000e+00
   1.0600000e+02   0.0000000e+00   1.2220500e+00   8.3977400e-01   2.7979731e+00   1.0000000e+00
   1.0700000e+02   0.0000000e+00   1.2773000e+00   8.3977400e-01   2.7979731e+00   0.0000000e+00
   1.0800000e+02   0.0000000e+00   5.3371100e-01   8.3977400e-01   2.7979731e+00   0.0000000e+00
   1.0900000e+02   1.0000000e+00   9.0070200e-01   8.3977400e-01   2.7979731e+00   0.0000000e+00
   1.1000000e+02   0.0000000e+00   9.7095500e-01   8.3977400e-01   2.7979731e+00   0.0000000e+00
   1.1100000e+02   1.0000000e+00   7.7481900e-01   8.3977400e-01   2.7979731e+00   1.0000000e+00
   1.1200000e+02   0.0000000e+00   1.6743820e+00   8.3977400e-01   2.7979731e+00   1.0000000e+00
   1.1300000e+02   0.0000000e+00   4.7325200e-01   8.3977400e-01   2.7979731e+00   1.0000000e+00
   1.1400000e+02   0.0000000e+00   5.2434400e-01   8.3977400e-01   2.7979731e+00   0.0000000e+00
   1.1500000e+02   0.0000000e+00   9.3385600e-01   8.3977400e-01   2.7979731e+00   1.0000000e+00
   1.1600000e+02   1.0000000e+00   7.4790600e-01   8.3977400e-01   2.7979731e+00   0.0000000e+00
   1.1700000e+02   0.0000000e+00   4.4008200e-01   8.3977400e-01   2.7979731e+00   0.0000000e+00
   1.1800000e+02   1.0000000e+00   4.5805700e-01   8.3977400e-01   2.7979731e+00   0.0000000e+00
   1.1900000e+02   0.0000000e+00   8.8915200e-01   8.3977400e-01   2.7979731e+00   1.0000000e+00
   1.2000000e+02   1.0000000e+00   6.0297800e-01   8.3977400e-01   2.7979731e+00   1.0000000e+00
   1.2100000e+02   0.0000000e+00   5.0920100e-01   8.3977400e-01   2.7979731e+00   0.0000000e+00
   1.2200000e+02   0.0000000e+00   8.1715500e-01   8.3977400e-01   2.7979731e+00   0.0000000e+00
   1.2300000e+02   0.0000000e+00   7.7512900e-01   8.3977400e-01   2.7979731e+00   1.0000000e+00
   1.2400000e+02   0.0000000e+00   1.9360450e+00   8.3977400e-01   2.7979731e+00   0.0000000e+00
   1.2500000e+02   0.0000000e+00   3.1984110e+00   8.3977400e-01   2.7979731e+00   0.0000000e+00
   1.2600000e+02   0.0000000e+00   1.4915050e+00   8.3977400e-01   2.7979731e+00   0.0000000e+00
   1.2700000e+02   1.0000000e+00   1.0480890e+00   8.3977400e-01   2.7979731e+00   0.0000000e+00
   1.2800000e+02   0.0000000e+00   2.6129630e+00   8.3977400e-01   2.7979731e+00   1.0000000e+00
   1.2900000e+02   0.0000000e+00   4.4382300e-01   8.3977400e-01   2.7979731e+00   1.0000000e+00
   1.3000000e+02   0.0000000e+00   5.5306900e-01   8.3977400e-01   2.7979731e+00   1.0000000e+00
   1.3100000e+02   1.0000000e+00   7.4555100e-01   8.3977400e-01   2.7979731e+00   1.0000000e+00
   1.3200000e+02   0.0000000e+00   1.2481340e+00   8.3977400e-01   2.7979731e+00   0.0000000e+00
   1.3300000e+02   1.0000000e+00   8.3267400e-01   8.3977400e-01   2.7979731e+00   1.0000000e+00
   1.3400000e+02   0.0000000e+00   8.9305700e-01   8.3977400e-01   2.7979731e+00   1.0000000e+00
   1.3500000e+02   1.0000000e+00   1.3743920e+00   8.3977400e-01   2.7979731e+00   0.0000000e+00
   1.3600000e+02   0.0000000e+00   9.7201700e-01   8.3977400e-01   2.7979731e+00   0.0000000e+00
