1	0	1.783242	0.825500	2.7363652519	0
2	0	0.695269	0.825500	2.7363652519	1
3	1	1.994441	0.825500	2.7363652519	1
4	0	0.911301	0.825500	2.7363652519	0
5	1	0.623408	0.825500	2.7363652519	0
6	0	0.641869	0.825500	2.7363652519	0
7	0	1.166901	0.825500	2.7363652519	0
8	0	0.535614	0.825500	2.7363652519	1
9	1	0.729517	0.825500	2.7363652519	1
10	0	1.336900	0.825500	2.7363652519	0
11	0	0.888205	0.825500	2.7363652519	1
12	0	0.621601	0.825500	2.7363652519	0
13	0	0.501116	0.825500	2.7363652519	1
14	0	1.040449	0.825500	2.7363652519	0
15	1	0.753820	0.825500	2.7363652519	0
16	0	0.649778	0.825500	2.7363652519	1
17	1	0.654476	0.825500	2.7363652519	0
18	0	0.714569	0.825500	2.7363652519	1
19	0	1.328475	0.825500	2.7363652519	1
20	0	0.992708	0.825500	2.7363652519	1
21	0	0.790829	0.825500	2.7363652519	0
22	1	0.507253	0.825500	2.7363652519	1
23	0	0.737870	0.825500	2.7363652519	1
24	1	0.658570	0.825500	2.7363652519	0
25	0	0.667779	0.825500	2.7363652519	1
26	0	0.547241	0.825500	2.7363652519	1
27	0	0.824844	0.825500	2.7363652519	0
28	1	0.546147	0.825500	2.7363652519	1
29	0	0.649787	0.825500	2.7363652519	1
30	0	0.984922	0.825500	2.7363652519	0
31	0	0.833894	0.825500	2.7363652519	0
32	1	0.534794	0.825500	2.7363652519	0
33	0	0.548353	0.825500	2.7363652519	0
34	1	0.814261	0.825500	2.7363652519	1
35	0	0.624494	0.825500	2.7363652519	0
36	1	0.527299	0.825500	2.7363652519	1
37	0	1.237627	0.825500	2.7363652519	1
38	0	0.655900	0.825500	2.7363652519	0
39	0	0.947292	0.825500	2.7363652519	0
40	1	1.346368	0.825500	2.7363652519	0
41	0	0.540213	0.825500	2.7363652519	1
42	1	2.395900	0.825500	2.7363652519	1
43	0	0.564711	0.825500	2.7363652519	1
44	1	0.860238	0.825500	2.7363652519	0
45	0	1.968100	0.825500	2.7363652519	0
46	0	1.207260	0.825500	2.7363652519	1
47	0	0.759123	0.825500	2.7363652519	1
48	0	0.763429	0.825500	2.7363652519	0
49	0	0.910448	0.825500	2.7363652519	0
50	0	0.680825	0.825500	2.7363652519	1
51	1	0.971792	0.825500	2.7363652519	0
52	0	0.767655	0.825500	2.7363652519	1
53	0	1.905870	0.825500	2.7363652519	0
54	0	0.986161	0.825500	2.7363652519	0
55	0	0.743549	0.825500	2.7363652519	0
56	1	0.504673	0.825500	2.7363652519	1
57	0	1.600573	0.825500	2.7363652519	0
58	1	1.334969	0.825500	2.7363652519	0
59	0	2.017215	0.825500	2.7363652519	0
60	0	1.057581	0.825500	2.7363652519	0
61	0	2.349271	0.825500	2.7363652519	1
62	0	0.808532	0.825500	2.7363652519	1
63	1	1.020051	0.825500	2.7363652519	1
64	0	0.781045	0.825500	2.7363652519	1
65	0	1.057820	0.825500	2.7363652519	0
66	0	0.510074	0.825500	2.7363652519	1
67	0	0.573185	0.825500	2.7363652519	1
68	1	0.571930	0.825500	2.7363652519	1
69	1	0.836625	0.825500	2.7363652519	0
70	0	0.893904	0.825500	2.7363652519	1
71	0	0.633914	0.825500	2.7363652519	1
72	1	2.267523	0.825500	2.7363652519	0
73	0	1.657669	0.825500	2.7363652519	0
74	0	0.907061	0.825500	2.7363652519	0
75	0	0.673063	0.825500	2.7363652519	0
76	0	0.841966	0.825500	2.7363652519	1
77	1	2.477798	0.825500	2.7363652519	1
78	0	1.000914	0.825500	2.7363652519	0
79	1	0.569155	0.825500	2.7363652519	0
80	0	0.759506	0.825500	2.7363652519	1
81	1	0.940593	0.825500	2.7363652519	1
82	0	0.538854	0.825500	2.7363652519	1
83	0	1.101152	0.825500	2.7363652519	0
84	0	0.839692	0.825500	2.7363652519	1
85	1	1.224839	0.825500	2.7363652519	1
86	1	1.065836	0.825500	2.7363652519	0
87	0	1.370866	0.825500	2.7363652519	0
88	0	1.917474	0.825500	2.7363652519	1
89	0	1.092400	0.825500	2.7363652519	0
90	0	1.105293	0.825500	2.7363652519	1
91	1	1.498721	0.825500	2.7363652519	1
92	0	0.817777	0.825500	2.7363652519	0
93	1	0.598568	0.825500	2.7363652519	0
94	0	0.763401	0.825500	2.7363652519	0
95	1	0.824158	0.825500	2.7363652519	1
96	0	0.976914	0.825500	2.7363652519	1
97	1	2.376731	0.825500	2.7363652519	0
98	0	0.873266	0.825500	2.7363652519	1
99	0	1.507588	0.825500	2.7363652519	0
100	0	0.514124	0.825500	2.7363652519	0
101	0	0.756354	0.825500	2.7363652519	1
102	0	1.799983	0.825500	2.7363652519	1
103	0	1.843420	0.825500	2.7363652519	0
104	0	0.825722	0.825500	2.7363652519	0
105	0	0.681527	0.825500	2.7363652519	1
106	1	0.997653	0.825500	2.7363652519	0
107	0	1.694200	0.825500	2.7363652519	1
108	0	0.809567	0.825500	2.7363652519	0
109	0	0.650849	0.825500	2.7363652519	0
110	0	1.127725	0.825500	2.7363652519	0
111	1	0.636216	0.825500	2.7363652519	1
112	0	1.204977	0.825500	2.7363652519	1
113	1	0.679773	0.825500	2.7363652519	0
114	1	0.629883	0.825500	2.7363652519	1
115	0	0.515443	0.825500	2.7363652519	1
116	0	0.684093	0.825500	2.7363652519	1
117	0	0.784227	0.825500	2.7363652519	1
118	1	0.527398	0.825500	2.7363652519	1
119	0	2.134200	0.825500	2.7363652519	1
120	1	1.277909	0.825500	2.7363652519	0
121	0	0.578206	0.825500	2.7363652519	0
122	0	0.721972	0.825500	2.7363652519	1
123	0	0.596973	0.825500	2.7363652519	1
124	0	0.861877	0.825500	2.7363652519	1
125	0	0.558866	0.825500	2.7363652519	0
126	0	1.466315	0.825500	2.7363652519	0
127	1	0.870180	0.825500	2.7363652519	1
128	0	0.753216	0.825500	2.7363652519	0
129	0	1.425618	0.825500	2.7363652519	0
130	0	2.755429	0.825500	2.7363652519	1
131	0	1.096453	0.825500	2.7363652519	0
132	0	0.565468	0.825500	2.7363652519	0
133	1	1.410629	0.825500	2.7363652519	0
134	0	1.264022	0.825500	2.7363652519	1
135	1	1.040123	0.825500	2.7363652519	0
136	1	0.544819	0.825500	2.7363652519	1
