1	0	1.941370	0.827346	2.9224429857	1
2	0	1.150914	0.827346	2.9224429857	1
3	1	0.866846	0.827346	2.9224429857	0
4	1	0.822942	0.827346	2.9224429857	1
5	0	0.639908	0.827346	2.9224429857	1
6	0	0.602099	0.827346	2.9224429857	1
7	1	1.864487	0.827346	2.9224429857	0
8	0	1.177419	0.827346	2.9224429857	1
9	0	3.296105	0.827346	2.9224429857	0
10	1	1.526748	0.827346	2.9224429857	1
11	0	0.749049	0.827346	2.9224429857	1
12	0	0.539371	0.827346	2.9224429857	0
13	0	1.220085	0.827346	2.9224429857	0
14	0	0.927782	0.827346	2.9224429857	1
15	1	0.521333	0.827346	2.9224429857	1
16	0	1.325089	0.827346	2.9224429857	0
17	1	2.920060	0.827346	2.9224429857	0
18	0	0.784948	0.827346	2.9224429857	0
19	0	0.574717	0.827346	2.9224429857	1
20	1	1.108603	0.827346	2.9224429857	1
21	0	1.307179	0.827346	2.9224429857	0
22	1	0.596522	0.827346	2.9224429857	0
23	0	1.791045	0.827346	2.9224429857	0
24	0	1.549395	0.827346	2.9224429857	1
25	1	0.722265	0.827346	2.9224429857	1
26	0	0.875542	0.827346	2.9224429857	1
27	0	1.635628	0.827346	2.9224429857	0
28	0	0.626093	0.827346	2.9224429857	0
29	1	0.777472	0.827346	2.9224429857	0
30	0	0.534211	0.827346	2.9224429857	1
31	0	0.678429	0.827346	2.9224429857	1
32	1	0.620244	0.827346	2.9224429857	0
33	0	0.667286	0.827346	2.9224429857	0
34	0	0.827970	0.827346	2.9224429857	0
35	0	0.759706	0.827346	2.9224429857	0
36	1	0.654026	0.827346	2.9224429857	1
37	0	1.231905	0.827346	2.9224429857	0
38	0	0.504497	0.827346	2.9224429857	1
39	1	0.807670	0.827346	2.9224429857	0
40	0	0.879590	0.827346	2.9224429857	1
41	1	0.880739	0.827346	2.9224429857	1
42	1	0.604104	0.827346	2.9224429857	1
43	0	0.787520	0.827346	2.9224429857	1
44	0	1.570479	0.827346	2.9224429857	1
45	0	0.750771	0.827346	2.9224429857	0
46	0	0.966657	0.827346	2.9224429857	0
47	1	0.811669	0.827346	2.9224429857	0
48	0	0.689945	0.827346	2.9224429857	1
49	0	0.797035	0.827346	2.9224429857	0
50	0	0.856213	0.827346	2.9224429857	1
51	0	1.263297	0.827346	2.9224429857	1
52	1	0.635403	0.827346	2.9224429857	1
53	0	0.555844	0.827346	2.9224429857	1
54	0	0.696410	0.827346	2.9224429857	0
55	0	0.667922	0.827346	2.9224429857	1
56	1	0.528835	0.827346	2.9224429857	0
57	0	0.920690	0.827346	2.9224429857	0
58	1	0.816263	0.827346	2.9224429857	0
59	0	1.332240	0.827346	2.9224429857	1
60	0	0.781714	0.827346	2.9224429857	0
61	0	1.295288	0.827346	2.9224429857	0
62	0	1.779885	0.827346	2.9224429857	0
63	1	0.618610	0.827346	2.9224429857	1
64	0	0.739087	0.827346	2.9224429857	0
65	1	0.817889	0.827346	2.9224429857	1
66	0	0.527056	0.827346	2.9224429857	0
67	0	2.607430	0.827346	2.9224429857	0
68	0	0.537894	0.827346	2.9224429857	1
69	0	0.979709	0.827346	2.9224429857	1
70	1	1.896255	0.827346	2.9224429857	0
71	1	0.597153	0.827346	2.9224429857	1
72	0	0.632709	0.827346	2.9224429857	0
73	0	0.971614	0.827346	2.9224429857	1
74	0	1.505631	0.827346	2.9224429857	1
75	1	1.422780	0.827346	2.9224429857	0
76	0	0.872169	0.827346	2.9224429857	1
77	0	1.137021	0.827346	2.9224429857	1
78	0	1.120381	0.827346	2.9224429857	1
79	0	0.901997	0.827346	2.9224429857	0
80	0	0.676689	0.827346	2.9224429857	0
81	1	0.624847	0.827346	2.9224429857	0
82	0	1.395760	0.827346	2.9224429857	0
83	0	0.641165	0.827346	2.9224429857	0
84	0	0.533949	0.827346	2.9224429857	1
85	0	0.971687	0.827346	2.9224429857	0
86	1	0.983519	0.827346	2.9224429857	1
87	0	0.716513	0.827346	2.9224429857	0
88	1	0.549041	0.827346	2.9224429857	0
89	0	0.722633	0.827346	2.9224429857	1
90	1	1.641465	0.827346	2.9224429857	1
91	0	0.954999	0.827346	2.9224429857	0
92	0	0.609407	0.827346	2.9224429857	0
93	0	0.639203	0.827346	2.9224429857	0
94	0	0.861597	0.827346	2.9224429857	1
95	0	1.027280	0.827346	2.9224429857	0
96	0	1.108558	0.827346	2.9224429857	1
97	0	1.098299	0.827346	2.9224429857	1
98	1	0.535374	0.827346	2.9224429857	0
99	0	0.704382	0.827346	2.9224429857	0
100	1	0.513474	0.827346	2.9224429857	1
101	0	0.691927	0.827346	2.9224429857	1
102	0	1.122319	0.827346	2.9224429857	1
103	1	1.555457	0.827346	2.9224429857	1
104	0	0.763433	0.827346	2.9224429857	0
105	0	0.665591	0.827346	2.9224429857	1
106	0	1.254456	0.827346	2.9224429857	0
107	0	1.467867	0.827346	2.9224429857	0
108	0	1.597282	0.827346	2.9224429857	1
109	1	0.512632	0.827346	2.9224429857	0
110	0	1.012957	0.827346	2.9224429857	1
111	1	0.940425	0.827346	2.9224429857	1
112	0	0.656657	0.827346	2.9224429857	1
113	0	3.573572	0.827346	2.9224429857	1
114	0	1.799323	0.827346	2.9224429857	1
115	1	0.528708	0.827346	2.9224429857	0
116	0	0.739593	0.827346	2.9224429857	0
117	1	1.213642	0.827346	2.9224429857	0
118	0	0.613387	0.827346	2.9224429857	1
119	0	0.505678	0.827346	2.9224429857	1
120	0	0.535421	0.827346	2.9224429857	0
121	0	0.564203	0.827346	2.9224429857	0
122	0	0.621770	0.827346	2.9224429857	0
123	1	1.259446	0.827346	2.9224429857	1
124	0	1.324712	0.827346	2.9224429857	1
125	0	0.505249	0.827346	2.9224429857	1
126	0	1.436113	0.827346	2.9224429857	0
127	0	0.694304	0.827346	2.9224429857	0
128	0	0.828728	0.827346	2.9224429857	0
129	0	0.835513	0.827346	2.9224429857	1
130	0	1.405377	0.827346	2.9224429857	0
131	1	1.169595	0.827346	2.9224429857	0
132	0	1.095606	0.827346	2.9224429857	1
133	1	1.430219	0.827346	2.9224429857	1
134	0	0.762944	0.827346	2.9224429857	0
135	1	1.615952	0.827346	2.9224429857	1
136	1	0.709243	0.827346	2.9224429857	0
