1	0	2.611521	0.834567	2.3297737057	1
2	0	0.889698	0.834567	2.3297737057	0
3	0	1.017351	0.834567	2.3297737057	0
4	0	0.783456	0.834567	2.3297737057	0
5	1	0.691226	0.834567	2.3297737057	1
6	1	1.156316	0.834567	2.3297737057	0
7	0	0.726008	0.834567	2.3297737057	1
8	1	0.770216	0.834567	2.3297737057	1
9	0	0.506802	0.834567	2.3297737057	0
10	0	0.524686	0.834567	2.3297737057	0
11	1	0.603304	0.834567	2.3297737057	0
12	0	0.545431	0.834567	2.3297737057	0
13	0	0.976508	0.834567	2.3297737057	1
14	0	0.861360	0.834567	2.3297737057	1
15	0	0.925302	0.834567	2.3297737057	1
16	0	0.753808	0.834567	2.3297737057	1
17	1	0.941842	0.834567	2.3297737057	0
18	0	1.175078	0.834567	2.3297737057	1
19	1	0.886114	0.834567	2.3297737057	1
20	0	0.553975	0.834567	2.3297737057	0
21	0	1.747706	0.834567	2.3297737057	0
22	1	1.242379	0.834567	2.3297737057	0
23	0	0.681058	0.834567	2.3297737057	0
24	1	0.953256	0.834567	2.3297737057	1
25	0	1.840587	0.834567	2.3297737057	1
26	0	0.587408	0.834567	2.3297737057	0
27	1	1.512906	0.834567	2.3297737057	0
28	0	3.936951	0.834567	2.3297737057	1
29	1	1.486565	0.834567	2.3297737057	1
30	0	0.980389	0.834567	2.3297737057	0
31	1	0.937016	0.834567	2.3297737057	1
32	0	0.593385	0.834567	2.3297737057	0
33	0	1.122163	0.834567	2.3297737057	1
34	0	1.928861	0.834567	2.3297737057	1
35	0	1.227818	0.834567	2.3297737057	0
36	0	0.606956	0.834567	2.3297737057	1
37	0	0.747134	0.834567	2.3297737057	0
38	1	0.832147	0.834567	2.3297737057	0
39	0	0.964309	0.834567	2.3297737057	1
40	0	0.690236	0.834567	2.3297737057	0
41	0	0.570599	0.834567	2.3297737057	1
42	0	0.543314	0.834567	2.3297737057	1
43	0	0.739667	0.834567	2.3297737057	1
44	0	2.967539	0.834567	2.3297737057	1
45	1	1.264709	0.834567	2.3297737057	1
46	0	0.667991	0.834567	2.3297737057	0
47	0	0.565715	0.834567	2.3297737057	0
48	0	1.633606	0.834567	2.3297737057	0
49	0	1.140798	0.834567	2.3297737057	0
50	1	0.759998	0.834567	2.3297737057	0
51	0	0.568101	0.834567	2.3297737057	0
52	1	0.659628	0.834567	2.3297737057	0
53	0	0.775505	0.834567	2.3297737057	1
54	1	1.122489	0.834567	2.3297737057	1
55	0	1.667920	0.834567	2.3297737057	0
56	0	1.534168	0.834567	2.3297737057	0
57	1	1.379040	0.834567	2.3297737057	0
58	0	0.605252	0.834567	2.3297737057	0
59	0	0.684378	0.834567	2.3297737057	1
60	0	0.503596	0.834567	2.3297737057	1
61	1	0.519235	0.834567	2.3297737057	1
62	0	0.792031	0.834567	2.3297737057	1
63	0	0.756841	0.834567	2.3297737057	0
64	0	0.601729	0.834567	2.3297737057	1
65	0	0.777855	0.834567	2.3297737057	1
66	1	0.702089	0.834567	2.3297737057	1
67	0	0.961855	0.834567	2.3297737057	1
68	1	0.877484	0.834567	2.3297737057	0
69	0	1.044223	0.834567	2.3297737057	0
70	0	0.689922	0.834567	2.3297737057	1
71	0	1.473377	0.834567	2.3297737057	0
72	1	0.624675	0.834567	2.3297737057	0
73	0	1.457049	0.834567	2.3297737057	0
74	1	1.188107	0.834567	2.3297737057	1
75	0	1.559607	0.834567	2.3297737057	1
76	0	1.267494	0.834567	2.3297737057	0
77	0	0.655133	0.834567	2.3297737057	1
78	0	0.838835	0.834567	2.3297737057	1
79	0	1.720386	0.834567	2.3297737057	1
80	0	0.563823	0.834567	2.3297737057	0
81	1	1.005539	0.834567	2.3297737057	0
82	0	1.147298	0.834567	2.3297737057	1
83	0	0.522905	0.834567	2.3297737057	0
84	1	0.833820	0.834567	2.3297737057	1
85	0	0.713023	0.834567	2.3297737057	1
86	0	0.810220	0.834567	2.3297737057	1
87	0	0.771998	0.834567	2.3297737057	0
88	1	1.194730	0.834567	2.3297737057	1
89	0	0.646675	0.834567	2.3297737057	1
90	0	0.905197	0.834567	2.3297737057	0
91	1	1.044888	0.834567	2.3297737057	0
92	1	1.978975	0.834567	2.3297737057	1
93	0	1.538273	0.834567	2.3297737057	0
94	0	1.061322	0.834567	2.3297737057	0
95	0	0.664292	0.834567	2.3297737057	1
96	0	1.903326	0.834567	2.3297737057	1
97	1	0.584248	0.834567	2.3297737057	0
98	0	0.833405	0.834567	2.3297737057	0
99	0	0.749149	0.834567	2.3297737057	0
100	0	0.829016	0.834567	2.3297737057	0
101	0	1.034561	0.834567	2.3297737057	1
102	1	1.428858	0.834567	2.3297737057	1
103	0	0.847564	0.834567	2.3297737057	0
104	1	0.560798	0.834567	2.3297737057	0
105	1	0.685287	0.834567	2.3297737057	0
106	0	0.617003	0.834567	2.3297737057	0
107	0	1.684144	0.834567	2.3297737057	0
108	0	0.590964	0.834567	2.3297737057	0
109	1	1.600522	0.834567	2.3297737057	1
110	0	1.143121	0.834567	2.3297737057	1
111	1	0.513307	0.834567	2.3297737057	0
112	0	0.908116	0.834567	2.3297737057	0
113	0	1.561214	0.834567	2.3297737057	1
114	0	0.718427	0.834567	2.3297737057	0
115	0	0.551818	0.834567	2.3297737057	0
116	0	0.621184	0.834567	2.3297737057	1
117	0	0.671458	0.834567	2.3297737057	0
118	1	0.529870	0.834567	2.3297737057	1
119	0	1.218212	0.834567	2.3297737057	1
120	0	0.585875	0.834567	2.3297737057	0
121	0	0.938204	0.834567	2.3297737057	1
122	0	1.159892	0.834567	2.3297737057	1
123	1	0.653353	0.834567	2.3297737057	1
124	0	0.909302	0.834567	2.3297737057	1
125	0	1.420521	0.834567	2.3297737057	1
126	1	0.634048	0.834567	2.3297737057	0
127	0	1.024404	0.834567	2.3297737057	1
128	1	0.522240	0.834567	2.3297737057	1
129	0	2.475215	0.834567	2.3297737057	1
130	0	0.511145	0.834567	2.3297737057	0
131	0	0.861004	0.834567	2.3297737057	1
132	1	0.805762	0.834567	2.3297737057	0
133	0	2.468851	0.834567	2.3297737057	0
134	0	0.600585	0.834567	2.3297737057	1
135	1	0.613552	0.834567	2.3297737057	0
136	1	0.646324	0.834567	2.3297737057	1
