1	0	0.723744	0.828750	3.5748007048	0
2	0	0.552251	0.828750	3.5748007048	0
3	0	1.136104	0.828750	3.5748007048	1
4	0	1.104906	0.828750	3.5748007048	0
5	0	0.780354	0.828750	3.5748007048	0
6	1	1.135740	0.828750	3.5748007048	1
7	1	1.035854	0.828750	3.5748007048	0
8	0	0.763526	0.828750	3.5748007048	0
9	1	0.511017	0.828750	3.5748007048	1
10	0	0.544266	0.828750	3.5748007048	0
11	0	1.484849	0.828750	3.5748007048	0
12	0	1.773667	0.828750	3.5748007048	1
13	0	0.986985	0.828750	3.5748007048	0
14	1	0.981193	0.828750	3.5748007048	0
15	0	0.864953	0.828750	3.5748007048	1
16	0	0.634864	0.828750	3.5748007048	0
17	1	1.621964	0.828750	3.5748007048	0
18	0	0.520943	0.828750	3.5748007048	0
19	1	0.901225	0.828750	3.5748007048	1
20	0	0.988119	0.828750	3.5748007048	1
21	0	0.536613	0.828750	3.5748007048	1
22	0	0.500245	0.828750	3.5748007048	0
23	0	0.670933	0.828750	3.5748007048	1
24	0	0.581280	0.828750	3.5748007048	1
25	0	0.767623	0.828750	3.5748007048	1
26	0	0.868271	0.828750	3.5748007048	1
27	1	0.887225	0.828750	3.5748007048	0
28	0	1.117570	0.828750	3.5748007048	1
29	0	0.670019	0.828750	3.5748007048	1
30	0	0.583668	0.828750	3.5748007048	0
31	1	0.589070	0.828750	3.5748007048	1
32	1	0.604202	0.828750	3.5748007048	0
33	0	1.287807	0.828750	3.5748007048	1
34	0	0.712185	0.828750	3.5748007048	1
35	0	0.746641	0.828750	3.5748007048	1
36	0	0.835090	0.828750	3.5748007048	0
37	0	0.522850	0.828750	3.5748007048	0
38	1	1.583931	0.828750	3.5748007048	1
39	0	0.540522	0.828750	3.5748007048	0
40	0	1.075359	0.828750	3.5748007048	1
41	0	0.830029	0.828750	3.5748007048	1
42	1	2.449035	0.828750	3.5748007048	1
43	0	0.648985	0.828750	3.5748007048	0
44	0	0.863304	0.828750	3.5748007048	0
45	0	1.283335	0.828750	3.5748007048	1
46	0	0.648127	0.828750	3.5748007048	1
47	0	0.980544	0.828750	3.5748007048	0
48	1	1.445747	0.828750	3.5748007048	0
49	0	0.744141	0.828750	3.5748007048	0
50	0	0.793445	0.828750	3.5748007048	0
51	1	0.552099	0.828750	3.5748007048	1
52	0	0.980938	0.828750	3.5748007048	0
53	1	0.840053	0.828750	3.5748007048	0
54	0	0.551852	0.828750	3.5748007048	0
55	1	0.665186	0.828750	3.5748007048	0
56	0	0.804653	0.828750	3.5748007048	1
57	0	1.566010	0.828750	3.5748007048	1
58	0	0.746419	0.828750	3.5748007048	1
59	0	0.598725	0.828750	3.5748007048	0
60	1	0.612781	0.828750	3.5748007048	1
61	0	0.514514	0.828750	3.5748007048	1
62	0	0.723406	0.828750	3.5748007048	1
63	1	1.820075	0.828750	3.5748007048	0
64	0	1.434920	0.828750	3.5748007048	0
65	0	1.054932	0.828750	3.5748007048	0
66	0	1.606426	0.828750	3.5748007048	1
67	1	0.843011	0.828750	3.5748007048	1
68	0	0.581384	0.828750	3.5748007048	1
69	1	0.877650	0.828750	3.5748007048	1
70	0	1.853449	0.828750	3.5748007048	1
71	0	0.517368	0.828750	3.5748007048	1
72	0	1.430780	0.828750	3.5748007048	0
73	0	0.835223	0.828750	3.5748007048	0
74	0	2.112808	0.828750	3.5748007048	1
75	1	0.757452	0.828750	3.5748007048	0
76	0	0.885742	0.828750	3.5748007048	0
77	0	1.673054	0.828750	3.5748007048	0
78	0	1.548829	0.828750	3.5748007048	1
79	1	2.166347	0.828750	3.5748007048	0
80	0	0.651183	0.828750	3.5748007048	0
81	1	1.815166	0.828750	3.5748007048	1
82	0	0.528090	0.828750	3.5748007048	1
83	1	0.818023	0.828750	3.5748007048	0
84	0	1.636724	0.828750	3.5748007048	1
85	1	0.707720	0.828750	3.5748007048	1
86	0	2.346386	0.828750	3.5748007048	0
87	0	0.740564	0.828750	3.5748007048	1
88	0	1.394809	0.828750	3.5748007048	0
89	0	1.347638	0.828750	3.5748007048	0
90	0	3.721319	0.828750	3.5748007048	1
91	1	0.527862	0.828750	3.5748007048	1
92	0	0.673631	0.828750	3.5748007048	0
93	1	0.915221	0.828750	3.5748007048	0
94	0	0.870413	0.828750	3.5748007048	0
95	0	0.523219	0.828750	3.5748007048	1
96	1	2.286500	0.828750	3.5748007048	1
97	0	0.957179	0.828750	3.5748007048	1
98	1	0.640387	0.828750	3.5748007048	0
99	0	0.595768	0.828750	3.5748007048	0
100	0	0.790469	0.828750	3.5748007048	0
101	0	1.371497	0.828750	3.5748007048	1
102	1	1.225603	0.828750	3.5748007048	1
103	0	0.627047	0.828750	3.5748007048	0
104	1	1.397811	0.828750	3.5748007048	0
105	0	0.807693	0.828750	3.5748007048	0
106	1	0.623715	0.828750	3.5748007048	0
107	0	0.832492	0.828750	3.5748007048	0
108	0	1.266069	0.828750	3.5748007048	0
109	1	1.137120	0.828750	3.5748007048	1
110	0	0.998778	0.828750	3.5748007048	0
111	0	0.531045	0.828750	3.5748007048	1
112	0	0.621448	0.828750	3.5748007048	0
113	0	0.776175	0.828750	3.5748007048	1
114	1	1.168768	0.828750	3.5748007048	0
115	0	1.873486	0.828750	3.5748007048	0
116	0	0.622560	0.828750	3.5748007048	0
117	0	0.849724	0.828750	3.5748007048	1
118	0	0.707791	0.828750	3.5748007048	1
119	1	1.092118	0.828750	3.5748007048	1
120	1	1.036851	0.828750	3.5748007048	1
121	0	1.095451	0.828750	3.5748007048	0
122	0	0.670782	0.828750	3.5748007048	0
123	0	2.195847	0.828750	3.5748007048	1
124	1	0.538230	0.828750	3.5748007048	0
125	0	0.638635	0.828750	3.5748007048	1
126	0	0.650237	0.828750	3.5748007048	1
127	0	0.873638	0.828750	3.5748007048	0
128	0	0.680751	0.828750	3.5748007048	1
129	1	0.608800	0.828750	3.5748007048	1
130	0	1.065349	0.828750	3.5748007048	1
131	0	0.566833	0.828750	3.5748007048	1
132	0	1.314561	0.828750	3.5748007048	1
133	1	1.016925	0.828750	3.5748007048	0
134	0	0.631003	0.828750	3.5748007048	1
135	1	1.771500	0.828750	3.5748007048	0
136	1	1.054987	0.828750	3.5748007048	1
