   1.0000000e+00   0.0000000e+00   7.7036700e-01   8.3105100e-01   3.6447874e+00   1.0000000e+00
   2.0000000e+00   0.0000000e+00   9.2857200e-01   8.3105100e-01   3.6447874e+00   1.0000000e+00
   3.0000000e+00   1.0000000e+00   1.4936400e+00   8.3105100e-01   3.6447874e+00   1.0000000e+00
   4.0000000e+00   0.0000000e+00   8.0850300e-01   8.3105100e-01   3.6447874e+00   1.0000000e+00
   5.0000000e+00   0.0000000e+00   1.0208910e+00   8.3105100e-01   3.6447874e+00   1.0000000e+00
   6.0000000e+00   0.0000000e+00   6.5311400e-01   8.3105100e-01   3.6447874e+00   0.0000000e+00
   7.0000000e+00   0.0000000e+00   1.2809940e+00   8.3105100e-01   3.6447874e+00   0.0000000e+00
   8.0000000e+00   0.0000000e+00   4.4173000e-01   8.3105100e-01   3.6447874e+00   1.0000000e+00
   9.0000000e+00   1.0000000e+00   4.5891300e-01   8.3105100e-01   3.6447874e+00   0.0000000e+00
   1.0000000e+01   0.0000000e+00   5.0718700e-01   8.3105100e-01   3.6447874e+00   0.0000000e+00
   1.1000000e+01   1.0000000e+00   5.4043900e-01   8.3105100e-01   3.6447874e+00   1.0000000e+00
   1.2000000e+01   0.0000000e+00   9.4199000e-01   8.3105100e-01   3.6447874e+00   0.0000000e+00
   1.3000000e+01   0.0000000e+00   5.3393600e-01   8.3105100e-01   3.6447874e+00   1.0000000e+00
   1.4000000e+01   0.0000000e+00   7.0666200e-01   8.3105100e-01   3.6447874e+00   0.0000000e+00
   1.5000000e+01   0.0000000e+00   6.7809500e-01   8.3105100e-01   3.6447874e+00   1.0000000e+00
   1.6000000e+01   1.0000000e+00   1.0637420e+00   8.3105100e-01   3.6447874e+00   0.0000000e+00
   1.7000000e+01   0.0000000e+00   4.6298200e-01   8.3105100e-01   3.6447874e+00   1.0000000e+00
   1.8000000e+01   1.0000000e+00   1.1678740e+00   8.3105100e-01   3.6447874e+00   0.0000000e+00
   1.9000000e+01   0.0000000e+00   2.0812060e+00   8.3105100e-01   3.6447874e+00   1.0000000e+00
   2.0000000e+01   0.0000000e+00   1.4034870e+00   8.3105100e-01   3.6447874e+00   0.0000000e+00
   2.1000000e+01   0.0000000e+00   6.3548500e-01   8.3105100e-01   3.6447874e+00   0.0000000e+00
   2.2000000e+01   0.0000000e+00   1.4904590e+00   8.3105100e-01   3.6447874e+00   1.0000000e+00
   2.3000000e+01   0.0000000e+00   1.3285150e+00   8.3105100e-01   3.6447874e+00   0.0000000e+00
   2.4000000e+01   1.0000000e+00   1.4788600e+00   8.3105100e-01   3.6447874e+00   1.0000000e+00
   2.5000000e+01   0.0000000e+00   4.6196600e-01   8.3105100e-01   3.6447874e+00   1.0000000e+00
   2.6000000e+01   0.0000000e+00   1.7363860e+00   8.3105100e-01   3.6447874e+00   1.0000000e+00
   2.7000000e+01   1.0000000e+00   6.0995100e-01   8.3105100e-01   3.6447874e+00   0.0000000e+00
   2.8000000e+01   0.0000000e+00   6.2939900e-01   8.3105100e-01   3.6447874e+00   0.0000000e+00
   2.9000000e+01   1.0000000e+00   1.6331120e+00   8.3105100e-01   3.6447874e+00   1.0000000e+00
   3.0000000e+01   0.0000000e+00   4.9624300e-01   8.3105100e-01   3.6447874e+00   0.0000000e+00
   3.1000000e+01   0.0000000e+00   1.7223430e+00   8.3105100e-01   3.6447874e+00   0.0000000e+00
   3.2000000e+01   0.0000000e+00   1.7110270e+00   8.3105100e-01   3.6447874e+00   1.0000000e+00
   3.3000000e+01   0.0000000e+00   4.4112000e-01   8.3105100e-01   3.6447874e+00   0.0000000e+00
   3.4000000e+01   1.0000000e+00   1.5352770e+00   8.3105100e-01   3.6447874e+00   0.0000000e+00
   3.5000000e+01   0.0000000e+00   9.5281300e-01   8.3105100e-01   3.6447874e+00   1.0000000e+00
   3.6000000e+01   0.0000000e+00   5.6991100e-01   8.3105100e-01   3.6447874e+00   1.0000000e+00
   3.7000000e+01   1.0000000e+00   5.2244000e-01   8.3105100e-01   3.6447874e+00   1.0000000e+00
   3.8000000e+01   0.0000000e+00   1.2292620e+00   8.3105100e-01   3.6447874e+00   0.0000000e+00
   3.9000000e+01   0.0000000e+00   1.3336080e+00   8.3105100e-01   3.6447874e+00   1.0000000e+00
   4.0000000e+01   0.0000000e+00   6.0984500e-01   8.3105100e-01   3.6447874e+00   1.0000000e+00
   4.1000000e+01   1.0000000e+00   1.3215900e+00   8.3105100e-01   3.6447874e+00   1.0000000e+00
   4.2000000e+01   0.0000000e+00   9.3384300e-01   8.3105100e-01   3.6447874e+00   0.0000000e+00
   4.3000000e+01   1.0000000e+00   6.3017200e-01   8.3105100e-01   3.6447874e+00   0.0000000e+00
   4.4000000e+01   0.0000000e+00   1.5474540e+00   8.3105100e-01   3.6447874e+00   0.0000000e+00
   4.5000000e+01   0.0000000e+00   1.1056480e+00   8.3105100e-01   3.6447874e+00   0.0000000e+00
   4.6000000e+01   1.0000000e+00   8.2706400e-01   8.3105100e-01   3.6447874e+00   1.0000000e+00
   4.7000000e+01   0.0000000e+00   1.1902110e+00   8.3105100e-01   3.6447874e+00   1.0000000e+00
   4.8000000e+01   0.0000000e+00   6.1323600e-01   8.3105100e-01   3.6447874e+00   0.0000000e+00
   4.9000000e+01   0.0000000e+00   5.0581600e-01   8.3105100e-01   3.6447874e+00   1.0000000e+00
   5.0000000e+01   0.0000000e+00   5.3216200e-01   8.3105100e-01   3.6447874e+00   1.0000000e+00
   5.1000000e+01   0.0000000e+00   6.3184700e-01   8.3105100e-01   3.6447874e+00   0.0000000e+00
   5.2000000e+01   0.0000000e+00   5.6081000e-01   8.3105100e-01   3.6447874e+00   1.0000000e+00
   5.3000000e+01   1.0000000e+00   4.5473800e-01   8.3105100e-01   3.6447874e+00   0.0000000e+00
   5.4000000e+01   0.0000000e+00   6.1944800e-01   8.3105100e-01   3.6447874e+00   0.0000000e+00
   5.5000000e+01   1.0000000e+00   6.7246100e-01   8.3105100e-01   3.6447874e+00   0.0000000e+00
   5.6000000e+01   0.0000000e+00   7.8173900e-01   8.3105100e-01   3.6447874e+00   0.0000000e+00
   5.7000000e+01   0.0000000e+00   1.9920300e+00   8.3105100e-01   3.6447874e+00   1.0000000e+00
   5.8000000e+01   1.0000000e+00   5.1299100e-01   8.3105100e-01   3.6447874e+00   1.0000000e+00
   5.9000000e+01   1.0000000e+00   1.2167250e+00   8.3105100e-01   3.6447874e+00   0.0000000e+00
   6.0000000e+01   0.0000000e+00   5.3818900e-01   8.3105100e-01   3.6447874e+00   1.0000000e+00
   6.1000000e+01   0.0000000e+00   8.8052000e-01   8.3105100e-01   3.6447874e+00   0.0000000e+00
   6.2000000e+01   0.0000000e+00   6.4761200e-01   8.3105100e-01   3.6447874e+00   0.0000000e+00
   6.3000000e+01   0.0000000e+00   1.5827330e+00   8.3105100e-01   3.6447874e+00   0.0000000e+00
   6.4000000e+01   1.0000000e+00   8.1078600e-01   8.3105100e-01   3.6447874e+00   1.0000000e+00
   6.5000000e+01   0.0000000e+00   9.5566500e-01   8.3105100e-01   3.6447874e+00   1.0000000e+00
   6.6000000e+01   0.0000000e+00   3.7642200e+00   8.3105100e-01   3.6447874e+00   0.0000000e+00
   6.7000000e+01   1.0000000e+00   6.0934400e-01   8.3105100e-01   3.6447874e+00   1.0000000e+00
   6.8000000e+01   0.0000000e+00   6.9569300e-01   8.3105100e-01   3.6447874e+00   0.0000000e+00
   6.9000000e+01   1.0000000e+00   1.6233190e+00   8.3105100e-01   3.6447874e+00   0.0000000e+00
   7.0000000e+01   0.0000000e+00   4.5856200e-01   8.3105100e-01   3.6447874e+00   0.0000000e+00
   7.1000000e+01   0.0000000e+00   1.2540480e+00   8.3105100e-01   3.6447874e+00   1.0000000e+00
   7.2000000e+01   1.0000000e+00   8.2205400e-01   8.3105100e-01   3.6447874e+00   0.0000000e+00
   7.3000000e+01   0.0000000e+00   6.5751400e-01   8.3105100e-01   3.6447874e+00   0.0000000e+00
   7.4000000e+01   1.0000000e+00   7.0502400e-01   8.3105100e-01   3.6447874e+00   1.0000000e+00
   7.5000000e+01   0.0000000e+00   1.0294560e+00   8.3105100e-01   3.6447874e+00   1.0000000e+00
   7.6000000e+01   0.0000000e+00   4.3647600e-01   8.3105100e-01   3.6447874e+00   0.0000000e+00
   7.7000000e+01   0.0000000e+00   6.9306900e-01   8.3105100e-01   3.6447874e+00   1.0000000e+00
   7.8000000e+01   1.0000000e+00   1.2501430e+00   8.3105100e-01   3.6447874e+00   0.0000000e+00
   7.9000000e+01   1.0000000e+00   1.1947080e+00   8.3105100e-01   3.6447874e+00   1.0000000e+00
   8.0000000e+01   0.0000000e+00   1.8964500e+00   8.3105100e-01   3.6447874e+00   0.0000000e+00
   8.1000000e+01   0.0000000e+00   5.3917400e-01   8.3105100e-01   3.6447874e+00   1.0000000e+00
   8.2000000e+01   0.0000000e+00   1.0313140e+00   8.3105100e-01   3.6447874e+00   0.0000000e+00
   8.3000000e+01   0.0000000e+00   1.4632050e+00   8.3105100e-01   3.6447874e+00   1.0000000e+00
   8.4000000e+01   0.0000000e+00   5.5994200e-01   8.3105100e-01   3.6447874e+00   0.0000000e+00
   8.5000000e+01   0.0000000e+00   7.1800300e-01   8.3105100e-01   3.6447874e+00   0.0000000e+00
   8.6000000e+01   0.0000000e+00   1.3190550e+00   8.3105100e-01   3.6447874e+00   1.0000000e+00
   8.7000000e+01   1.0000000e+00   9.8901600e-01   8.3105100e-01   3.6447874e+00   1.0000000e+00
   8.8000000e+01   0.0000000e+00   6.8833200e-01   8.3105100e-01   3.6447874e+00   0.0000000e+00
   8.9000000e+01   0.0000000e+00   1.1744390e+00   8.3105100e-01   3.6447874e+00   0.0000000e+00
   9.0000000e+01   0.0000000e+00   8.5136200e-01   8.3105100e-01   3.6447874e+00   1.0000000e+00
   9.1000000e+01   1.0000000e+00   1.4069460e+00   8.3105100e-01   3.6447874e+00   0.0000000e+00
   9.2000000e+01   0.0000000e+00   9.9655700e-01   8.3105100e-01   3.6447874e+00   1.0000000e+00
   9.3000000e+01   0.0000000e+00   5.1809000e-01   8.3105100e-01   3.6447874e+00   1.0000000e+00
   9.4000000e+01   0.0000000e+00   7.4139800e-01   8.3105100e-01   3.6447874e+00   1.0000000e+00
   9.5000000e+01   1.0000000e+00   7.4316600e-01   8.3105100e-01   3.6447874e+00   1.0000000e+00
   9.6000000e+01   0.0000000e+00   7.8430100e-01   8.3105100e-01   3.6447874e+00   0.0000000e+00
   9.7000000e+01   0.0000000e+00   9.6070100e-01   8.3105100e-01   3.6447874e+00   1.0000000e+00
   9.8000000e+01   1.0000000e+00   7.0454800e-01   8.3105100e-01   3.6447874e+00   0.0000000e+00
   9.9000000e+01   0.0000000e+00   1.7016990e+00   8.3105100e-01   3.6447874e+00   0.0000000e+00
   1.0000000e+02   0.0000000e+00   5.6848100e-01   8.3105100e-01   3.6447874e+00   0.0000000e+00
   1.0100000e+02   0.0000000e+00   6.3203600e-01   8.3105100e-01   3.6447874e+00   1.0000000e+00
   1.0200000e+02   0.0000000e+00   6.8220900e-01   8.3105100e-01   3.6447874e+00   1.0000000e+00
   1.0300000e+02   1.0000000e+00   4.7040100e-01   8.3105100e-01   3.6447874e+00   1.0000000e+00
   1.0400000e+02   0.0000000e+00   7.4173700e-01   8.3105100e-01   3.6447874e+00   1.0000000e+00
   1.0500000e+02   0.0000000e+00   6.3866200e-01   8.3105100e-01   3.6447874e+00   1.0000000e+00
   1.0600000e+02   1.0000000e+00   6.4014300e-01   8.3105100e-01   3.6447874e+00   0.0000000e+00
   1.0700000e+02   0.0000000e+00   8.2746600e-01   8.3105100e-01   3.6447874e+00   0.0000000e+00
   1.0800000e+02   0.0000000e+00   6.2361200e-01   8.3105100e-01   3.6447874e+00   0.0000000e+00
   1.0900000e+02   1.0000000e+00   9.7352100e-01   8.3105100e-01   3.6447874e+00   0.0000000e+00
   1.1000000e+02   0.0000000e+00   5.2040700e-01   8.3105100e-01   3.6447874e+00   0.0000000e+00
   1.1100000e+02   1.0000000e+00   4.6586700e-01   8.3105100e-01   3.6447874e+00   1.0000000e+00
   1.1200000e+02   0.0000000e+00   6.0164200e-01   8.3105100e-01   3.6447874e+00   0.0000000e+00
   1.1300000e+02   1.0000000e+00   5.6920400e-01   8.3105100e-01   3.6447874e+00   0.0000000e+00
   1.1400000e+02   1.0000000e+00   5.1184100e-01   8.3105100e-01   3.6447874e+00   1.0000000e+00
   1.1500000e+02   0.0000000e+00   7.5515100e-01   8.3105100e-01   3.6447874e+00   1.0000000e+00
   1.1600000e+02   0.0000000e+00   9.9332700e-01   8.3105100e-01   3.6447874e+00   1.0000000e+00
   1.1700000e+02   0.0000000e+00   6.7441300e-01   8.3105100e-01   3.6447874e+00   1.0000000e+00
   1.1800000e+02   1.0000000e+00   6.2733400e-01   8.3105100e-01   3.6447874e+00   1.0000000e+00
   1.1900000e+02   0.0000000e+00   9.2441900e-01   8.3105100e-01   3.6447874e+00   0.0000000e+00
   1.2000000e+02   0.0000000e+00   1.1659570e+00   8.3105100e-01   3.6447874e+00   0.0000000e+00
   1.2100000e+02   0.0000000e+00   6.4219400e-01   8.3105100e-01   3.6447874e+00   0.0000000e+00
   1.2200000e+02   0.0000000e+00   8.1773200e-01   8.3105100e-01   3.6447874e+00   0.0000000e+00
   1.2300000e+02   0.0000000e+00   1.4910850e+00   8.3105100e-01   3.6447874e+00   1.0000000e+00
   1.2400000e+02   0.0000000e+00   9.4345900e-01   8.3105100e-01   3.6447874e+00   0.0000000e+00
   1.2500000e+02   0.0000000e+00   9.1243700e-01   8.3105100e-01   3.6447874e+00   1.0000000e+00
   1.2600000e+02   0.0000000e+00   1.0488250e+00   8.3105100e-01   3.6447874e+00   1.0000000e+00
   1.2700000e+02   1.0000000e+00   7.0015100e-01   8.3105100e-01   3.6447874e+00   0.0000000e+00
   1.2800000e+02   0.0000000e+00   4.7262000e-01   8.3105100e-01   3.6447874e+00   1.0000000e+00
   1.2900000e+02   1.0000000e+00   1.3722150e+00   8.3105100e-01   3.6447874e+00   1.0000000e+00
   1.3000000e+02   0.0000000e+00   1.3047140e+00   8.3105100e-01   3.6447874e+00   0.0000000e+00
   1.3100000e+02   1.0000000e+00   5.3642200e-01   8.3105100e-01   3.6447874e+00   0.0000000e+00
   1.3200000e+02   0.0000000e+00   4.8594600e-01   8.3105100e-01   3.6447874e+00   0.0000000e+00
   1.3300000e+02   0.0000000e+00   1.3344200e+00   8.3105100e-01   3.6447874e+00   1.0000000e+00
   1.3400000e+02   0.0000000e+00   1.0531220e+00   8.3105100e-01   3.6447874e+00   1.0000000e+00
   1.3500000e+02   1.0000000e+00   2.0487540e+00   8.3105100e-01   3.6447874e+00   0.0000000e+00
   1.3600000e+02   1.0000000e+00   1.2689050e+00   8.3105100e-01   3.6447874e+00   1.0000000e+00
