1	0	3.646942	0.825058	2.8664115685	1
2	0	1.199041	0.825058	2.8664115685	1
3	0	0.581843	0.825058	2.8664115685	0
4	0	0.632010	0.825058	2.8664115685	0
5	0	0.553415	0.825058	2.8664115685	1
6	0	1.030045	0.825058	2.8664115685	1
7	1	1.260536	0.825058	2.8664115685	1
8	0	0.933593	0.825058	2.8664115685	0
9	1	0.663233	0.825058	2.8664115685	0
10	0	0.737736	0.825058	2.8664115685	0
11	1	1.300541	0.825058	2.8664115685	1
12	0	1.713939	0.825058	2.8664115685	0
13	1	0.774850	0.825058	2.8664115685	0
14	0	1.413337	0.825058	2.8664115685	1
15	0	1.594903	0.825058	2.8664115685	0
16	0	0.853233	0.825058	2.8664115685	0
17	1	2.196551	0.825058	2.8664115685	0
18	0	2.007165	0.825058	2.8664115685	0
19	1	0.762329	0.825058	2.8664115685	1
20	0	0.753714	0.825058	2.8664115685	0
21	1	0.692792	0.825058	2.8664115685	0
22	0	0.601787	0.825058	2.8664115685	0
23	0	0.724122	0.825058	2.8664115685	1
24	0	1.870324	0.825058	2.8664115685	1
25	0	2.369060	0.825058	2.8664115685	1
26	1	0.555055	0.825058	2.8664115685	1
27	1	1.431859	0.825058	2.8664115685	0
28	0	0.509679	0.825058	2.8664115685	1
29	0	1.673226	0.825058	2.8664115685	1
30	0	0.591805	0.825058	2.8664115685	0
31	1	0.570818	0.825058	2.8664115685	1
32	0	1.263019	0.825058	2.8664115685	0
33	0	1.623716	0.825058	2.8664115685	1
34	0	0.873819	0.825058	2.8664115685	1
35	1	0.705315	0.825058	2.8664115685	1
36	0	1.384685	0.825058	2.8664115685	1
37	1	0.628319	0.825058	2.8664115685	0
38	0	0.748613	0.825058	2.8664115685	1
39	0	0.574237	0.825058	2.8664115685	0
40	1	0.546349	0.825058	2.8664115685	1
41	0	0.723797	0.825058	2.8664115685	1
42	1	0.532417	0.825058	2.8664115685	0
43	0	0.752238	0.825058	2.8664115685	1
44	0	1.099772	0.825058	2.8664115685	1
45	0	1.559058	0.825058	2.8664115685	0
46	1	0.910410	0.825058	2.8664115685	0
47	0	1.076836	0.825058	2.8664115685	1
48	0	0.590625	0.825058	2.8664115685	0
49	0	0.705986	0.825058	2.8664115685	1
50	0	0.787902	0.825058	2.8664115685	0
51	1	0.986213	0.825058	2.8664115685	1
52	0	0.796802	0.825058	2.8664115685	0
53	0	0.688104	0.825058	2.8664115685	0
54	0	1.183043	0.825058	2.8664115685	0
55	0	0.815518	0.825058	2.8664115685	1
56	0	0.567163	0.825058	2.8664115685	0
57	0	1.940610	0.825058	2.8664115685	1
58	0	0.991425	0.825058	2.8664115685	0
59	0	1.982510	0.825058	2.8664115685	1
60	1	0.899284	0.825058	2.8664115685	0
61	0	1.647349	0.825058	2.8664115685	0
62	0	0.772356	0.825058	2.8664115685	0
63	0	0.673481	0.825058	2.8664115685	0
64	0	0.772158	0.825058	2.8664115685	0
65	1	0.720936	0.825058	2.8664115685	1
66	0	1.912937	0.825058	2.8664115685	1
67	1	1.205955	0.825058	2.8664115685	1
68	0	1.156485	0.825058	2.8664115685	1
69	0	0.883274	0.825058	2.8664115685	1
70	0	0.818125	0.825058	2.8664115685	1
71	1	1.851552	0.825058	2.8664115685	0
72	1	0.711712	0.825058	2.8664115685	0
73	0	0.993377	0.825058	2.8664115685	1
74	0	0.549395	0.825058	2.8664115685	0
75	0	1.364404	0.825058	2.8664115685	1
76	0	0.795876	0.825058	2.8664115685	1
77	0	0.500867	0.825058	2.8664115685	0
78	1	0.916298	0.825058	2.8664115685	1
79	0	0.514651	0.825058	2.8664115685	0
80	1	0.641351	0.825058	2.8664115685	0
81	0	0.587050	0.825058	2.8664115685	0
82	0	1.068896	0.825058	2.8664115685	0
83	0	0.583958	0.825058	2.8664115685	1
84	1	0.539933	0.825058	2.8664115685	1
85	0	0.526289	0.825058	2.8664115685	0
86	1	1.056124	0.825058	2.8664115685	1
87	0	0.917162	0.825058	2.8664115685	1
88	1	0.576765	0.825058	2.8664115685	0
89	0	0.741243	0.825058	2.8664115685	1
90	0	0.549336	0.825058	2.8664115685	1
91	0	0.780939	0.825058	2.8664115685	0
92	0	0.650673	0.825058	2.8664115685	1
93	0	1.946417	0.825058	2.8664115685	0
94	0	0.762039	0.825058	2.8664115685	1
95	0	1.548120	0.825058	2.8664115685	0
96	0	1.326089	0.825058	2.8664115685	0
97	0	0.509581	0.825058	2.8664115685	0
98	0	0.666993	0.825058	2.8664115685	0
99	0	0.689100	0.825058	2.8664115685	1
100	1	0.633918	0.825058	2.8664115685	1
101	0	0.647933	0.825058	2.8664115685	1
102	1	0.598856	0.825058	2.8664115685	0
103	0	1.505834	0.825058	2.8664115685	1
104	1	0.649490	0.825058	2.8664115685	1
105	0	0.752781	0.825058	2.8664115685	1
106	1	0.523796	0.825058	2.8664115685	0
107	0	1.644858	0.825058	2.8664115685	0
108	0	0.514721	0.825058	2.8664115685	1
109	1	1.407202	0.825058	2.8664115685	0
110	0	0.693064	0.825058	2.8664115685	0
111	0	1.189278	0.825058	2.8664115685	0
112	1	0.811392	0.825058	2.8664115685	1
113	0	0.998334	0.825058	2.8664115685	1
114	0	2.499739	0.825058	2.8664115685	0
115	0	1.305694	0.825058	2.8664115685	1
116	1	0.723841	0.825058	2.8664115685	0
117	0	0.577823	0.825058	2.8664115685	1
118	1	1.535377	0.825058	2.8664115685	1
119	1	0.606513	0.825058	2.8664115685	1
120	0	1.605720	0.825058	2.8664115685	0
121	0	0.902219	0.825058	2.8664115685	0
122	0	0.866671	0.825058	2.8664115685	0
123	0	0.551518	0.825058	2.8664115685	1
124	0	0.585530	0.825058	2.8664115685	0
125	1	0.892805	0.825058	2.8664115685	0
126	0	0.922320	0.825058	2.8664115685	1
127	0	0.707186	0.825058	2.8664115685	0
128	1	0.514795	0.825058	2.8664115685	1
129	0	0.854820	0.825058	2.8664115685	1
130	1	2.556007	0.825058	2.8664115685	0
131	0	0.901108	0.825058	2.8664115685	0
132	0	0.662486	0.825058	2.8664115685	0
133	0	1.313243	0.825058	2.8664115685	1
134	0	0.545936	0.825058	2.8664115685	1
135	1	1.638732	0.825058	2.8664115685	0
136	1	0.591944	0.825058	2.8664115685	1
