   1.0000000e+00   0.0000000e+00   2.9509880e+00   8.3741100e-01   2.7577497e+00   0.0000000e+00
   2.0000000e+00   0.0000000e+00   6.0103900e-01   8.3741100e-01   2.7577497e+00   1.0000000e+00
   3.0000000e+00   1.0000000e+00   4.7157800e-01   8.3741100e-01   2.7577497e+00   1.0000000e+00
   4.0000000e+00   0.0000000e+00   8.5810500e-01   8.3741100e-01   2.7577497e+00   0.0000000e+00
   5.0000000e+00   1.0000000e+00   7.0773000e-01   8.3741100e-01   2.7577497e+00   0.0000000e+00
   6.0000000e+00   0.0000000e+00   1.6929610e+00   8.3741100e-01   2.7577497e+00   1.0000000e+00
   7.0000000e+00   0.0000000e+00   5.5782000e-01   8.3741100e-01   2.7577497e+00   1.0000000e+00
   8.0000000e+00   0.0000000e+00   6.3160800e-01   8.3741100e-01   2.7577497e+00   1.0000000e+00
   9.0000000e+00   0.0000000e+00   2.2352100e+00   8.3741100e-01   2.7577497e+00   0.0000000e+00
   1.0000000e+01   0.0000000e+00   5.3973900e-01   8.3741100e-01   2.7577497e+00   1.0000000e+00
   1.1000000e+01   1.0000000e+00   1.3919850e+00   8.3741100e-01   2.7577497e+00   1.0000000e+00
   1.2000000e+01   0.0000000e+00   1.2184550e+00   8.3741100e-01   2.7577497e+00   1.0000000e+00
   1.3000000e+01   1.0000000e+00   8.0349500e-01   8.3741100e-01   2.7577497e+00   0.0000000e+00
   1.4000000e+01   0.0000000e+00   4.4697500e-01   8.3741100e-01   2.7577497e+00   0.0000000e+00
   1.5000000e+01   1.0000000e+00   6.2897600e-01   8.3741100e-01   2.7577497e+00   0.0000000e+00
   1.6000000e+01   0.0000000e+00   5.3084700e-01   8.3741100e-01   2.7577497e+00   1.0000000e+00
   1.7000000e+01   0.0000000e+00   1.2478210e+00   8.3741100e-01   2.7577497e+00   0.0000000e+00
   1.8000000e+01   0.0000000e+00   6.9699900e-01   8.3741100e-01   2.7577497e+00   1.0000000e+00
   1.9000000e+01   1.0000000e+00   9.9248900e-01   8.3741100e-01   2.7577497e+00   1.0000000e+00
   2.0000000e+01   0.0000000e+00   8.0317200e-01   8.3741100e-01   2.7577497e+00   0.0000000e+00
   2.1000000e+01   0.0000000e+00   6.6475900e-01   8.3741100e-01   2.7577497e+00   1.0000000e+00
   2.2000000e+01   0.0000000e+00   7.1227100e-01   8.3741100e-01   2.7577497e+00   1.0000000e+00
   2.3000000e+01   0.0000000e+00   9.2485400e-01   8.3741100e-01   2.7577497e+00   0.0000000e+00
   2.4000000e+01   1.0000000e+00   1.0421990e+00   8.3741100e-01   2.7577497e+00   0.0000000e+00
   2.5000000e+01   0.0000000e+00   1.5256050e+00   8.3741100e-01   2.7577497e+00   1.0000000e+00
   2.6000000e+01   0.0000000e+00   4.3732300e-01   8.3741100e-01   2.7577497e+00   0.0000000e+00
   2.7000000e+01   1.0000000e+00   4.9927800e-01   8.3741100e-01   2.7577497e+00   1.0000000e+00
   2.8000000e+01   0.0000000e+00   4.8499900e-01   8.3741100e-01   2.7577497e+00   0.0000000e+00
   2.9000000e+01   0.0000000e+00   4.9996200e-01   8.3741100e-01   2.7577497e+00   0.0000000e+00
   3.0000000e+01   0.0000000e+00   5.6318900e-01   8.3741100e-01   2.7577497e+00   0.0000000e+00
   3.1000000e+01   1.0000000e+00   1.0034000e+00   8.3741100e-01   2.7577497e+00   0.0000000e+00
   3.2000000e+01   0.0000000e+00   4.6679000e-01   8.3741100e-01   2.7577497e+00   1.0000000e+00
   3.3000000e+01   0.0000000e+00   8.5007800e-01   8.3741100e-01   2.7577497e+00   1.0000000e+00
   3.4000000e+01   0.0000000e+00   9.7079200e-01   8.3741100e-01   2.7577497e+00   0.0000000e+00
   3.5000000e+01   1.0000000e+00   5.1684300e-01   8.3741100e-01   2.7577497e+00   1.0000000e+00
   3.6000000e+01   0.0000000e+00   1.2244770e+00   8.3741100e-01   2.7577497e+00   0.0000000e+00
   3.7000000e+01   1.0000000e+00   1.7433750e+00   8.3741100e-01   2.7577497e+00   1.0000000e+00
   3.8000000e+01   0.0000000e+00   1.3632520e+00   8.3741100e-01   2.7577497e+00   0.0000000e+00
   3.9000000e+01   0.0000000e+00   1.3463200e+00   8.3741100e-01   2.7577497e+00   1.0000000e+00
   4.0000000e+01   0.0000000e+00   5.5421500e-01   8.3741100e-01   2.7577497e+00   1.0000000e+00
   4.1000000e+01   1.0000000e+00   4.4415200e-01   8.3741100e-01   2.7577497e+00   0.0000000e+00
   4.2000000e+01   0.0000000e+00   3.7662600e+00   8.3741100e-01   2.7577497e+00   0.0000000e+00
   4.3000000e+01   0.0000000e+00   6.0228700e-01   8.3741100e-01   2.7577497e+00   1.0000000e+00
   4.4000000e+01   0.0000000e+00   7.0127000e-01   8.3741100e-01   2.7577497e+00   1.0000000e+00
   4.5000000e+01   0.0000000e+00   7.3840300e-01   8.3741100e-01   2.7577497e+00   1.0000000e+00
   4.6000000e+01   0.0000000e+00   8.3865600e-01   8.3741100e-01   2.7577497e+00   0.0000000e+00
   4.7000000e+01   0.0000000e+00   1.4874660e+00   8.3741100e-01   2.7577497e+00   0.0000000e+00
   4.8000000e+01   0.0000000e+00   5.7609400e-01   8.3741100e-01   2.7577497e+00   0.0000000e+00
   4.9000000e+01   1.0000000e+00   5.0534400e-01   8.3741100e-01   2.7577497e+00   1.0000000e+00
   5.0000000e+01   0.0000000e+00   7.3570300e-01   8.3741100e-01   2.7577497e+00   0.0000000e+00
   5.1000000e+01   1.0000000e+00   7.9791700e-01   8.3741100e-01   2.7577497e+00   0.0000000e+00
   5.2000000e+01   0.0000000e+00   2.5722400e+00   8.3741100e-01   2.7577497e+00   1.0000000e+00
   5.3000000e+01   1.0000000e+00   9.4828600e-01   8.3741100e-01   2.7577497e+00   0.0000000e+00
   5.4000000e+01   0.0000000e+00   7.5239500e-01   8.3741100e-01   2.7577497e+00   0.0000000e+00
   5.5000000e+01   0.0000000e+00   5.9683100e-01   8.3741100e-01   2.7577497e+00   0.0000000e+00
   5.6000000e+01   0.0000000e+00   6.7269200e-01   8.3741100e-01   2.7577497e+00   1.0000000e+00
   5.7000000e+01   1.0000000e+00   8.3341100e-01   8.3741100e-01   2.7577497e+00   1.0000000e+00
   5.8000000e+01   0.0000000e+00   2.0735450e+00   8.3741100e-01   2.7577497e+00   1.0000000e+00
   5.9000000e+01   1.0000000e+00   5.6579900e-01   8.3741100e-01   2.7577497e+00   0.0000000e+00
   6.0000000e+01   0.0000000e+00   2.2616250e+00   8.3741100e-01   2.7577497e+00   0.0000000e+00
   6.1000000e+01   0.0000000e+00   1.2267000e+00   8.3741100e-01   2.7577497e+00   1.0000000e+00
   6.2000000e+01   0.0000000e+00   6.5566000e-01   8.3741100e-01   2.7577497e+00   0.0000000e+00
   6.3000000e+01   1.0000000e+00   2.0191170e+00   8.3741100e-01   2.7577497e+00   1.0000000e+00
   6.4000000e+01   0.0000000e+00   8.2184100e-01   8.3741100e-01   2.7577497e+00   1.0000000e+00
   6.5000000e+01   0.0000000e+00   4.8981200e-01   8.3741100e-01   2.7577497e+00   0.0000000e+00
   6.6000000e+01   1.0000000e+00   7.3638900e-01   8.3741100e-01   2.7577497e+00   1.0000000e+00
   6.7000000e+01   0.0000000e+00   7.8803600e-01   8.3741100e-01   2.7577497e+00   1.0000000e+00
   6.8000000e+01   0.0000000e+00   7.1442300e-01   8.3741100e-01   2.7577497e+00   0.0000000e+00
   6.9000000e+01   0.0000000e+00   4.4571900e-01   8.3741100e-01   2.7577497e+00   1.0000000e+00
   7.0000000e+01   0.0000000e+00   7.1592000e-01   8.3741100e-01   2.7577497e+00   1.0000000e+00
   7.1000000e+01   1.0000000e+00   1.1250030e+00   8.3741100e-01   2.7577497e+00   0.0000000e+00
   7.2000000e+01   0.0000000e+00   6.7128600e-01   8.3741100e-01   2.7577497e+00   0.0000000e+00
   7.3000000e+01   0.0000000e+00   9.4230500e-01   8.3741100e-01   2.7577497e+00   0.0000000e+00
   7.4000000e+01   0.0000000e+00   4.9613600e-01   8.3741100e-01   2.7577497e+00   1.0000000e+00
   7.5000000e+01   0.0000000e+00   1.1285050e+00   8.3741100e-01   2.7577497e+00   1.0000000e+00
   7.6000000e+01   0.0000000e+00   5.9459000e-01   8.3741100e-01   2.7577497e+00   1.0000000e+00
   7.7000000e+01   1.0000000e+00   8.6288900e-01   8.3741100e-01   2.7577497e+00   0.0000000e+00
   7.8000000e+01   0.0000000e+00   6.2245800e-01   8.3741100e-01   2.7577497e+00   0.0000000e+00
   7.9000000e+01   1.0000000e+00   9.2935300e-01   8.3741100e-01   2.7577497e+00   1.0000000e+00
   8.0000000e+01   0.0000000e+00   5.0908800e-01   8.3741100e-01   2.7577497e+00   0.0000000e+00
   8.1000000e+01   1.0000000e+00   6.1551100e-01   8.3741100e-01   2.7577497e+00   0.0000000e+00
   8.2000000e+01   0.0000000e+00   1.5650480e+00   8.3741100e-01   2.7577497e+00   0.0000000e+00
   8.3000000e+01   0.0000000e+00   6.4394700e-01   8.3741100e-01   2.7577497e+00   1.0000000e+00
   8.4000000e+01   0.0000000e+00   1.0465700e+00   8.3741100e-01   2.7577497e+00   0.0000000e+00
   8.5000000e+01   0.0000000e+00   9.3248100e-01   8.3741100e-01   2.7577497e+00   1.0000000e+00
   8.6000000e+01   1.0000000e+00   4.9613000e-01   8.3741100e-01   2.7577497e+00   1.0000000e+00
   8.7000000e+01   0.0000000e+00   8.7574200e-01   8.3741100e-01   2.7577497e+00   1.0000000e+00
   8.8000000e+01   0.0000000e+00   4.8595300e-01   8.3741100e-01   2.7577497e+00   0.0000000e+00
   8.9000000e+01   1.0000000e+00   5.3594500e-01   8.3741100e-01   2.7577497e+00   1.0000000e+00
   9.0000000e+01   0.0000000e+00   5.8929800e-01   8.3741100e-01   2.7577497e+00   0.0000000e+00
   9.1000000e+01   0.0000000e+00   4.9828600e-01   8.3741100e-01   2.7577497e+00   1.0000000e+00
   9.2000000e+01   1.0000000e+00   9.2190100e-01   8.3741100e-01   2.7577497e+00   0.0000000e+00
   9.3000000e+01   0.0000000e+00   9.1643300e-01   8.3741100e-01   2.7577497e+00   0.0000000e+00
   9.4000000e+01   0.0000000e+00   4.4286400e-01   8.3741100e-01   2.7577497e+00   1.0000000e+00
   9.5000000e+01   1.0000000e+00   7.1872100e-01   8.3741100e-01   2.7577497e+00   1.0000000e+00
   9.6000000e+01   0.0000000e+00   5.1835500e-01   8.3741100e-01   2.7577497e+00   1.0000000e+00
   9.7000000e+01   0.0000000e+00   5.7195300e-01   8.3741100e-01   2.7577497e+00   1.0000000e+00
   9.8000000e+01   0.0000000e+00   9.4198400e-01   8.3741100e-01   2.7577497e+00   1.0000000e+00
   9.9000000e+01   0.0000000e+00   7.9654500e-01   8.3741100e-01   2.7577497e+00   0.0000000e+00
   1.0000000e+02   0.0000000e+00   4.9989000e-01   8.3741100e-01   2.7577497e+00   0.0000000e+00
   1.0100000e+02   1.0000000e+00   6.7001100e-01   8.3741100e-01   2.7577497e+00   0.0000000e+00
   1.0200000e+02   0.0000000e+00   3.2996230e+00   8.3741100e-01   2.7577497e+00   0.0000000e+00
   1.0300000e+02   0.0000000e+00   4.5414800e-01   8.3741100e-01   2.7577497e+00   1.0000000e+00
   1.0400000e+02   1.0000000e+00   2.2358660e+00   8.3741100e-01   2.7577497e+00   1.0000000e+00
   1.0500000e+02   1.0000000e+00   8.3508700e-01   8.3741100e-01   2.7577497e+00   0.0000000e+00
   1.0600000e+02   0.0000000e+00   5.5473800e-01   8.3741100e-01   2.7577497e+00   1.0000000e+00
   1.0700000e+02   0.0000000e+00   8.6297200e-01   8.3741100e-01   2.7577497e+00   0.0000000e+00
   1.0800000e+02   0.0000000e+00   7.8447900e-01   8.3741100e-01   2.7577497e+00   1.0000000e+00
   1.0900000e+02   1.0000000e+00   8.7778600e-01   8.3741100e-01   2.7577497e+00   0.0000000e+00
   1.1000000e+02   1.0000000e+00   8.0543900e-01   8.3741100e-01   2.7577497e+00   1.0000000e+00
   1.1100000e+02   0.0000000e+00   7.0800400e-01   8.3741100e-01   2.7577497e+00   0.0000000e+00
   1.1200000e+02   1.0000000e+00   1.5650610e+00   8.3741100e-01   2.7577497e+00   0.0000000e+00
   1.1300000e+02   0.0000000e+00   1.2136090e+00   8.3741100e-01   2.7577497e+00   0.0000000e+00
   1.1400000e+02   0.0000000e+00   5.0922900e-01   8.3741100e-01   2.7577497e+00   1.0000000e+00
   1.1500000e+02   0.0000000e+00   5.4809200e-01   8.3741100e-01   2.7577497e+00   1.0000000e+00
   1.1600000e+02   0.0000000e+00   8.8517400e-01   8.3741100e-01   2.7577497e+00   1.0000000e+00
   1.1700000e+02   0.0000000e+00   2.3906470e+00   8.3741100e-01   2.7577497e+00   0.0000000e+00
   1.1800000e+02   0.0000000e+00   1.0606820e+00   8.3741100e-01   2.7577497e+00   0.0000000e+00
   1.1900000e+02   0.0000000e+00   9.1902600e-01   8.3741100e-01   2.7577497e+00   0.0000000e+00
   1.2000000e+02   0.0000000e+00   7.1243500e-01   8.3741100e-01   2.7577497e+00   1.0000000e+00
   1.2100000e+02   1.0000000e+00   5.9419200e-01   8.3741100e-01   2.7577497e+00   1.0000000e+00
   1.2200000e+02   1.0000000e+00   6.4923600e-01   8.3741100e-01   2.7577497e+00   1.0000000e+00
   1.2300000e+02   0.0000000e+00   9.9228200e-01   8.3741100e-01   2.7577497e+00   0.0000000e+00
   1.2400000e+02   0.0000000e+00   1.8597370e+00   8.3741100e-01   2.7577497e+00   0.0000000e+00
   1.2500000e+02   0.0000000e+00   5.0466500e-01   8.3741100e-01   2.7577497e+00   1.0000000e+00
   1.2600000e+02   1.0000000e+00   1.3560880e+00   8.3741100e-01   2.7577497e+00   0.0000000e+00
   1.2700000e+02   0.0000000e+00   4.8442900e-01   8.3741100e-01   2.7577497e+00   0.0000000e+00
   1.2800000e+02   1.0000000e+00   1.0178090e+00   8.3741100e-01   2.7577497e+00   1.0000000e+00
   1.2900000e+02   0.0000000e+00   1.0381720e+00   8.3741100e-01   2.7577497e+00   1.0000000e+00
   1.3000000e+02   1.0000000e+00   6.7451300e-01   8.3741100e-01   2.7577497e+00   0.0000000e+00
   1.3100000e+02   0.0000000e+00   6.1676200e-01   8.3741100e-01   2.7577497e+00   0.0000000e+00
   1.3200000e+02   0.0000000e+00   8.4057500e-01   8.3741100e-01   2.7577497e+00   1.0000000e+00
   1.3300000e+02   0.0000000e+00   5.1456500e-01   8.3741100e-01   2.7577497e+00   0.0000000e+00
   1.3400000e+02   0.0000000e+00   1.5126910e+00   8.3741100e-01   2.7577497e+00   1.0000000e+00
   1.3500000e+02   1.0000000e+00   1.1359730e+00   8.3741100e-01   2.7577497e+00   0.0000000e+00
   1.3600000e+02   1.0000000e+00   4.9506700e-01   8.3741100e-01   2.7577497e+00   1.0000000e+00
