1	0	1.316553	0.824823	2.8642340005	1
2	0	0.821813	0.824823	2.8642340005	0
3	0	1.291129	0.824823	2.8642340005	0
4	1	0.672522	0.824823	2.8642340005	1
5	0	0.548436	0.824823	2.8642340005	0
6	0	0.580650	0.824823	2.8642340005	0
7	0	0.902029	0.824823	2.8642340005	1
8	1	0.866818	0.824823	2.8642340005	0
9	0	1.136997	0.824823	2.8642340005	0
10	0	0.737634	0.824823	2.8642340005	0
11	1	1.245568	0.824823	2.8642340005	1
12	0	0.925487	0.824823	2.8642340005	0
13	0	1.906145	0.824823	2.8642340005	1
14	0	0.972974	0.824823	2.8642340005	1
15	0	0.735478	0.824823	2.8642340005	0
16	0	0.595117	0.824823	2.8642340005	1
17	0	0.688880	0.824823	2.8642340005	1
18	1	1.198285	0.824823	2.8642340005	0
19	0	1.304801	0.824823	2.8642340005	1
20	1	0.963890	0.824823	2.8642340005	0
21	0	0.504589	0.824823	2.8642340005	1
22	0	0.979233	0.824823	2.8642340005	1
23	0	1.063764	0.824823	2.8642340005	1
24	0	0.581223	0.824823	2.8642340005	0
25	1	0.825084	0.824823	2.8642340005	1
26	0	1.468868	0.824823	2.8642340005	1
27	0	0.564472	0.824823	2.8642340005	1
28	0	0.714760	0.824823	2.8642340005	1
29	1	0.532667	0.824823	2.8642340005	0
30	0	0.854595	0.824823	2.8642340005	0
31	0	1.005928	0.824823	2.8642340005	0
32	1	0.575784	0.824823	2.8642340005	1
33	0	0.722672	0.824823	2.8642340005	0
34	1	0.618656	0.824823	2.8642340005	0
35	1	0.518713	0.824823	2.8642340005	1
36	0	0.796402	0.824823	2.8642340005	1
37	0	0.823179	0.824823	2.8642340005	0
38	0	1.101874	0.824823	2.8642340005	0
39	0	0.896726	0.824823	2.8642340005	0
40	1	1.071826	0.824823	2.8642340005	1
41	0	0.545411	0.824823	2.8642340005	1
42	1	0.527787	0.824823	2.8642340005	0
43	0	0.646044	0.824823	2.8642340005	0
44	0	0.949018	0.824823	2.8642340005	1
45	0	2.212218	0.824823	2.8642340005	0
46	1	0.509509	0.824823	2.8642340005	1
47	0	2.474263	0.824823	2.8642340005	0
48	0	1.412528	0.824823	2.8642340005	1
49	1	0.780035	0.824823	2.8642340005	0
50	0	0.712396	0.824823	2.8642340005	1
51	1	0.745705	0.824823	2.8642340005	0
52	0	0.932642	0.824823	2.8642340005	0
53	0	1.045339	0.824823	2.8642340005	0
54	0	0.855517	0.824823	2.8642340005	1
55	1	1.355584	0.824823	2.8642340005	1
56	0	0.942908	0.824823	2.8642340005	0
57	0	0.835430	0.824823	2.8642340005	0
58	1	0.553033	0.824823	2.8642340005	0
59	0	0.626889	0.824823	2.8642340005	1
60	1	0.973284	0.824823	2.8642340005	1
61	1	0.731175	0.824823	2.8642340005	1
62	0	1.089130	0.824823	2.8642340005	0
63	0	2.902762	0.824823	2.8642340005	0
64	0	0.638905	0.824823	2.8642340005	1
65	0	1.636636	0.824823	2.8642340005	1
66	0	0.610593	0.824823	2.8642340005	1
67	0	0.620131	0.824823	2.8642340005	1
68	0	0.674118	0.824823	2.8642340005	0
69	1	1.171437	0.824823	2.8642340005	0
70	0	0.559148	0.824823	2.8642340005	0
71	0	0.910442	0.824823	2.8642340005	0
72	1	1.831974	0.824823	2.8642340005	0
73	0	1.693443	0.824823	2.8642340005	0
74	1	1.243892	0.824823	2.8642340005	1
75	0	1.188928	0.824823	2.8642340005	0
76	0	0.555296	0.824823	2.8642340005	1
77	0	0.606383	0.824823	2.8642340005	1
78	0	0.890028	0.824823	2.8642340005	1
79	1	1.641066	0.824823	2.8642340005	0
80	0	1.042955	0.824823	2.8642340005	1
81	0	1.671252	0.824823	2.8642340005	1
82	0	0.653494	0.824823	2.8642340005	0
83	0	1.284618	0.824823	2.8642340005	1
84	1	2.056140	0.824823	2.8642340005	1
85	0	0.836310	0.824823	2.8642340005	1
86	0	0.604685	0.824823	2.8642340005	0
87	0	1.613372	0.824823	2.8642340005	1
88	1	0.866040	0.824823	2.8642340005	1
89	0	0.575730	0.824823	2.8642340005	0
90	0	0.886028	0.824823	2.8642340005	0
91	0	0.657034	0.824823	2.8642340005	1
92	0	0.751978	0.824823	2.8642340005	0
93	1	0.599121	0.824823	2.8642340005	0
94	0	0.860222	0.824823	2.8642340005	1
95	0	0.533220	0.824823	2.8642340005	1
96	0	0.534808	0.824823	2.8642340005	1
97	0	1.544515	0.824823	2.8642340005	0
98	1	1.057278	0.824823	2.8642340005	1
99	0	0.955747	0.824823	2.8642340005	0
100	0	0.588866	0.824823	2.8642340005	0
101	1	1.011687	0.824823	2.8642340005	0
102	1	0.675082	0.824823	2.8642340005	1
103	0	0.772614	0.824823	2.8642340005	1
104	0	1.159284	0.824823	2.8642340005	0
105	0	0.902226	0.824823	2.8642340005	1
106	1	0.892685	0.824823	2.8642340005	0
107	0	1.389263	0.824823	2.8642340005	0
108	0	0.610181	0.824823	2.8642340005	0
109	0	0.842847	0.824823	2.8642340005	1
110	0	1.962019	0.824823	2.8642340005	1
111	1	1.787742	0.824823	2.8642340005	0
112	0	0.507664	0.824823	2.8642340005	1
113	1	1.535329	0.824823	2.8642340005	1
114	0	0.614115	0.824823	2.8642340005	0
115	1	1.060813	0.824823	2.8642340005	0
116	0	1.687426	0.824823	2.8642340005	1
117	0	0.714133	0.824823	2.8642340005	0
118	0	0.843900	0.824823	2.8642340005	0
119	1	3.850990	0.824823	2.8642340005	1
120	0	0.775732	0.824823	2.8642340005	0
121	1	0.704506	0.824823	2.8642340005	1
122	0	1.622452	0.824823	2.8642340005	0
123	1	0.973865	0.824823	2.8642340005	0
124	0	1.065410	0.824823	2.8642340005	1
125	0	0.535644	0.824823	2.8642340005	0
126	0	0.696585	0.824823	2.8642340005	1
127	0	1.616255	0.824823	2.8642340005	1
128	1	0.859486	0.824823	2.8642340005	1
129	0	0.798397	0.824823	2.8642340005	0
130	1	1.278925	0.824823	2.8642340005	0
131	0	1.417073	0.824823	2.8642340005	1
132	0	0.553576	0.824823	2.8642340005	1
133	0	1.306364	0.824823	2.8642340005	0
134	0	0.671592	0.824823	2.8642340005	1
135	1	0.993360	0.824823	2.8642340005	0
136	1	0.674116	0.824823	2.8642340005	1
