1	0	1.495620	0.827044	2.7052344743	1
2	0	0.815365	0.827044	2.7052344743	1
3	1	3.157795	0.827044	2.7052344743	0
4	0	0.952784	0.827044	2.7052344743	0
5	0	0.925595	0.827044	2.7052344743	1
6	1	0.603112	0.827044	2.7052344743	1
7	0	0.853181	0.827044	2.7052344743	1
8	0	0.823574	0.827044	2.7052344743	0
9	0	1.235703	0.827044	2.7052344743	0
10	0	0.657768	0.827044	2.7052344743	0
11	1	1.858026	0.827044	2.7052344743	0
12	0	0.633358	0.827044	2.7052344743	1
13	0	1.410908	0.827044	2.7052344743	1
14	1	0.905371	0.827044	2.7052344743	1
15	0	0.501205	0.827044	2.7052344743	0
16	0	0.789559	0.827044	2.7052344743	0
17	0	0.758020	0.827044	2.7052344743	0
18	0	0.766004	0.827044	2.7052344743	0
19	1	1.364068	0.827044	2.7052344743	1
20	0	0.701730	0.827044	2.7052344743	1
21	0	0.729637	0.827044	2.7052344743	0
22	1	0.535019	0.827044	2.7052344743	0
23	0	0.677939	0.827044	2.7052344743	0
24	0	1.534359	0.827044	2.7052344743	0
25	1	1.027849	0.827044	2.7052344743	1
26	0	0.794796	0.827044	2.7052344743	0
27	1	1.049908	0.827044	2.7052344743	0
28	0	0.513599	0.827044	2.7052344743	1
29	0	1.367030	0.827044	2.7052344743	0
30	0	0.758890	0.827044	2.7052344743	1
31	0	0.971082	0.827044	2.7052344743	1
32	1	1.757692	0.827044	2.7052344743	1
33	0	0.792090	0.827044	2.7052344743	1
34	0	0.516969	0.827044	2.7052344743	1
35	0	1.573369	0.827044	2.7052344743	0
36	0	1.221622	0.827044	2.7052344743	1
37	0	0.871424	0.827044	2.7052344743	0
38	1	1.491952	0.827044	2.7052344743	0
39	0	0.779825	0.827044	2.7052344743	1
40	0	1.058645	0.827044	2.7052344743	0
41	1	1.289481	0.827044	2.7052344743	0
42	0	0.548193	0.827044	2.7052344743	1
43	1	0.862007	0.827044	2.7052344743	1
44	0	0.607303	0.827044	2.7052344743	1
45	0	1.613263	0.827044	2.7052344743	1
46	0	0.592217	0.827044	2.7052344743	0
47	0	1.570423	0.827044	2.7052344743	0
48	0	0.754227	0.827044	2.7052344743	0
49	1	0.559395	0.827044	2.7052344743	0
50	0	0.690741	0.827044	2.7052344743	0
51	1	0.596522	0.827044	2.7052344743	1
52	0	0.947933	0.827044	2.7052344743	0
53	0	0.702783	0.827044	2.7052344743	0
54	0	0.638901	0.827044	2.7052344743	0
55	0	1.070195	0.827044	2.7052344743	1
56	1	0.684209	0.827044	2.7052344743	1
57	0	0.653025	0.827044	2.7052344743	1
58	0	0.575440	0.827044	2.7052344743	0
59	0	1.903555	0.827044	2.7052344743	1
60	0	1.627786	0.827044	2.7052344743	1
61	1	0.876859	0.827044	2.7052344743	0
62	0	1.220354	0.827044	2.7052344743	1
63	0	1.108372	0.827044	2.7052344743	0
64	1	1.235413	0.827044	2.7052344743	1
65	0	1.579798	0.827044	2.7052344743	1
66	0	0.818138	0.827044	2.7052344743	1
67	0	0.672820	0.827044	2.7052344743	1
68	1	2.320800	0.827044	2.7052344743	0
69	0	0.725670	0.827044	2.7052344743	1
70	1	1.200362	0.827044	2.7052344743	0
71	0	0.807913	0.827044	2.7052344743	0
72	0	0.840734	0.827044	2.7052344743	1
73	1	0.636987	0.827044	2.7052344743	1
74	0	0.509982	0.827044	2.7052344743	0
75	0	0.670245	0.827044	2.7052344743	1
76	1	0.793044	0.827044	2.7052344743	1
77	0	1.296222	0.827044	2.7052344743	0
78	0	1.555351	0.827044	2.7052344743	1
79	0	0.849242	0.827044	2.7052344743	0
80	0	1.001878	0.827044	2.7052344743	0
81	0	0.912905	0.827044	2.7052344743	0
82	1	0.960457	0.827044	2.7052344743	0
83	1	1.410332	0.827044	2.7052344743	1
84	0	0.833358	0.827044	2.7052344743	1
85	1	0.593703	0.827044	2.7052344743	0
86	0	2.042693	0.827044	2.7052344743	1
87	0	0.715751	0.827044	2.7052344743	1
88	0	0.862578	0.827044	2.7052344743	0
89	0	0.602198	0.827044	2.7052344743	1
90	0	0.576388	0.827044	2.7052344743	0
91	1	1.353467	0.827044	2.7052344743	0
92	0	1.531276	0.827044	2.7052344743	1
93	0	0.912359	0.827044	2.7052344743	0
94	0	1.801689	0.827044	2.7052344743	1
95	0	0.693715	0.827044	2.7052344743	0
96	0	0.962018	0.827044	2.7052344743	1
97	1	0.568728	0.827044	2.7052344743	1
98	1	0.761108	0.827044	2.7052344743	0
99	0	1.808638	0.827044	2.7052344743	0
100	0	0.755886	0.827044	2.7052344743	0
101	0	0.570690	0.827044	2.7052344743	1
102	1	0.701872	0.827044	2.7052344743	1
103	0	0.562345	0.827044	2.7052344743	0
104	1	1.476467	0.827044	2.7052344743	0
105	0	2.011513	0.827044	2.7052344743	1
106	1	0.780045	0.827044	2.7052344743	1
107	0	1.428817	0.827044	2.7052344743	0
108	0	0.699794	0.827044	2.7052344743	0
109	0	0.517670	0.827044	2.7052344743	0
110	0	0.634792	0.827044	2.7052344743	0
111	0	2.407483	0.827044	2.7052344743	1
112	0	0.790540	0.827044	2.7052344743	1
113	0	1.785257	0.827044	2.7052344743	0
114	1	0.627642	0.827044	2.7052344743	1
115	0	1.205426	0.827044	2.7052344743	0
116	1	0.631664	0.827044	2.7052344743	0
117	0	0.938407	0.827044	2.7052344743	1
118	1	0.580122	0.827044	2.7052344743	1
119	0	0.630199	0.827044	2.7052344743	1
120	0	1.585666	0.827044	2.7052344743	1
121	0	0.635555	0.827044	2.7052344743	0
122	0	0.734049	0.827044	2.7052344743	0
123	1	0.748064	0.827044	2.7052344743	0
124	0	1.844081	0.827044	2.7052344743	1
125	1	0.700402	0.827044	2.7052344743	0
126	1	1.202795	0.827044	2.7052344743	1
127	0	0.573502	0.827044	2.7052344743	1
128	1	1.090563	0.827044	2.7052344743	0
129	0	0.891839	0.827044	2.7052344743	1
130	0	0.707451	0.827044	2.7052344743	1
131	1	0.541373	0.827044	2.7052344743	1
132	0	1.132770	0.827044	2.7052344743	0
133	0	0.992438	0.827044	2.7052344743	0
134	0	0.589388	0.827044	2.7052344743	1
135	1	1.251269	0.827044	2.7052344743	1
136	1	0.698576	0.827044	2.7052344743	0
