1	0	3.050973	0.825913	2.6763748420	1
2	0	1.169547	0.825913	2.6763748420	1
3	0	0.539034	0.825913	2.6763748420	1
4	1	0.544659	0.825913	2.6763748420	0
5	0	0.679293	0.825913	2.6763748420	1
6	1	0.530627	0.825913	2.6763748420	1
7	0	2.655411	0.825913	2.6763748420	0
8	0	0.766009	0.825913	2.6763748420	1
9	0	0.515178	0.825913	2.6763748420	0
10	0	1.051795	0.825913	2.6763748420	0
11	1	1.583491	0.825913	2.6763748420	0
12	0	0.650770	0.825913	2.6763748420	0
13	1	0.970429	0.825913	2.6763748420	1
14	0	1.762842	0.825913	2.6763748420	0
15	1	1.162168	0.825913	2.6763748420	1
16	0	1.363898	0.825913	2.6763748420	1
17	0	0.515370	0.825913	2.6763748420	1
18	0	2.134636	0.825913	2.6763748420	1
19	0	0.694810	0.825913	2.6763748420	0
20	0	0.644422	0.825913	2.6763748420	0
21	1	0.527004	0.825913	2.6763748420	0
22	0	0.875823	0.825913	2.6763748420	1
23	0	0.760612	0.825913	2.6763748420	1
24	0	0.668683	0.825913	2.6763748420	0
25	1	1.828287	0.825913	2.6763748420	1
26	0	0.710180	0.825913	2.6763748420	0
27	0	0.623490	0.825913	2.6763748420	1
28	0	0.750072	0.825913	2.6763748420	0
29	1	1.055971	0.825913	2.6763748420	0
30	0	0.625449	0.825913	2.6763748420	0
31	0	1.230001	0.825913	2.6763748420	0
32	0	1.407442	0.825913	2.6763748420	0
33	1	0.906805	0.825913	2.6763748420	1
34	0	1.135234	0.825913	2.6763748420	1
35	0	0.865874	0.825913	2.6763748420	0
36	1	0.773701	0.825913	2.6763748420	0
37	0	0.524873	0.825913	2.6763748420	0
38	1	1.815007	0.825913	2.6763748420	0
39	0	0.517819	0.825913	2.6763748420	0
40	1	0.639361	0.825913	2.6763748420	1
41	0	2.691846	0.825913	2.6763748420	0
42	0	1.909936	0.825913	2.6763748420	0
43	0	1.101738	0.825913	2.6763748420	1
44	0	0.734528	0.825913	2.6763748420	1
45	0	1.033230	0.825913	2.6763748420	0
46	0	0.549446	0.825913	2.6763748420	1
47	0	0.578287	0.825913	2.6763748420	1
48	0	0.940020	0.825913	2.6763748420	1
49	1	1.769771	0.825913	2.6763748420	0
50	0	1.051957	0.825913	2.6763748420	1
51	0	1.225305	0.825913	2.6763748420	0
52	1	0.716030	0.825913	2.6763748420	1
53	1	1.435353	0.825913	2.6763748420	1
54	0	1.307556	0.825913	2.6763748420	0
55	0	0.719321	0.825913	2.6763748420	1
56	0	0.882832	0.825913	2.6763748420	0
57	1	1.343504	0.825913	2.6763748420	0
58	0	1.131980	0.825913	2.6763748420	1
59	0	0.921037	0.825913	2.6763748420	0
60	0	0.526870	0.825913	2.6763748420	0
61	0	0.981094	0.825913	2.6763748420	1
62	1	2.481782	0.825913	2.6763748420	1
63	0	1.334203	0.825913	2.6763748420	1
64	1	1.135632	0.825913	2.6763748420	0
65	0	1.702755	0.825913	2.6763748420	1
66	0	0.664717	0.825913	2.6763748420	0
67	0	1.643555	0.825913	2.6763748420	1
68	0	0.566041	0.825913	2.6763748420	1
69	1	2.018726	0.825913	2.6763748420	0
70	1	0.827623	0.825913	2.6763748420	1
71	0	0.645350	0.825913	2.6763748420	1
72	0	1.135522	0.825913	2.6763748420	1
73	0	0.544177	0.825913	2.6763748420	0
74	0	0.508932	0.825913	2.6763748420	0
75	0	0.642112	0.825913	2.6763748420	1
76	0	0.982653	0.825913	2.6763748420	1
77	0	0.597837	0.825913	2.6763748420	1
78	1	0.941296	0.825913	2.6763748420	1
79	0	0.722913	0.825913	2.6763748420	0
80	0	0.593693	0.825913	2.6763748420	0
81	1	0.908840	0.825913	2.6763748420	0
82	0	1.332590	0.825913	2.6763748420	0
83	1	0.946703	0.825913	2.6763748420	1
84	0	1.204495	0.825913	2.6763748420	1
85	1	0.638111	0.825913	2.6763748420	0
86	0	0.809478	0.825913	2.6763748420	0
87	0	1.208858	0.825913	2.6763748420	0
88	1	0.789712	0.825913	2.6763748420	0
89	0	1.063369	0.825913	2.6763748420	0
90	1	1.819754	0.825913	2.6763748420	1
91	0	0.898734	0.825913	2.6763748420	1
92	0	1.857819	0.825913	2.6763748420	1
93	0	0.749438	0.825913	2.6763748420	0
94	0	0.695644	0.825913	2.6763748420	1
95	1	0.623294	0.825913	2.6763748420	0
96	0	0.715000	0.825913	2.6763748420	1
97	0	0.803050	0.825913	2.6763748420	0
98	0	0.616341	0.825913	2.6763748420	1
99	0	0.560572	0.825913	2.6763748420	1
100	1	0.650306	0.825913	2.6763748420	1
101	0	0.737573	0.825913	2.6763748420	0
102	1	1.145001	0.825913	2.6763748420	0
103	0	0.973160	0.825913	2.6763748420	1
104	0	0.694411	0.825913	2.6763748420	0
105	0	1.241746	0.825913	2.6763748420	1
106	0	0.503087	0.825913	2.6763748420	1
107	0	0.582946	0.825913	2.6763748420	0
108	1	1.221211	0.825913	2.6763748420	1
109	0	0.879810	0.825913	2.6763748420	0
110	0	0.806733	0.825913	2.6763748420	0
111	0	0.930570	0.825913	2.6763748420	1
112	1	3.583408	0.825913	2.6763748420	1
113	0	0.625693	0.825913	2.6763748420	1
114	1	0.634641	0.825913	2.6763748420	0
115	1	0.707802	0.825913	2.6763748420	1
116	0	0.503291	0.825913	2.6763748420	0
117	0	0.559145	0.825913	2.6763748420	1
118	1	0.561173	0.825913	2.6763748420	0
119	0	0.903746	0.825913	2.6763748420	1
120	1	0.794323	0.825913	2.6763748420	0
121	0	0.774920	0.825913	2.6763748420	0
122	0	0.904814	0.825913	2.6763748420	1
123	0	0.783566	0.825913	2.6763748420	0
124	0	0.725996	0.825913	2.6763748420	1
125	0	1.021066	0.825913	2.6763748420	0
126	1	0.828482	0.825913	2.6763748420	1
127	0	0.632082	0.825913	2.6763748420	0
128	0	1.368722	0.825913	2.6763748420	0
129	1	0.532706	0.825913	2.6763748420	0
130	0	1.059414	0.825913	2.6763748420	0
131	1	0.679270	0.825913	2.6763748420	1
132	0	1.015231	0.825913	2.6763748420	1
133	0	0.600643	0.825913	2.6763748420	0
134	0	0.711231	0.825913	2.6763748420	1
135	1	0.626667	0.825913	2.6763748420	1
136	1	1.785406	0.825913	2.6763748420	0
