   1.0000000e+00   0.0000000e+00   1.7205580e+00   8.3083300e-01   2.7728528e+00   0.0000000e+00
   2.0000000e+00   0.0000000e+00   1.6973340e+00   8.3083300e-01   2.7728528e+00   0.0000000e+00
   3.0000000e+00   1.0000000e+00   1.0478470e+00   8.3083300e-01   2.7728528e+00   1.0000000e+00
   4.0000000e+00   0.0000000e+00   8.5189200e-01   8.3083300e-01   2.7728528e+00   0.0000000e+00
   5.0000000e+00   0.0000000e+00   1.1421750e+00   8.3083300e-01   2.7728528e+00   1.0000000e+00
   6.0000000e+00   1.0000000e+00   6.2338700e-01   8.3083300e-01   2.7728528e+00   0.0000000e+00
   7.0000000e+00   0.0000000e+00   5.3581500e-01   8.3083300e-01   2.7728528e+00   1.0000000e+00
   8.0000000e+00   1.0000000e+00   4.6893600e-01   8.3083300e-01   2.7728528e+00   1.0000000e+00
   9.0000000e+00   0.0000000e+00   5.9680600e-01   8.3083300e-01   2.7728528e+00   0.0000000e+00
   1.0000000e+01   1.0000000e+00   5.5410600e-01   8.3083300e-01   2.7728528e+00   0.0000000e+00
   1.1000000e+01   0.0000000e+00   4.3656100e-01   8.3083300e-01   2.7728528e+00   0.0000000e+00
   1.2000000e+01   0.0000000e+00   4.6226900e-01   8.3083300e-01   2.7728528e+00   1.0000000e+00
   1.3000000e+01   0.0000000e+00   1.1106480e+00   8.3083300e-01   2.7728528e+00   0.0000000e+00
   1.4000000e+01   0.0000000e+00   4.6269300e-01   8.3083300e-01   2.7728528e+00   0.0000000e+00
   1.5000000e+01   0.0000000e+00   7.2278100e-01   8.3083300e-01   2.7728528e+00   1.0000000e+00
   1.6000000e+01   1.0000000e+00   1.2993340e+00   8.3083300e-01   2.7728528e+00   0.0000000e+00
   1.7000000e+01   0.0000000e+00   1.3755330e+00   8.3083300e-01   2.7728528e+00   0.0000000e+00
   1.8000000e+01   1.0000000e+00   5.8749500e-01   8.3083300e-01   2.7728528e+00   1.0000000e+00
   1.9000000e+01   0.0000000e+00   8.0498400e-01   8.3083300e-01   2.7728528e+00   0.0000000e+00
   2.0000000e+01   1.0000000e+00   1.9161300e+00   8.3083300e-01   2.7728528e+00   0.0000000e+00
   2.1000000e+01   0.0000000e+00   1.2062020e+00   8.3083300e-01   2.7728528e+00   1.0000000e+00
   2.2000000e+01   0.0000000e+00   2.8455620e+00   8.3083300e-01   2.7728528e+00   1.0000000e+00
   2.3000000e+01   1.0000000e+00   1.1000620e+00   8.3083300e-01   2.7728528e+00   1.0000000e+00
   2.4000000e+01   0.0000000e+00   1.0265240e+00   8.3083300e-01   2.7728528e+00   1.0000000e+00
   2.5000000e+01   0.0000000e+00   1.2529950e+00   8.3083300e-01   2.7728528e+00   1.0000000e+00
   2.6000000e+01   0.0000000e+00   6.2207100e-01   8.3083300e-01   2.7728528e+00   0.0000000e+00
   2.7000000e+01   1.0000000e+00   6.4996300e-01   8.3083300e-01   2.7728528e+00   0.0000000e+00
   2.8000000e+01   0.0000000e+00   7.8339600e-01   8.3083300e-01   2.7728528e+00   0.0000000e+00
   2.9000000e+01   0.0000000e+00   1.9292160e+00   8.3083300e-01   2.7728528e+00   1.0000000e+00
   3.0000000e+01   1.0000000e+00   1.0205820e+00   8.3083300e-01   2.7728528e+00   1.0000000e+00
   3.1000000e+01   0.0000000e+00   1.8532130e+00   8.3083300e-01   2.7728528e+00   1.0000000e+00
   3.2000000e+01   0.0000000e+00   4.8029100e-01   8.3083300e-01   2.7728528e+00   0.0000000e+00
   3.3000000e+01   0.0000000e+00   6.1945800e-01   8.3083300e-01   2.7728528e+00   1.0000000e+00
   3.4000000e+01   0.0000000e+00   4.8665700e-01   8.3083300e-01   2.7728528e+00   1.0000000e+00
   3.5000000e+01   0.0000000e+00   6.2498900e-01   8.3083300e-01   2.7728528e+00   1.0000000e+00
   3.6000000e+01   1.0000000e+00   1.9866080e+00   8.3083300e-01   2.7728528e+00   1.0000000e+00
   3.7000000e+01   0.0000000e+00   5.1583500e-01   8.3083300e-01   2.7728528e+00   0.0000000e+00
   3.8000000e+01   0.0000000e+00   5.4624100e-01   8.3083300e-01   2.7728528e+00   1.0000000e+00
   3.9000000e+01   0.0000000e+00   5.4109400e-01   8.3083300e-01   2.7728528e+00   0.0000000e+00
   4.0000000e+01   1.0000000e+00   4.6969800e-01   8.3083300e-01   2.7728528e+00   0.0000000e+00
   4.1000000e+01   0.0000000e+00   6.5285400e-01   8.3083300e-01   2.7728528e+00   0.0000000e+00
   4.2000000e+01   0.0000000e+00   4.5592400e-01   8.3083300e-01   2.7728528e+00   1.0000000e+00
   4.3000000e+01   0.0000000e+00   5.7755300e-01   8.3083300e-01   2.7728528e+00   0.0000000e+00
   4.4000000e+01   0.0000000e+00   4.6569100e-01   8.3083300e-01   2.7728528e+00   0.0000000e+00
   4.5000000e+01   0.0000000e+00   6.6473800e-01   8.3083300e-01   2.7728528e+00   0.0000000e+00
   4.6000000e+01   1.0000000e+00   4.6820600e-01   8.3083300e-01   2.7728528e+00   1.0000000e+00
   4.7000000e+01   1.0000000e+00   9.0873900e-01   8.3083300e-01   2.7728528e+00   0.0000000e+00
   4.8000000e+01   0.0000000e+00   1.4535110e+00   8.3083300e-01   2.7728528e+00   0.0000000e+00
   4.9000000e+01   0.0000000e+00   7.3476400e-01   8.3083300e-01   2.7728528e+00   0.0000000e+00
   5.0000000e+01   0.0000000e+00   6.7674500e-01   8.3083300e-01   2.7728528e+00   1.0000000e+00
   5.1000000e+01   0.0000000e+00   4.8466400e-01   8.3083300e-01   2.7728528e+00   1.0000000e+00
   5.2000000e+01   1.0000000e+00   4.7770100e-01   8.3083300e-01   2.7728528e+00   0.0000000e+00
   5.3000000e+01   0.0000000e+00   4.8684100e-01   8.3083300e-01   2.7728528e+00   1.0000000e+00
   5.4000000e+01   0.0000000e+00   1.5089480e+00   8.3083300e-01   2.7728528e+00   1.0000000e+00
   5.5000000e+01   1.0000000e+00   7.1690000e-01   8.3083300e-01   2.7728528e+00   1.0000000e+00
   5.6000000e+01   1.0000000e+00   5.4800700e-01   8.3083300e-01   2.7728528e+00   0.0000000e+00
   5.7000000e+01   0.0000000e+00   5.4535600e-01   8.3083300e-01   2.7728528e+00   0.0000000e+00
   5.8000000e+01   0.0000000e+00   4.8584400e-01   8.3083300e-01   2.7728528e+00   1.0000000e+00
   5.9000000e+01   0.0000000e+00   5.4150200e-01   8.3083300e-01   2.7728528e+00   1.0000000e+00
   6.0000000e+01   0.0000000e+00   9.2953200e-01   8.3083300e-01   2.7728528e+00   1.0000000e+00
   6.1000000e+01   1.0000000e+00   5.0715700e-01   8.3083300e-01   2.7728528e+00   1.0000000e+00
   6.2000000e+01   0.0000000e+00   9.0005700e-01   8.3083300e-01   2.7728528e+00   0.0000000e+00
   6.3000000e+01   1.0000000e+00   4.7818500e-01   8.3083300e-01   2.7728528e+00   1.0000000e+00
   6.4000000e+01   0.0000000e+00   1.0421130e+00   8.3083300e-01   2.7728528e+00   1.0000000e+00
   6.5000000e+01   0.0000000e+00   7.5279200e-01   8.3083300e-01   2.7728528e+00   1.0000000e+00
   6.6000000e+01   0.0000000e+00   7.2458100e-01   8.3083300e-01   2.7728528e+00   0.0000000e+00
   6.7000000e+01   1.0000000e+00   5.1845800e-01   8.3083300e-01   2.7728528e+00   0.0000000e+00
   6.8000000e+01   0.0000000e+00   1.5303300e+00   8.3083300e-01   2.7728528e+00   0.0000000e+00
   6.9000000e+01   0.0000000e+00   5.9852900e-01   8.3083300e-01   2.7728528e+00   1.0000000e+00
   7.0000000e+01   1.0000000e+00   8.7036300e-01   8.3083300e-01   2.7728528e+00   0.0000000e+00
   7.1000000e+01   0.0000000e+00   5.3472300e-01   8.3083300e-01   2.7728528e+00   1.0000000e+00
   7.2000000e+01   1.0000000e+00   1.8912550e+00   8.3083300e-01   2.7728528e+00   1.0000000e+00
   7.3000000e+01   1.0000000e+00   1.4896890e+00   8.3083300e-01   2.7728528e+00   0.0000000e+00
   7.4000000e+01   0.0000000e+00   9.5790200e-01   8.3083300e-01   2.7728528e+00   0.0000000e+00
   7.5000000e+01   1.0000000e+00   2.0197370e+00   8.3083300e-01   2.7728528e+00   1.0000000e+00
   7.6000000e+01   0.0000000e+00   8.7758100e-01   8.3083300e-01   2.7728528e+00   0.0000000e+00
   7.7000000e+01   0.0000000e+00   1.9831020e+00   8.3083300e-01   2.7728528e+00   1.0000000e+00
   7.8000000e+01   0.0000000e+00   4.4519200e-01   8.3083300e-01   2.7728528e+00   0.0000000e+00
   7.9000000e+01   0.0000000e+00   6.3177500e-01   8.3083300e-01   2.7728528e+00   1.0000000e+00
   8.0000000e+01   1.0000000e+00   5.3484900e-01   8.3083300e-01   2.7728528e+00   1.0000000e+00
   8.1000000e+01   0.0000000e+00   4.5694900e-01   8.3083300e-01   2.7728528e+00   1.0000000e+00
   8.2000000e+01   1.0000000e+00   1.0057340e+00   8.3083300e-01   2.7728528e+00   0.0000000e+00
   8.3000000e+01   0.0000000e+00   8.4186700e-01   8.3083300e-01   2.7728528e+00   0.0000000e+00
   8.4000000e+01   1.0000000e+00   1.7827810e+00   8.3083300e-01   2.7728528e+00   1.0000000e+00
   8.5000000e+01   0.0000000e+00   6.2534100e-01   8.3083300e-01   2.7728528e+00   0.0000000e+00
   8.6000000e+01   0.0000000e+00   6.6962200e-01   8.3083300e-01   2.7728528e+00   0.0000000e+00
   8.7000000e+01   0.0000000e+00   6.8715100e-01   8.3083300e-01   2.7728528e+00   1.0000000e+00
   8.8000000e+01   0.0000000e+00   8.7047900e-01   8.3083300e-01   2.7728528e+00   1.0000000e+00
   8.9000000e+01   0.0000000e+00   9.4722000e-01   8.3083300e-01   2.7728528e+00   1.0000000e+00
   9.0000000e+01   1.0000000e+00   8.0040300e-01   8.3083300e-01   2.7728528e+00   0.0000000e+00
   9.1000000e+01   0.0000000e+00   6.1171300e-01   8.3083300e-01   2.7728528e+00   0.0000000e+00
   9.2000000e+01   0.0000000e+00   5.8007200e-01   8.3083300e-01   2.7728528e+00   0.0000000e+00
   9.3000000e+01   0.0000000e+00   6.9019600e-01   8.3083300e-01   2.7728528e+00   0.0000000e+00
   9.4000000e+01   0.0000000e+00   6.9267200e-01   8.3083300e-01   2.7728528e+00   1.0000000e+00
   9.5000000e+01   1.0000000e+00   4.9976700e-01   8.3083300e-01   2.7728528e+00   1.0000000e+00
   9.6000000e+01   0.0000000e+00   5.5398900e-01   8.3083300e-01   2.7728528e+00   1.0000000e+00
   9.7000000e+01   0.0000000e+00   8.3500100e-01   8.3083300e-01   2.7728528e+00   1.0000000e+00
   9.8000000e+01   0.0000000e+00   5.2033300e-01   8.3083300e-01   2.7728528e+00   0.0000000e+00
   9.9000000e+01   0.0000000e+00   5.3552200e-01   8.3083300e-01   2.7728528e+00   1.0000000e+00
   1.0000000e+02   1.0000000e+00   5.9575400e-01   8.3083300e-01   2.7728528e+00   0.0000000e+00
   1.0100000e+02   0.0000000e+00   8.6876700e-01   8.3083300e-01   2.7728528e+00   0.0000000e+00
   1.0200000e+02   1.0000000e+00   2.1733250e+00   8.3083300e-01   2.7728528e+00   0.0000000e+00
   1.0300000e+02   0.0000000e+00   1.4594040e+00   8.3083300e-01   2.7728528e+00   1.0000000e+00
   1.0400000e+02   0.0000000e+00   8.6746900e-01   8.3083300e-01   2.7728528e+00   0.0000000e+00
   1.0500000e+02   0.0000000e+00   1.1042610e+00   8.3083300e-01   2.7728528e+00   1.0000000e+00
   1.0600000e+02   0.0000000e+00   7.7120400e-01   8.3083300e-01   2.7728528e+00   0.0000000e+00
   1.0700000e+02   0.0000000e+00   9.5930900e-01   8.3083300e-01   2.7728528e+00   1.0000000e+00
   1.0800000e+02   1.0000000e+00   8.9389400e-01   8.3083300e-01   2.7728528e+00   1.0000000e+00
   1.0900000e+02   0.0000000e+00   8.2071000e-01   8.3083300e-01   2.7728528e+00   0.0000000e+00
   1.1000000e+02   0.0000000e+00   2.2056520e+00   8.3083300e-01   2.7728528e+00   1.0000000e+00
   1.1100000e+02   0.0000000e+00   5.2154900e-01   8.3083300e-01   2.7728528e+00   0.0000000e+00
   1.1200000e+02   1.0000000e+00   2.0733420e+00   8.3083300e-01   2.7728528e+00   0.0000000e+00
   1.1300000e+02   0.0000000e+00   6.2532200e-01   8.3083300e-01   2.7728528e+00   1.0000000e+00
   1.1400000e+02   1.0000000e+00   4.3775800e-01   8.3083300e-01   2.7728528e+00   1.0000000e+00
   1.1500000e+02   0.0000000e+00   1.4594590e+00   8.3083300e-01   2.7728528e+00   1.0000000e+00
   1.1600000e+02   0.0000000e+00   5.2848000e-01   8.3083300e-01   2.7728528e+00   0.0000000e+00
   1.1700000e+02   0.0000000e+00   8.3269700e-01   8.3083300e-01   2.7728528e+00   1.0000000e+00
   1.1800000e+02   0.0000000e+00   1.1679080e+00   8.3083300e-01   2.7728528e+00   0.0000000e+00
   1.1900000e+02   1.0000000e+00   1.0278920e+00   8.3083300e-01   2.7728528e+00   1.0000000e+00
   1.2000000e+02   0.0000000e+00   7.7819300e-01   8.3083300e-01   2.7728528e+00   0.0000000e+00
   1.2100000e+02   0.0000000e+00   1.3634630e+00   8.3083300e-01   2.7728528e+00   0.0000000e+00
   1.2200000e+02   0.0000000e+00   1.8510620e+00   8.3083300e-01   2.7728528e+00   0.0000000e+00
   1.2300000e+02   1.0000000e+00   7.2759300e-01   8.3083300e-01   2.7728528e+00   0.0000000e+00
   1.2400000e+02   0.0000000e+00   7.6305500e-01   8.3083300e-01   2.7728528e+00   1.0000000e+00
   1.2500000e+02   1.0000000e+00   7.9596000e-01   8.3083300e-01   2.7728528e+00   1.0000000e+00
   1.2600000e+02   0.0000000e+00   5.5971400e-01   8.3083300e-01   2.7728528e+00   1.0000000e+00
   1.2700000e+02   0.0000000e+00   5.2935800e-01   8.3083300e-01   2.7728528e+00   0.0000000e+00
   1.2800000e+02   1.0000000e+00   1.0235200e+00   8.3083300e-01   2.7728528e+00   0.0000000e+00
   1.2900000e+02   0.0000000e+00   9.6618500e-01   8.3083300e-01   2.7728528e+00   1.0000000e+00
   1.3000000e+02   0.0000000e+00   3.2809170e+00   8.3083300e-01   2.7728528e+00   0.0000000e+00
   1.3100000e+02   0.0000000e+00   2.2766540e+00   8.3083300e-01   2.7728528e+00   1.0000000e+00
   1.3200000e+02   0.0000000e+00   9.5719700e-01   8.3083300e-01   2.7728528e+00   0.0000000e+00
   1.3300000e+02   0.0000000e+00   9.4828000e-01   8.3083300e-01   2.7728528e+00   1.0000000e+00
   1.3400000e+02   0.0000000e+00   5.5321700e-01   8.3083300e-01   2.7728528e+00   0.0000000e+00
   1.3500000e+02   1.0000000e+00   1.6733710e+00   8.3083300e-01   2.7728528e+00   0.0000000e+00
   1.3600000e+02   1.0000000e+00   4.6096100e-01   8.3083300e-01   2.7728528e+00   1.0000000e+00
