   1.0000000e+00   0.0000000e+00   2.1861100e+00   8.2101100e-01   3.1528492e+00   1.0000000e+00
   2.0000000e+00   0.0000000e+00   8.4964900e-01   8.2101100e-01   3.1528492e+00   0.0000000e+00
   3.0000000e+00   1.0000000e+00   6.0054200e-01   8.2101100e-01   3.1528492e+00   0.0000000e+00
   4.0000000e+00   0.0000000e+00   1.0505430e+00   8.2101100e-01   3.1528492e+00   1.0000000e+00
   5.0000000e+00   0.0000000e+00   1.5605520e+00   8.2101100e-01   3.1528492e+00   0.0000000e+00
   6.0000000e+00   0.0000000e+00   5.9050600e-01   8.2101100e-01   3.1528492e+00   1.0000000e+00
   7.0000000e+00   0.0000000e+00   8.2335700e-01   8.2101100e-01   3.1528492e+00   0.0000000e+00
   8.0000000e+00   1.0000000e+00   8.7776300e-01   8.2101100e-01   3.1528492e+00   1.0000000e+00
   9.0000000e+00   0.0000000e+00   9.0972100e-01   8.2101100e-01   3.1528492e+00   0.0000000e+00
   1.0000000e+01   0.0000000e+00   6.0469800e-01   8.2101100e-01   3.1528492e+00   1.0000000e+00
   1.1000000e+01   1.0000000e+00   1.8176000e+00   8.2101100e-01   3.1528492e+00   0.0000000e+00
   1.2000000e+01   0.0000000e+00   9.3872000e-01   8.2101100e-01   3.1528492e+00   0.0000000e+00
   1.3000000e+01   0.0000000e+00   9.6530500e-01   8.2101100e-01   3.1528492e+00   1.0000000e+00
   1.4000000e+01   0.0000000e+00   8.2360300e-01   8.2101100e-01   3.1528492e+00   0.0000000e+00
   1.5000000e+01   0.0000000e+00   6.7476500e-01   8.2101100e-01   3.1528492e+00   1.0000000e+00
   1.6000000e+01   0.0000000e+00   4.8643600e-01   8.2101100e-01   3.1528492e+00   0.0000000e+00
   1.7000000e+01   1.0000000e+00   9.6758300e-01   8.2101100e-01   3.1528492e+00   1.0000000e+00
   1.8000000e+01   0.0000000e+00   9.1966900e-01   8.2101100e-01   3.1528492e+00   0.0000000e+00
   1.9000000e+01   1.0000000e+00   9.9360600e-01   8.2101100e-01   3.1528492e+00   1.0000000e+00
   2.0000000e+01   0.0000000e+00   6.4368100e-01   8.2101100e-01   3.1528492e+00   0.0000000e+00
   2.1000000e+01   0.0000000e+00   5.0293400e-01   8.2101100e-01   3.1528492e+00   0.0000000e+00
   2.2000000e+01   1.0000000e+00   1.6566160e+00   8.2101100e-01   3.1528492e+00   0.0000000e+00
   2.3000000e+01   0.0000000e+00   6.2893200e-01   8.2101100e-01   3.1528492e+00   1.0000000e+00
   2.4000000e+01   0.0000000e+00   7.9090400e-01   8.2101100e-01   3.1528492e+00   0.0000000e+00
   2.5000000e+01   0.0000000e+00   7.5460900e-01   8.2101100e-01   3.1528492e+00   1.0000000e+00
   2.6000000e+01   1.0000000e+00   5.2556500e-01   8.2101100e-01   3.1528492e+00   1.0000000e+00
   2.7000000e+01   0.0000000e+00   1.3309900e+00   8.2101100e-01   3.1528492e+00   0.0000000e+00
   2.8000000e+01   0.0000000e+00   5.6799900e-01   8.2101100e-01   3.1528492e+00   1.0000000e+00
   2.9000000e+01   1.0000000e+00   1.3836040e+00   8.2101100e-01   3.1528492e+00   0.0000000e+00
   3.0000000e+01   0.0000000e+00   7.4847900e-01   8.2101100e-01   3.1528492e+00   0.0000000e+00
   3.1000000e+01   0.0000000e+00   1.1626770e+00   8.2101100e-01   3.1528492e+00   1.0000000e+00
   3.2000000e+01   0.0000000e+00   7.3895700e-01   8.2101100e-01   3.1528492e+00   1.0000000e+00
   3.3000000e+01   1.0000000e+00   1.6579200e+00   8.2101100e-01   3.1528492e+00   1.0000000e+00
   3.4000000e+01   0.0000000e+00   1.3595280e+00   8.2101100e-01   3.1528492e+00   1.0000000e+00
   3.5000000e+01   0.0000000e+00   9.2711400e-01   8.2101100e-01   3.1528492e+00   0.0000000e+00
   3.6000000e+01   0.0000000e+00   5.4739500e-01   8.2101100e-01   3.1528492e+00   1.0000000e+00
   3.7000000e+01   0.0000000e+00   2.1947490e+00   8.2101100e-01   3.1528492e+00   0.0000000e+00
   3.8000000e+01   0.0000000e+00   2.2324580e+00   8.2101100e-01   3.1528492e+00   0.0000000e+00
   3.9000000e+01   1.0000000e+00   6.9708800e-01   8.2101100e-01   3.1528492e+00   0.0000000e+00
   4.0000000e+01   0.0000000e+00   4.8890500e-01   8.2101100e-01   3.1528492e+00   1.0000000e+00
   4.1000000e+01   0.0000000e+00   8.9801000e-01   8.2101100e-01   3.1528492e+00   0.0000000e+00
   4.2000000e+01   0.0000000e+00   1.0648700e+00   8.2101100e-01   3.1528492e+00   1.0000000e+00
   4.3000000e+01   1.0000000e+00   4.4245500e-01   8.2101100e-01   3.1528492e+00   0.0000000e+00
   4.4000000e+01   0.0000000e+00   4.6467300e-01   8.2101100e-01   3.1528492e+00   1.0000000e+00
   4.5000000e+01   0.0000000e+00   7.3744500e-01   8.2101100e-01   3.1528492e+00   1.0000000e+00
   4.6000000e+01   0.0000000e+00   8.5078300e-01   8.2101100e-01   3.1528492e+00   1.0000000e+00
   4.7000000e+01   0.0000000e+00   9.9948400e-01   8.2101100e-01   3.1528492e+00   0.0000000e+00
   4.8000000e+01   1.0000000e+00   9.5875600e-01   8.2101100e-01   3.1528492e+00   1.0000000e+00
   4.9000000e+01   1.0000000e+00   4.4083900e-01   8.2101100e-01   3.1528492e+00   0.0000000e+00
   5.0000000e+01   0.0000000e+00   2.7496110e+00   8.2101100e-01   3.1528492e+00   0.0000000e+00
   5.1000000e+01   0.0000000e+00   6.5575000e-01   8.2101100e-01   3.1528492e+00   1.0000000e+00
   5.2000000e+01   1.0000000e+00   7.2201400e-01   8.2101100e-01   3.1528492e+00   1.0000000e+00
   5.3000000e+01   0.0000000e+00   4.5128700e-01   8.2101100e-01   3.1528492e+00   0.0000000e+00
   5.4000000e+01   0.0000000e+00   1.0875780e+00   8.2101100e-01   3.1528492e+00   0.0000000e+00
   5.5000000e+01   0.0000000e+00   6.9480700e-01   8.2101100e-01   3.1528492e+00   1.0000000e+00
   5.6000000e+01   0.0000000e+00   4.5850700e-01   8.2101100e-01   3.1528492e+00   0.0000000e+00
   5.7000000e+01   1.0000000e+00   9.4354500e-01   8.2101100e-01   3.1528492e+00   1.0000000e+00
   5.8000000e+01   0.0000000e+00   8.3297800e-01   8.2101100e-01   3.1528492e+00   1.0000000e+00
   5.9000000e+01   0.0000000e+00   5.1551000e-01   8.2101100e-01   3.1528492e+00   1.0000000e+00
   6.0000000e+01   0.0000000e+00   2.6487610e+00   8.2101100e-01   3.1528492e+00   1.0000000e+00
   6.1000000e+01   0.0000000e+00   8.8302900e-01   8.2101100e-01   3.1528492e+00   0.0000000e+00
   6.2000000e+01   1.0000000e+00   8.1412400e-01   8.2101100e-01   3.1528492e+00   0.0000000e+00
   6.3000000e+01   0.0000000e+00   1.5174720e+00   8.2101100e-01   3.1528492e+00   1.0000000e+00
   6.4000000e+01   1.0000000e+00   4.7337200e-01   8.2101100e-01   3.1528492e+00   1.0000000e+00
   6.5000000e+01   0.0000000e+00   2.1158330e+00   8.2101100e-01   3.1528492e+00   1.0000000e+00
   6.6000000e+01   1.0000000e+00   1.1764920e+00   8.2101100e-01   3.1528492e+00   0.0000000e+00
   6.7000000e+01   0.0000000e+00   7.4959000e-01   8.2101100e-01   3.1528492e+00   0.0000000e+00
   6.8000000e+01   1.0000000e+00   5.7749700e-01   8.2101100e-01   3.1528492e+00   0.0000000e+00
   6.9000000e+01   0.0000000e+00   1.1862810e+00   8.2101100e-01   3.1528492e+00   0.0000000e+00
   7.0000000e+01   0.0000000e+00   4.9760300e-01   8.2101100e-01   3.1528492e+00   0.0000000e+00
   7.1000000e+01   0.0000000e+00   9.0627100e-01   8.2101100e-01   3.1528492e+00   0.0000000e+00
   7.2000000e+01   0.0000000e+00   8.1041500e-01   8.2101100e-01   3.1528492e+00   0.0000000e+00
   7.3000000e+01   0.0000000e+00   1.4188640e+00   8.2101100e-01   3.1528492e+00   1.0000000e+00
   7.4000000e+01   1.0000000e+00   7.5949600e-01   8.2101100e-01   3.1528492e+00   1.0000000e+00
   7.5000000e+01   0.0000000e+00   7.8389400e-01   8.2101100e-01   3.1528492e+00   0.0000000e+00
   7.6000000e+01   0.0000000e+00   5.8454000e-01   8.2101100e-01   3.1528492e+00   1.0000000e+00
   7.7000000e+01   0.0000000e+00   1.6994590e+00   8.2101100e-01   3.1528492e+00   1.0000000e+00
   7.8000000e+01   0.0000000e+00   6.8134900e-01   8.2101100e-01   3.1528492e+00   1.0000000e+00
   7.9000000e+01   0.0000000e+00   1.4131060e+00   8.2101100e-01   3.1528492e+00   1.0000000e+00
   8.0000000e+01   1.0000000e+00   9.3793900e-01   8.2101100e-01   3.1528492e+00   1.0000000e+00
   8.1000000e+01   0.0000000e+00   7.2394300e-01   8.2101100e-01   3.1528492e+00   1.0000000e+00
   8.2000000e+01   1.0000000e+00   6.8645300e-01   8.2101100e-01   3.1528492e+00   0.0000000e+00
   8.3000000e+01   1.0000000e+00   4.4511200e-01   8.2101100e-01   3.1528492e+00   1.0000000e+00
   8.4000000e+01   0.0000000e+00   4.6556500e-01   8.2101100e-01   3.1528492e+00   1.0000000e+00
   8.5000000e+01   0.0000000e+00   1.0646630e+00   8.2101100e-01   3.1528492e+00   1.0000000e+00
   8.6000000e+01   0.0000000e+00   1.5791970e+00   8.2101100e-01   3.1528492e+00   1.0000000e+00
   8.7000000e+01   0.0000000e+00   4.7253700e-01   8.2101100e-01   3.1528492e+00   0.0000000e+00
   8.8000000e+01   1.0000000e+00   6.0675100e-01   8.2101100e-01   3.1528492e+00   0.0000000e+00
   8.9000000e+01   0.0000000e+00   1.6265610e+00   8.2101100e-01   3.1528492e+00   0.0000000e+00
   9.0000000e+01   1.0000000e+00   6.4124500e-01   8.2101100e-01   3.1528492e+00   0.0000000e+00
   9.1000000e+01   0.0000000e+00   4.5138000e-01   8.2101100e-01   3.1528492e+00   1.0000000e+00
   9.2000000e+01   1.0000000e+00   5.9729000e-01   8.2101100e-01   3.1528492e+00   1.0000000e+00
   9.3000000e+01   0.0000000e+00   9.9410100e-01   8.2101100e-01   3.1528492e+00   0.0000000e+00
   9.4000000e+01   1.0000000e+00   6.8431400e-01   8.2101100e-01   3.1528492e+00   0.0000000e+00
   9.5000000e+01   0.0000000e+00   6.4083400e-01   8.2101100e-01   3.1528492e+00   1.0000000e+00
   9.6000000e+01   0.0000000e+00   5.3039500e-01   8.2101100e-01   3.1528492e+00   0.0000000e+00
   9.7000000e+01   1.0000000e+00   5.8122700e-01   8.2101100e-01   3.1528492e+00   1.0000000e+00
   9.8000000e+01   0.0000000e+00   2.9682290e+00   8.2101100e-01   3.1528492e+00   0.0000000e+00
   9.9000000e+01   1.0000000e+00   8.1352500e-01   8.2101100e-01   3.1528492e+00   0.0000000e+00
   1.0000000e+02   0.0000000e+00   8.2357400e-01   8.2101100e-01   3.1528492e+00   0.0000000e+00
   1.0100000e+02   0.0000000e+00   4.4997300e-01   8.2101100e-01   3.1528492e+00   0.0000000e+00
   1.0200000e+02   0.0000000e+00   1.3836340e+00   8.2101100e-01   3.1528492e+00   1.0000000e+00
   1.0300000e+02   1.0000000e+00   8.6822700e-01   8.2101100e-01   3.1528492e+00   1.0000000e+00
   1.0400000e+02   0.0000000e+00   6.2368400e-01   8.2101100e-01   3.1528492e+00   1.0000000e+00
   1.0500000e+02   1.0000000e+00   8.4785600e-01   8.2101100e-01   3.1528492e+00   1.0000000e+00
   1.0600000e+02   0.0000000e+00   6.9577000e-01   8.2101100e-01   3.1528492e+00   1.0000000e+00
   1.0700000e+02   0.0000000e+00   1.3612340e+00   8.2101100e-01   3.1528492e+00   0.0000000e+00
   1.0800000e+02   0.0000000e+00   6.2466700e-01   8.2101100e-01   3.1528492e+00   0.0000000e+00
   1.0900000e+02   1.0000000e+00   5.4954100e-01   8.2101100e-01   3.1528492e+00   0.0000000e+00
   1.1000000e+02   0.0000000e+00   5.1476300e-01   8.2101100e-01   3.1528492e+00   0.0000000e+00
   1.1100000e+02   0.0000000e+00   1.6169210e+00   8.2101100e-01   3.1528492e+00   1.0000000e+00
   1.1200000e+02   0.0000000e+00   8.5358700e-01   8.2101100e-01   3.1528492e+00   1.0000000e+00
   1.1300000e+02   0.0000000e+00   2.3165170e+00   8.2101100e-01   3.1528492e+00   1.0000000e+00
   1.1400000e+02   1.0000000e+00   1.2255060e+00   8.2101100e-01   3.1528492e+00   1.0000000e+00
   1.1500000e+02   0.0000000e+00   6.3535100e-01   8.2101100e-01   3.1528492e+00   0.0000000e+00
   1.1600000e+02   1.0000000e+00   6.2417900e-01   8.2101100e-01   3.1528492e+00   0.0000000e+00
   1.1700000e+02   0.0000000e+00   8.8781900e-01   8.2101100e-01   3.1528492e+00   0.0000000e+00
   1.1800000e+02   0.0000000e+00   5.1928800e-01   8.2101100e-01   3.1528492e+00   1.0000000e+00
   1.1900000e+02   0.0000000e+00   9.8175300e-01   8.2101100e-01   3.1528492e+00   1.0000000e+00
   1.2000000e+02   0.0000000e+00   1.4663740e+00   8.2101100e-01   3.1528492e+00   1.0000000e+00
   1.2100000e+02   1.0000000e+00   5.6391200e-01   8.2101100e-01   3.1528492e+00   0.0000000e+00
   1.2200000e+02   0.0000000e+00   1.5681960e+00   8.2101100e-01   3.1528492e+00   0.0000000e+00
   1.2300000e+02   0.0000000e+00   9.3532900e-01   8.2101100e-01   3.1528492e+00   0.0000000e+00
   1.2400000e+02   1.0000000e+00   4.9791100e-01   8.2101100e-01   3.1528492e+00   1.0000000e+00
   1.2500000e+02   0.0000000e+00   6.2725400e-01   8.2101100e-01   3.1528492e+00   0.0000000e+00
   1.2600000e+02   1.0000000e+00   4.9080200e-01   8.2101100e-01   3.1528492e+00   0.0000000e+00
   1.2700000e+02   0.0000000e+00   1.3865330e+00   8.2101100e-01   3.1528492e+00   1.0000000e+00
   1.2800000e+02   0.0000000e+00   6.8595500e-01   8.2101100e-01   3.1528492e+00   1.0000000e+00
   1.2900000e+02   0.0000000e+00   7.5919300e-01   8.2101100e-01   3.1528492e+00   0.0000000e+00
   1.3000000e+02   0.0000000e+00   5.1348700e-01   8.2101100e-01   3.1528492e+00   0.0000000e+00
   1.3100000e+02   1.0000000e+00   5.0153700e-01   8.2101100e-01   3.1528492e+00   1.0000000e+00
   1.3200000e+02   0.0000000e+00   4.6416300e-01   8.2101100e-01   3.1528492e+00   1.0000000e+00
   1.3300000e+02   1.0000000e+00   8.6859400e-01   8.2101100e-01   3.1528492e+00   1.0000000e+00
   1.3400000e+02   1.0000000e+00   4.3503600e-01   8.2101100e-01   3.1528492e+00   0.0000000e+00
   1.3500000e+02   0.0000000e+00   8.9096000e-01   8.2101100e-01   3.1528492e+00   0.0000000e+00
   1.3600000e+02   0.0000000e+00   7.4147600e-01   8.2101100e-01   3.1528492e+00   0.0000000e+00
