1	0	2.036547	0.825070	3.2089772699	1
2	0	0.975791	0.825070	3.2089772699	0
3	1	0.688477	0.825070	3.2089772699	0
4	0	0.960076	0.825070	3.2089772699	0
5	1	1.131249	0.825070	3.2089772699	1
6	0	0.939439	0.825070	3.2089772699	1
7	0	1.012577	0.825070	3.2089772699	0
8	1	2.587477	0.825070	3.2089772699	0
9	0	0.874251	0.825070	3.2089772699	0
10	0	0.800825	0.825070	3.2089772699	0
11	1	0.595566	0.825070	3.2089772699	1
12	0	1.837394	0.825070	3.2089772699	0
13	1	0.549201	0.825070	3.2089772699	1
14	0	0.850234	0.825070	3.2089772699	1
15	0	1.335734	0.825070	3.2089772699	1
16	1	0.745278	0.825070	3.2089772699	0
17	0	0.785972	0.825070	3.2089772699	1
18	0	0.719532	0.825070	3.2089772699	0
19	1	0.570670	0.825070	3.2089772699	1
20	0	1.105099	0.825070	3.2089772699	1
21	0	0.858115	0.825070	3.2089772699	0
22	0	1.739185	0.825070	3.2089772699	1
23	0	1.067748	0.825070	3.2089772699	0
24	0	1.499978	0.825070	3.2089772699	0
25	1	1.523624	0.825070	3.2089772699	0
26	0	0.527432	0.825070	3.2089772699	1
27	0	0.575672	0.825070	3.2089772699	1
28	1	0.898982	0.825070	3.2089772699	1
29	0	1.129480	0.825070	3.2089772699	1
30	1	0.788322	0.825070	3.2089772699	0
31	1	2.056647	0.825070	3.2089772699	0
32	0	1.585819	0.825070	3.2089772699	0
33	0	1.193565	0.825070	3.2089772699	1
34	0	0.991814	0.825070	3.2089772699	1
35	1	0.609939	0.825070	3.2089772699	1
36	1	0.816562	0.825070	3.2089772699	0
37	0	3.422479	0.825070	3.2089772699	1
38	0	0.536370	0.825070	3.2089772699	0
39	1	1.022157	0.825070	3.2089772699	1
40	0	0.950239	0.825070	3.2089772699	1
41	0	1.025884	0.825070	3.2089772699	1
42	0	0.678830	0.825070	3.2089772699	1
43	0	0.672139	0.825070	3.2089772699	0
44	0	0.768385	0.825070	3.2089772699	0
45	1	0.581532	0.825070	3.2089772699	1
46	0	0.882529	0.825070	3.2089772699	0
47	0	1.702858	0.825070	3.2089772699	1
48	0	0.989066	0.825070	3.2089772699	0
49	1	0.890370	0.825070	3.2089772699	0
50	0	0.718463	0.825070	3.2089772699	0
51	1	0.717196	0.825070	3.2089772699	1
52	0	2.795273	0.825070	3.2089772699	0
53	1	1.425952	0.825070	3.2089772699	0
54	0	1.286392	0.825070	3.2089772699	1
55	0	1.097814	0.825070	3.2089772699	0
56	1	0.563699	0.825070	3.2089772699	0
57	0	0.704707	0.825070	3.2089772699	1
58	0	1.206036	0.825070	3.2089772699	0
59	0	0.892117	0.825070	3.2089772699	0
60	1	1.321139	0.825070	3.2089772699	1
61	0	1.085924	0.825070	3.2089772699	1
62	1	0.603757	0.825070	3.2089772699	1
63	0	0.560270	0.825070	3.2089772699	1
64	0	1.194649	0.825070	3.2089772699	1
65	0	0.823970	0.825070	3.2089772699	0
66	0	1.204977	0.825070	3.2089772699	1
67	1	1.418107	0.825070	3.2089772699	0
68	0	1.311640	0.825070	3.2089772699	0
69	1	0.724621	0.825070	3.2089772699	1
70	0	0.751865	0.825070	3.2089772699	1
71	0	0.621436	0.825070	3.2089772699	1
72	0	0.712282	0.825070	3.2089772699	0
73	1	2.614565	0.825070	3.2089772699	0
74	0	0.573056	0.825070	3.2089772699	0
75	1	1.153857	0.825070	3.2089772699	0
76	0	1.112362	0.825070	3.2089772699	1
77	0	1.577833	0.825070	3.2089772699	0
78	0	0.513704	0.825070	3.2089772699	0
79	0	0.736997	0.825070	3.2089772699	0
80	1	0.974986	0.825070	3.2089772699	1
81	0	0.555146	0.825070	3.2089772699	0
82	0	0.760297	0.825070	3.2089772699	1
83	1	0.602853	0.825070	3.2089772699	0
84	0	1.720971	0.825070	3.2089772699	0
85	1	0.818626	0.825070	3.2089772699	1
86	0	0.631501	0.825070	3.2089772699	0
87	0	0.529443	0.825070	3.2089772699	1
88	0	0.650682	0.825070	3.2089772699	1
89	0	0.976152	0.825070	3.2089772699	0
90	0	0.696051	0.825070	3.2089772699	0
91	1	0.584984	0.825070	3.2089772699	0
92	0	0.931868	0.825070	3.2089772699	0
93	0	1.385605	0.825070	3.2089772699	0
94	0	1.124274	0.825070	3.2089772699	1
95	0	0.590681	0.825070	3.2089772699	1
96	0	0.620898	0.825070	3.2089772699	1
97	0	0.549004	0.825070	3.2089772699	1
98	1	0.678317	0.825070	3.2089772699	1
99	0	0.741222	0.825070	3.2089772699	1
100	1	0.501332	0.825070	3.2089772699	1
101	0	0.580157	0.825070	3.2089772699	1
102	0	0.625446	0.825070	3.2089772699	0
103	0	0.984727	0.825070	3.2089772699	1
104	0	1.217694	0.825070	3.2089772699	1
105	0	1.055274	0.825070	3.2089772699	0
106	0	1.700692	0.825070	3.2089772699	1
107	0	1.727638	0.825070	3.2089772699	1
108	1	1.213123	0.825070	3.2089772699	0
109	0	0.736975	0.825070	3.2089772699	0
110	0	0.777773	0.825070	3.2089772699	1
111	0	1.620139	0.825070	3.2089772699	1
112	0	1.180916	0.825070	3.2089772699	0
113	0	0.863078	0.825070	3.2089772699	0
114	0	0.806147	0.825070	3.2089772699	0
115	0	0.531339	0.825070	3.2089772699	1
116	0	0.536068	0.825070	3.2089772699	1
117	1	1.523343	0.825070	3.2089772699	1
118	0	1.098115	0.825070	3.2089772699	1
119	1	0.994479	0.825070	3.2089772699	0
120	0	0.608628	0.825070	3.2089772699	1
121	1	0.611866	0.825070	3.2089772699	0
122	0	1.900546	0.825070	3.2089772699	0
123	1	1.048758	0.825070	3.2089772699	1
124	1	1.169659	0.825070	3.2089772699	0
125	0	0.708226	0.825070	3.2089772699	0
126	1	0.527378	0.825070	3.2089772699	1
127	0	0.746563	0.825070	3.2089772699	0
128	0	1.518670	0.825070	3.2089772699	0
129	0	0.888320	0.825070	3.2089772699	0
130	0	1.067649	0.825070	3.2089772699	0
131	0	0.660555	0.825070	3.2089772699	1
132	0	0.540329	0.825070	3.2089772699	0
133	0	0.658096	0.825070	3.2089772699	1
134	0	0.647505	0.825070	3.2089772699	1
135	1	0.551371	0.825070	3.2089772699	1
136	1	0.636090	0.825070	3.2089772699	0
