1	0	0.640396	0.828097	3.2557547663	1
2	0	1.442140	0.828097	3.2557547663	0
3	1	0.505354	0.828097	3.2557547663	0
4	0	0.599882	0.828097	3.2557547663	0
5	0	1.835102	0.828097	3.2557547663	0
6	0	0.538664	0.828097	3.2557547663	0
7	0	0.904198	0.828097	3.2557547663	0
8	1	0.760873	0.828097	3.2557547663	1
9	0	0.896478	0.828097	3.2557547663	0
10	1	0.801123	0.828097	3.2557547663	0
11	0	0.972284	0.828097	3.2557547663	1
12	0	1.410550	0.828097	3.2557547663	1
13	0	1.139877	0.828097	3.2557547663	1
14	0	1.206540	0.828097	3.2557547663	1
15	0	0.802097	0.828097	3.2557547663	1
16	0	0.512569	0.828097	3.2557547663	0
17	0	0.573335	0.828097	3.2557547663	0
18	1	0.745376	0.828097	3.2557547663	1
19	1	0.504453	0.828097	3.2557547663	1
20	0	0.513642	0.828097	3.2557547663	0
21	0	0.874071	0.828097	3.2557547663	1
22	1	1.374884	0.828097	3.2557547663	0
23	0	1.656617	0.828097	3.2557547663	0
24	1	0.545685	0.828097	3.2557547663	1
25	0	0.600177	0.828097	3.2557547663	1
26	0	0.787850	0.828097	3.2557547663	1
27	1	1.454116	0.828097	3.2557547663	0
28	0	0.505173	0.828097	3.2557547663	0
29	1	1.187860	0.828097	3.2557547663	1
30	0	0.688450	0.828097	3.2557547663	0
31	0	0.680181	0.828097	3.2557547663	1
32	0	0.778553	0.828097	3.2557547663	1
33	0	1.176017	0.828097	3.2557547663	0
34	0	0.543872	0.828097	3.2557547663	1
35	1	0.726056	0.828097	3.2557547663	0
36	0	0.593954	0.828097	3.2557547663	0
37	0	1.933275	0.828097	3.2557547663	0
38	0	0.747156	0.828097	3.2557547663	1
39	0	0.602785	0.828097	3.2557547663	0
40	0	0.682867	0.828097	3.2557547663	1
41	1	0.547191	0.828097	3.2557547663	0
42	0	0.532086	0.828097	3.2557547663	0
43	1	0.837907	0.828097	3.2557547663	1
44	0	2.450890	0.828097	3.2557547663	1
45	1	0.783413	0.828097	3.2557547663	0
46	0	0.860097	0.828097	3.2557547663	1
47	1	0.523979	0.828097	3.2557547663	1
48	0	0.720186	0.828097	3.2557547663	0
49	1	0.892734	0.828097	3.2557547663	1
50	0	0.761572	0.828097	3.2557547663	1
51	0	1.224602	0.828097	3.2557547663	0
52	0	0.951855	0.828097	3.2557547663	1
53	1	1.355944	0.828097	3.2557547663	0
54	0	1.241057	0.828097	3.2557547663	0
55	1	1.145688	0.828097	3.2557547663	1
56	0	1.987301	0.828097	3.2557547663	0
57	0	2.053696	0.828097	3.2557547663	1
58	1	0.638745	0.828097	3.2557547663	0
59	1	0.517891	0.828097	3.2557547663	0
60	0	1.646713	0.828097	3.2557547663	1
61	1	0.736682	0.828097	3.2557547663	1
62	0	0.582420	0.828097	3.2557547663	1
63	0	0.812779	0.828097	3.2557547663	1
64	0	2.194934	0.828097	3.2557547663	0
65	1	0.518192	0.828097	3.2557547663	1
66	0	0.993049	0.828097	3.2557547663	0
67	0	1.496484	0.828097	3.2557547663	1
68	0	0.794757	0.828097	3.2557547663	0
69	0	0.513465	0.828097	3.2557547663	1
70	0	0.544687	0.828097	3.2557547663	0
71	1	0.594761	0.828097	3.2557547663	0
72	0	0.575544	0.828097	3.2557547663	0
73	0	2.537255	0.828097	3.2557547663	1
74	0	0.581150	0.828097	3.2557547663	0
75	0	0.593167	0.828097	3.2557547663	1
76	0	1.904096	0.828097	3.2557547663	1
77	0	0.807597	0.828097	3.2557547663	1
78	1	2.205186	0.828097	3.2557547663	1
79	0	0.601709	0.828097	3.2557547663	0
80	1	1.499164	0.828097	3.2557547663	0
81	0	1.123905	0.828097	3.2557547663	0
82	1	0.670393	0.828097	3.2557547663	0
83	0	0.718982	0.828097	3.2557547663	0
84	0	0.853162	0.828097	3.2557547663	1
85	1	2.215847	0.828097	3.2557547663	1
86	0	0.589324	0.828097	3.2557547663	1
87	0	0.578534	0.828097	3.2557547663	0
88	0	1.425390	0.828097	3.2557547663	0
89	0	0.560934	0.828097	3.2557547663	0
90	1	1.148502	0.828097	3.2557547663	0
91	0	2.514229	0.828097	3.2557547663	0
92	0	0.860583	0.828097	3.2557547663	1
93	0	0.538475	0.828097	3.2557547663	1
94	1	0.630186	0.828097	3.2557547663	1
95	0	1.063373	0.828097	3.2557547663	1
96	0	0.930598	0.828097	3.2557547663	1
97	0	0.899198	0.828097	3.2557547663	0
98	1	0.660466	0.828097	3.2557547663	0
99	0	0.548618	0.828097	3.2557547663	0
100	0	0.573146	0.828097	3.2557547663	1
101	1	0.880912	0.828097	3.2557547663	1
102	0	0.894413	0.828097	3.2557547663	1
103	0	0.569076	0.828097	3.2557547663	0
104	1	1.126353	0.828097	3.2557547663	1
105	0	0.972644	0.828097	3.2557547663	0
106	0	0.613910	0.828097	3.2557547663	0
107	0	1.080252	0.828097	3.2557547663	1
108	0	0.713117	0.828097	3.2557547663	0
109	0	0.668240	0.828097	3.2557547663	1
110	0	2.223562	0.828097	3.2557547663	1
111	0	0.844240	0.828097	3.2557547663	1
112	1	0.639748	0.828097	3.2557547663	0
113	0	0.635967	0.828097	3.2557547663	1
114	0	0.521244	0.828097	3.2557547663	1
115	1	2.961173	0.828097	3.2557547663	1
116	0	0.502941	0.828097	3.2557547663	0
117	0	2.369722	0.828097	3.2557547663	0
118	1	0.637597	0.828097	3.2557547663	0
119	0	1.099864	0.828097	3.2557547663	1
120	0	1.460424	0.828097	3.2557547663	1
121	0	3.414456	0.828097	3.2557547663	1
122	1	1.602209	0.828097	3.2557547663	0
123	0	0.565600	0.828097	3.2557547663	1
124	0	0.601462	0.828097	3.2557547663	0
125	1	0.509419	0.828097	3.2557547663	1
126	0	0.887369	0.828097	3.2557547663	0
127	0	0.686878	0.828097	3.2557547663	0
128	0	3.045931	0.828097	3.2557547663	1
129	1	0.951337	0.828097	3.2557547663	0
130	1	0.866327	0.828097	3.2557547663	1
131	0	1.134320	0.828097	3.2557547663	0
132	0	0.563861	0.828097	3.2557547663	0
133	0	0.583650	0.828097	3.2557547663	1
134	0	0.720122	0.828097	3.2557547663	0
135	1	0.512522	0.828097	3.2557547663	1
136	1	0.630132	0.828097	3.2557547663	0
