1	0	0.943751	0.824909	2.9211886898	0
2	0	1.107643	0.824909	2.9211886898	1
3	0	1.222718	0.824909	2.9211886898	0
4	1	1.135549	0.824909	2.9211886898	1
5	0	0.720837	0.824909	2.9211886898	1
6	1	1.118237	0.824909	2.9211886898	0
7	0	1.506448	0.824909	2.9211886898	0
8	0	0.588314	0.824909	2.9211886898	1
9	0	1.607554	0.824909	2.9211886898	0
10	0	0.856659	0.824909	2.9211886898	1
11	1	0.627971	0.824909	2.9211886898	1
12	0	0.880504	0.824909	2.9211886898	0
13	0	1.598237	0.824909	2.9211886898	1
14	0	0.801276	0.824909	2.9211886898	1
15	0	0.843396	0.824909	2.9211886898	0
16	1	0.572620	0.824909	2.9211886898	0
17	0	0.766367	0.824909	2.9211886898	0
18	1	0.571250	0.824909	2.9211886898	0
19	0	0.977199	0.824909	2.9211886898	1
20	0	2.076095	0.824909	2.9211886898	0
21	1	0.689053	0.824909	2.9211886898	1
22	1	0.626296	0.824909	2.9211886898	0
23	0	0.608401	0.824909	2.9211886898	1
24	1	1.595788	0.824909	2.9211886898	1
25	0	0.586631	0.824909	2.9211886898	1
26	0	1.838496	0.824909	2.9211886898	0
27	0	0.507103	0.824909	2.9211886898	1
28	0	0.996712	0.824909	2.9211886898	1
29	0	0.539390	0.824909	2.9211886898	1
30	0	1.047540	0.824909	2.9211886898	0
31	1	0.732010	0.824909	2.9211886898	0
32	0	0.626302	0.824909	2.9211886898	0
33	0	1.132456	0.824909	2.9211886898	1
34	0	0.746803	0.824909	2.9211886898	0
35	1	0.668044	0.824909	2.9211886898	1
36	0	0.749459	0.824909	2.9211886898	1
37	0	0.692561	0.824909	2.9211886898	0
38	0	0.769189	0.824909	2.9211886898	0
39	1	1.836926	0.824909	2.9211886898	1
40	0	1.974613	0.824909	2.9211886898	0
41	0	0.777024	0.824909	2.9211886898	0
42	0	0.623273	0.824909	2.9211886898	1
43	0	1.415018	0.824909	2.9211886898	0
44	0	0.616765	0.824909	2.9211886898	0
45	1	1.642983	0.824909	2.9211886898	0
46	0	0.720309	0.824909	2.9211886898	1
47	0	1.108374	0.824909	2.9211886898	1
48	1	1.133292	0.824909	2.9211886898	1
49	0	0.856219	0.824909	2.9211886898	1
50	0	0.984954	0.824909	2.9211886898	1
51	0	0.941053	0.824909	2.9211886898	0
52	0	1.755400	0.824909	2.9211886898	0
53	0	0.672314	0.824909	2.9211886898	1
54	0	0.522748	0.824909	2.9211886898	1
55	1	1.720985	0.824909	2.9211886898	0
56	0	0.596014	0.824909	2.9211886898	1
57	1	0.784098	0.824909	2.9211886898	0
58	0	0.873846	0.824909	2.9211886898	1
59	1	0.613769	0.824909	2.9211886898	1
60	0	0.921502	0.824909	2.9211886898	0
61	0	0.615948	0.824909	2.9211886898	0
62	0	0.729762	0.824909	2.9211886898	0
63	1	2.497556	0.824909	2.9211886898	0
64	0	0.750344	0.824909	2.9211886898	0
65	0	1.365792	0.824909	2.9211886898	1
66	0	2.100040	0.824909	2.9211886898	0
67	0	1.187799	0.824909	2.9211886898	1
68	1	1.032178	0.824909	2.9211886898	1
69	0	1.039250	0.824909	2.9211886898	1
70	0	0.682411	0.824909	2.9211886898	1
71	1	0.547330	0.824909	2.9211886898	1
72	0	1.319671	0.824909	2.9211886898	1
73	0	0.650011	0.824909	2.9211886898	0
74	0	0.560726	0.824909	2.9211886898	0
75	1	0.533690	0.824909	2.9211886898	0
76	0	1.518615	0.824909	2.9211886898	0
77	1	0.691734	0.824909	2.9211886898	0
78	0	1.243449	0.824909	2.9211886898	1
79	0	0.680923	0.824909	2.9211886898	1
80	0	0.689121	0.824909	2.9211886898	0
81	0	0.666952	0.824909	2.9211886898	1
82	0	1.748776	0.824909	2.9211886898	0
83	1	0.557187	0.824909	2.9211886898	1
84	0	0.926761	0.824909	2.9211886898	0
85	0	2.882951	0.824909	2.9211886898	1
86	1	0.544959	0.824909	2.9211886898	0
87	0	0.556063	0.824909	2.9211886898	1
88	1	0.634666	0.824909	2.9211886898	1
89	0	0.649603	0.824909	2.9211886898	0
90	0	1.218958	0.824909	2.9211886898	0
91	1	0.548951	0.824909	2.9211886898	1
92	0	1.959355	0.824909	2.9211886898	0
93	1	1.394016	0.824909	2.9211886898	0
94	0	1.193493	0.824909	2.9211886898	0
95	0	0.618266	0.824909	2.9211886898	1
96	0	0.640026	0.824909	2.9211886898	1
97	0	1.145541	0.824909	2.9211886898	1
98	1	0.956803	0.824909	2.9211886898	1
99	0	0.922965	0.824909	2.9211886898	0
100	1	0.774703	0.824909	2.9211886898	0
101	0	0.551268	0.824909	2.9211886898	0
102	1	1.125026	0.824909	2.9211886898	1
103	0	2.069049	0.824909	2.9211886898	1
104	0	0.648319	0.824909	2.9211886898	1
105	0	0.647283	0.824909	2.9211886898	0
106	1	2.101248	0.824909	2.9211886898	0
107	0	1.141554	0.824909	2.9211886898	0
108	0	1.798757	0.824909	2.9211886898	0
109	0	0.678110	0.824909	2.9211886898	0
110	0	0.611330	0.824909	2.9211886898	0
111	0	1.134463	0.824909	2.9211886898	0
112	0	1.739666	0.824909	2.9211886898	1
113	0	0.792193	0.824909	2.9211886898	1
114	1	0.862931	0.824909	2.9211886898	0
115	1	0.516592	0.824909	2.9211886898	1
116	0	0.522943	0.824909	2.9211886898	0
117	0	1.310943	0.824909	2.9211886898	0
118	1	0.617906	0.824909	2.9211886898	0
119	0	0.747288	0.824909	2.9211886898	1
120	1	1.105777	0.824909	2.9211886898	1
121	0	0.539539	0.824909	2.9211886898	0
122	0	1.302117	0.824909	2.9211886898	1
123	0	1.281179	0.824909	2.9211886898	1
124	1	1.210417	0.824909	2.9211886898	1
125	1	0.908999	0.824909	2.9211886898	0
126	0	0.558972	0.824909	2.9211886898	1
127	1	1.695875	0.824909	2.9211886898	1
128	0	0.884650	0.824909	2.9211886898	1
129	1	0.604591	0.824909	2.9211886898	0
130	0	0.904761	0.824909	2.9211886898	1
131	0	0.866081	0.824909	2.9211886898	1
132	0	0.653522	0.824909	2.9211886898	0
133	0	0.903559	0.824909	2.9211886898	1
134	1	0.920575	0.824909	2.9211886898	0
135	0	1.254794	0.824909	2.9211886898	0
136	1	1.044045	0.824909	2.9211886898	1
