   1.0000000e+00   0.0000000e+00   6.7641000e-01   8.3500200e-01   2.9112749e+00   1.0000000e+00
   2.0000000e+00   0.0000000e+00   1.1545930e+00   8.3500200e-01   2.9112749e+00   1.0000000e+00
   3.0000000e+00   1.0000000e+00   5.6042900e-01   8.3500200e-01   2.9112749e+00   1.0000000e+00
   4.0000000e+00   0.0000000e+00   7.1716000e-01   8.3500200e-01   2.9112749e+00   0.0000000e+00
   5.0000000e+00   0.0000000e+00   8.6343400e-01   8.3500200e-01   2.9112749e+00   0.0000000e+00
   6.0000000e+00   1.0000000e+00   4.4968600e-01   8.3500200e-01   2.9112749e+00   0.0000000e+00
   7.0000000e+00   0.0000000e+00   5.4722400e-01   8.3500200e-01   2.9112749e+00   0.0000000e+00
   8.0000000e+00   1.0000000e+00   4.8183100e-01   8.3500200e-01   2.9112749e+00   1.0000000e+00
   9.0000000e+00   0.0000000e+00   5.5612900e-01   8.3500200e-01   2.9112749e+00   0.0000000e+00
   1.0000000e+01   0.0000000e+00   4.5455600e-01   8.3500200e-01   2.9112749e+00   1.0000000e+00
   1.1000000e+01   0.0000000e+00   6.1640100e-01   8.3500200e-01   2.9112749e+00   0.0000000e+00
   1.2000000e+01   0.0000000e+00   1.3451490e+00   8.3500200e-01   2.9112749e+00   1.0000000e+00
   1.3000000e+01   0.0000000e+00   6.8002000e-01   8.3500200e-01   2.9112749e+00   1.0000000e+00
   1.4000000e+01   0.0000000e+00   7.8298900e-01   8.3500200e-01   2.9112749e+00   1.0000000e+00
   1.5000000e+01   0.0000000e+00   5.5378200e-01   8.3500200e-01   2.9112749e+00   0.0000000e+00
   1.6000000e+01   1.0000000e+00   1.0846710e+00   8.3500200e-01   2.9112749e+00   0.0000000e+00
   1.7000000e+01   0.0000000e+00   7.8987100e-01   8.3500200e-01   2.9112749e+00   0.0000000e+00
   1.8000000e+01   1.0000000e+00   4.3556900e-01   8.3500200e-01   2.9112749e+00   0.0000000e+00
   1.9000000e+01   0.0000000e+00   7.8061000e-01   8.3500200e-01   2.9112749e+00   0.0000000e+00
   2.0000000e+01   0.0000000e+00   4.9860700e-01   8.3500200e-01   2.9112749e+00   0.0000000e+00
   2.1000000e+01   0.0000000e+00   5.2549400e-01   8.3500200e-01   2.9112749e+00   1.0000000e+00
   2.2000000e+01   0.0000000e+00   1.5367360e+00   8.3500200e-01   2.9112749e+00   1.0000000e+00
   2.3000000e+01   0.0000000e+00   2.1475310e+00   8.3500200e-01   2.9112749e+00   0.0000000e+00
   2.4000000e+01   0.0000000e+00   9.2183100e-01   8.3500200e-01   2.9112749e+00   1.0000000e+00
   2.5000000e+01   1.0000000e+00   5.0072500e-01   8.3500200e-01   2.9112749e+00   1.0000000e+00
   2.6000000e+01   0.0000000e+00   6.2237000e-01   8.3500200e-01   2.9112749e+00   1.0000000e+00
   2.7000000e+01   0.0000000e+00   8.8370000e-01   8.3500200e-01   2.9112749e+00   1.0000000e+00
   2.8000000e+01   1.0000000e+00   5.6582000e-01   8.3500200e-01   2.9112749e+00   0.0000000e+00
   2.9000000e+01   1.0000000e+00   4.6327900e-01   8.3500200e-01   2.9112749e+00   1.0000000e+00
   3.0000000e+01   0.0000000e+00   4.5763500e-01   8.3500200e-01   2.9112749e+00   0.0000000e+00
   3.1000000e+01   1.0000000e+00   1.0463270e+00   8.3500200e-01   2.9112749e+00   0.0000000e+00
   3.2000000e+01   0.0000000e+00   6.7214300e-01   8.3500200e-01   2.9112749e+00   0.0000000e+00
   3.3000000e+01   1.0000000e+00   1.7466390e+00   8.3500200e-01   2.9112749e+00   1.0000000e+00
   3.4000000e+01   0.0000000e+00   8.3850500e-01   8.3500200e-01   2.9112749e+00   1.0000000e+00
   3.5000000e+01   1.0000000e+00   5.3134900e-01   8.3500200e-01   2.9112749e+00   1.0000000e+00
   3.6000000e+01   0.0000000e+00   4.7477800e-01   8.3500200e-01   2.9112749e+00   0.0000000e+00
   3.7000000e+01   0.0000000e+00   6.8128700e-01   8.3500200e-01   2.9112749e+00   1.0000000e+00
   3.8000000e+01   0.0000000e+00   5.1041000e-01   8.3500200e-01   2.9112749e+00   1.0000000e+00
   3.9000000e+01   0.0000000e+00   1.5129090e+00   8.3500200e-01   2.9112749e+00   0.0000000e+00
   4.0000000e+01   1.0000000e+00   1.6368830e+00   8.3500200e-01   2.9112749e+00   0.0000000e+00
   4.1000000e+01   0.0000000e+00   7.7307600e-01   8.3500200e-01   2.9112749e+00   1.0000000e+00
   4.2000000e+01   0.0000000e+00   4.5226800e-01   8.3500200e-01   2.9112749e+00   0.0000000e+00
   4.3000000e+01   0.0000000e+00   5.9982600e-01   8.3500200e-01   2.9112749e+00   1.0000000e+00
   4.4000000e+01   1.0000000e+00   7.8304900e-01   8.3500200e-01   2.9112749e+00   1.0000000e+00
   4.5000000e+01   0.0000000e+00   6.1462700e-01   8.3500200e-01   2.9112749e+00   1.0000000e+00
   4.6000000e+01   0.0000000e+00   2.5924790e+00   8.3500200e-01   2.9112749e+00   0.0000000e+00
   4.7000000e+01   0.0000000e+00   8.6276700e-01   8.3500200e-01   2.9112749e+00   0.0000000e+00
   4.8000000e+01   1.0000000e+00   7.3308300e-01   8.3500200e-01   2.9112749e+00   0.0000000e+00
   4.9000000e+01   0.0000000e+00   1.1219770e+00   8.3500200e-01   2.9112749e+00   1.0000000e+00
   5.0000000e+01   1.0000000e+00   8.4892100e-01   8.3500200e-01   2.9112749e+00   0.0000000e+00
   5.1000000e+01   0.0000000e+00   1.4806530e+00   8.3500200e-01   2.9112749e+00   1.0000000e+00
   5.2000000e+01   0.0000000e+00   2.4342210e+00   8.3500200e-01   2.9112749e+00   0.0000000e+00
   5.3000000e+01   0.0000000e+00   2.2690610e+00   8.3500200e-01   2.9112749e+00   0.0000000e+00
   5.4000000e+01   1.0000000e+00   4.7704900e-01   8.3500200e-01   2.9112749e+00   1.0000000e+00
   5.5000000e+01   0.0000000e+00   1.2429860e+00   8.3500200e-01   2.9112749e+00   1.0000000e+00
   5.6000000e+01   0.0000000e+00   9.3886600e-01   8.3500200e-01   2.9112749e+00   1.0000000e+00
   5.7000000e+01   1.0000000e+00   7.9216300e-01   8.3500200e-01   2.9112749e+00   0.0000000e+00
   5.8000000e+01   0.0000000e+00   4.6122900e-01   8.3500200e-01   2.9112749e+00   1.0000000e+00
   5.9000000e+01   0.0000000e+00   2.4429940e+00   8.3500200e-01   2.9112749e+00   0.0000000e+00
   6.0000000e+01   0.0000000e+00   5.9044600e-01   8.3500200e-01   2.9112749e+00   1.0000000e+00
   6.1000000e+01   1.0000000e+00   3.4157220e+00   8.3500200e-01   2.9112749e+00   1.0000000e+00
   6.2000000e+01   0.0000000e+00   7.2700100e-01   8.3500200e-01   2.9112749e+00   0.0000000e+00
   6.3000000e+01   1.0000000e+00   2.3716860e+00   8.3500200e-01   2.9112749e+00   1.0000000e+00
   6.4000000e+01   0.0000000e+00   1.3644300e+00   8.3500200e-01   2.9112749e+00   0.0000000e+00
   6.5000000e+01   0.0000000e+00   5.0709400e-01   8.3500200e-01   2.9112749e+00   0.0000000e+00
   6.6000000e+01   0.0000000e+00   1.0274110e+00   8.3500200e-01   2.9112749e+00   0.0000000e+00
   6.7000000e+01   0.0000000e+00   5.0064200e-01   8.3500200e-01   2.9112749e+00   0.0000000e+00
   6.8000000e+01   0.0000000e+00   1.5800880e+00   8.3500200e-01   2.9112749e+00   1.0000000e+00
   6.9000000e+01   1.0000000e+00   6.3039400e-01   8.3500200e-01   2.9112749e+00   0.0000000e+00
   7.0000000e+01   0.0000000e+00   1.1738240e+00   8.3500200e-01   2.9112749e+00   1.0000000e+00
   7.1000000e+01   1.0000000e+00   6.8697700e-01   8.3500200e-01   2.9112749e+00   0.0000000e+00
   7.2000000e+01   0.0000000e+00   2.3201880e+00   8.3500200e-01   2.9112749e+00   1.0000000e+00
   7.3000000e+01   0.0000000e+00   4.4969300e-01   8.3500200e-01   2.9112749e+00   1.0000000e+00
   7.4000000e+01   0.0000000e+00   1.1033910e+00   8.3500200e-01   2.9112749e+00   1.0000000e+00
   7.5000000e+01   1.0000000e+00   9.7109200e-01   8.3500200e-01   2.9112749e+00   1.0000000e+00
   7.6000000e+01   0.0000000e+00   9.7132800e-01   8.3500200e-01   2.9112749e+00   0.0000000e+00
   7.7000000e+01   0.0000000e+00   1.6669180e+00   8.3500200e-01   2.9112749e+00   1.0000000e+00
   7.8000000e+01   0.0000000e+00   6.9532300e-01   8.3500200e-01   2.9112749e+00   0.0000000e+00
   7.9000000e+01   0.0000000e+00   5.1120900e-01   8.3500200e-01   2.9112749e+00   1.0000000e+00
   8.0000000e+01   0.0000000e+00   6.9687200e-01   8.3500200e-01   2.9112749e+00   1.0000000e+00
   8.1000000e+01   0.0000000e+00   6.5293600e-01   8.3500200e-01   2.9112749e+00   1.0000000e+00
   8.2000000e+01   1.0000000e+00   6.6279600e-01   8.3500200e-01   2.9112749e+00   0.0000000e+00
   8.3000000e+01   0.0000000e+00   1.3927070e+00   8.3500200e-01   2.9112749e+00   0.0000000e+00
   8.4000000e+01   0.0000000e+00   5.0337800e-01   8.3500200e-01   2.9112749e+00   1.0000000e+00
   8.5000000e+01   0.0000000e+00   1.0250000e+00   8.3500200e-01   2.9112749e+00   0.0000000e+00
   8.6000000e+01   1.0000000e+00   1.0639200e+00   8.3500200e-01   2.9112749e+00   1.0000000e+00
   8.7000000e+01   0.0000000e+00   5.7334200e-01   8.3500200e-01   2.9112749e+00   0.0000000e+00
   8.8000000e+01   0.0000000e+00   1.7401400e+00   8.3500200e-01   2.9112749e+00   0.0000000e+00
   8.9000000e+01   0.0000000e+00   9.4568700e-01   8.3500200e-01   2.9112749e+00   0.0000000e+00
   9.0000000e+01   0.0000000e+00   5.2174000e-01   8.3500200e-01   2.9112749e+00   0.0000000e+00
   9.1000000e+01   1.0000000e+00   5.3611000e-01   8.3500200e-01   2.9112749e+00   1.0000000e+00
   9.2000000e+01   1.0000000e+00   5.4908000e-01   8.3500200e-01   2.9112749e+00   0.0000000e+00
   9.3000000e+01   0.0000000e+00   5.6644100e-01   8.3500200e-01   2.9112749e+00   1.0000000e+00
   9.4000000e+01   1.0000000e+00   7.5722700e-01   8.3500200e-01   2.9112749e+00   1.0000000e+00
   9.5000000e+01   0.0000000e+00   6.5545100e-01   8.3500200e-01   2.9112749e+00   1.0000000e+00
   9.6000000e+01   1.0000000e+00   8.3761800e-01   8.3500200e-01   2.9112749e+00   0.0000000e+00
   9.7000000e+01   0.0000000e+00   5.6010000e-01   8.3500200e-01   2.9112749e+00   0.0000000e+00
   9.8000000e+01   0.0000000e+00   5.4697300e-01   8.3500200e-01   2.9112749e+00   0.0000000e+00
   9.9000000e+01   0.0000000e+00   5.5025800e-01   8.3500200e-01   2.9112749e+00   1.0000000e+00
   1.0000000e+02   0.0000000e+00   9.0957800e-01   8.3500200e-01   2.9112749e+00   0.0000000e+00
   1.0100000e+02   0.0000000e+00   1.8109480e+00   8.3500200e-01   2.9112749e+00   0.0000000e+00
   1.0200000e+02   0.0000000e+00   4.5916400e-01   8.3500200e-01   2.9112749e+00   1.0000000e+00
   1.0300000e+02   1.0000000e+00   1.2904020e+00   8.3500200e-01   2.9112749e+00   1.0000000e+00
   1.0400000e+02   0.0000000e+00   5.7659700e-01   8.3500200e-01   2.9112749e+00   0.0000000e+00
   1.0500000e+02   1.0000000e+00   5.4101900e-01   8.3500200e-01   2.9112749e+00   0.0000000e+00
   1.0600000e+02   0.0000000e+00   8.9537400e-01   8.3500200e-01   2.9112749e+00   0.0000000e+00
   1.0700000e+02   0.0000000e+00   1.2956010e+00   8.3500200e-01   2.9112749e+00   0.0000000e+00
   1.0800000e+02   0.0000000e+00   7.8510900e-01   8.3500200e-01   2.9112749e+00   1.0000000e+00
   1.0900000e+02   1.0000000e+00   5.3189200e-01   8.3500200e-01   2.9112749e+00   0.0000000e+00
   1.1000000e+02   0.0000000e+00   5.0265400e-01   8.3500200e-01   2.9112749e+00   1.0000000e+00
   1.1100000e+02   1.0000000e+00   5.5507900e-01   8.3500200e-01   2.9112749e+00   1.0000000e+00
   1.1200000e+02   0.0000000e+00   6.5936500e-01   8.3500200e-01   2.9112749e+00   0.0000000e+00
   1.1300000e+02   1.0000000e+00   5.9827100e-01   8.3500200e-01   2.9112749e+00   0.0000000e+00
   1.1400000e+02   0.0000000e+00   6.1110700e-01   8.3500200e-01   2.9112749e+00   1.0000000e+00
   1.1500000e+02   1.0000000e+00   8.4357400e-01   8.3500200e-01   2.9112749e+00   1.0000000e+00
   1.1600000e+02   1.0000000e+00   1.8788440e+00   8.3500200e-01   2.9112749e+00   1.0000000e+00
   1.1700000e+02   0.0000000e+00   1.1727860e+00   8.3500200e-01   2.9112749e+00   1.0000000e+00
   1.1800000e+02   0.0000000e+00   1.2606820e+00   8.3500200e-01   2.9112749e+00   1.0000000e+00
   1.1900000e+02   0.0000000e+00   1.7346750e+00   8.3500200e-01   2.9112749e+00   1.0000000e+00
   1.2000000e+02   0.0000000e+00   1.5423810e+00   8.3500200e-01   2.9112749e+00   1.0000000e+00
   1.2100000e+02   0.0000000e+00   1.2439750e+00   8.3500200e-01   2.9112749e+00   0.0000000e+00
   1.2200000e+02   1.0000000e+00   9.0747500e-01   8.3500200e-01   2.9112749e+00   0.0000000e+00
   1.2300000e+02   0.0000000e+00   7.9291200e-01   8.3500200e-01   2.9112749e+00   0.0000000e+00
   1.2400000e+02   0.0000000e+00   4.8266900e-01   8.3500200e-01   2.9112749e+00   0.0000000e+00
   1.2500000e+02   0.0000000e+00   4.5181600e-01   8.3500200e-01   2.9112749e+00   1.0000000e+00
   1.2600000e+02   0.0000000e+00   6.3477200e-01   8.3500200e-01   2.9112749e+00   1.0000000e+00
   1.2700000e+02   0.0000000e+00   1.6064210e+00   8.3500200e-01   2.9112749e+00   0.0000000e+00
   1.2800000e+02   1.0000000e+00   5.2303700e-01   8.3500200e-01   2.9112749e+00   1.0000000e+00
   1.2900000e+02   0.0000000e+00   9.3967500e-01   8.3500200e-01   2.9112749e+00   0.0000000e+00
   1.3000000e+02   1.0000000e+00   9.4468200e-01   8.3500200e-01   2.9112749e+00   0.0000000e+00
   1.3100000e+02   0.0000000e+00   9.3750800e-01   8.3500200e-01   2.9112749e+00   1.0000000e+00
   1.3200000e+02   0.0000000e+00   1.4842570e+00   8.3500200e-01   2.9112749e+00   0.0000000e+00
   1.3300000e+02   0.0000000e+00   7.2022600e-01   8.3500200e-01   2.9112749e+00   0.0000000e+00
   1.3400000e+02   0.0000000e+00   8.4690300e-01   8.3500200e-01   2.9112749e+00   1.0000000e+00
   1.3500000e+02   1.0000000e+00   5.7187200e-01   8.3500200e-01   2.9112749e+00   0.0000000e+00
   1.3600000e+02   1.0000000e+00   7.8730000e-01   8.3500200e-01   2.9112749e+00   1.0000000e+00
