1	0	2.020682	0.820851	2.6809042071	0
2	0	1.174960	0.820851	2.6809042071	0
3	1	0.713426	0.820851	2.6809042071	0
4	0	0.734784	0.820851	2.6809042071	0
5	1	0.942846	0.820851	2.6809042071	1
6	0	0.613989	0.820851	2.6809042071	1
7	0	0.859647	0.820851	2.6809042071	0
8	0	0.965444	0.820851	2.6809042071	0
9	0	0.605131	0.820851	2.6809042071	1
10	1	1.044220	0.820851	2.6809042071	0
11	0	1.295431	0.820851	2.6809042071	0
12	0	0.654822	0.820851	2.6809042071	0
13	1	0.517813	0.820851	2.6809042071	1
14	0	1.523176	0.820851	2.6809042071	1
15	0	0.804631	0.820851	2.6809042071	0
16	0	0.681886	0.820851	2.6809042071	0
17	1	0.516939	0.820851	2.6809042071	1
18	0	0.522410	0.820851	2.6809042071	0
19	1	0.765730	0.820851	2.6809042071	0
20	0	2.400961	0.820851	2.6809042071	0
21	0	0.678550	0.820851	2.6809042071	1
22	1	0.990020	0.820851	2.6809042071	1
23	0	2.413562	0.820851	2.6809042071	1
24	0	1.561282	0.820851	2.6809042071	1
25	1	1.366927	0.820851	2.6809042071	0
26	0	0.651314	0.820851	2.6809042071	1
27	0	0.516562	0.820851	2.6809042071	1
28	1	0.617667	0.820851	2.6809042071	1
29	0	0.832097	0.820851	2.6809042071	1
30	0	1.044232	0.820851	2.6809042071	1
31	0	0.821862	0.820851	2.6809042071	1
32	0	1.023042	0.820851	2.6809042071	0
33	0	2.187959	0.820851	2.6809042071	1
34	1	0.708826	0.820851	2.6809042071	0
35	0	1.457909	0.820851	2.6809042071	0
36	0	1.082735	0.820851	2.6809042071	1
37	0	0.691768	0.820851	2.6809042071	1
38	1	1.775500	0.820851	2.6809042071	0
39	0	0.593951	0.820851	2.6809042071	1
40	1	0.568477	0.820851	2.6809042071	1
41	1	1.240708	0.820851	2.6809042071	0
42	0	0.583544	0.820851	2.6809042071	1
43	0	0.501622	0.820851	2.6809042071	0
44	0	1.033834	0.820851	2.6809042071	1
45	0	1.029570	0.820851	2.6809042071	0
46	1	0.659643	0.820851	2.6809042071	1
47	0	1.703118	0.820851	2.6809042071	1
48	0	1.868321	0.820851	2.6809042071	1
49	0	1.427054	0.820851	2.6809042071	0
50	1	1.369249	0.820851	2.6809042071	1
51	0	0.592453	0.820851	2.6809042071	1
52	1	1.048212	0.820851	2.6809042071	0
53	0	0.613521	0.820851	2.6809042071	1
54	0	1.237202	0.820851	2.6809042071	1
55	0	0.592326	0.820851	2.6809042071	0
56	1	1.595763	0.820851	2.6809042071	1
57	0	1.495507	0.820851	2.6809042071	0
58	0	0.612094	0.820851	2.6809042071	0
59	0	0.503215	0.820851	2.6809042071	1
60	0	0.875618	0.820851	2.6809042071	0
61	0	0.886262	0.820851	2.6809042071	0
62	1	0.833571	0.820851	2.6809042071	0
63	0	0.523685	0.820851	2.6809042071	1
64	1	2.060275	0.820851	2.6809042071	0
65	1	0.720969	0.820851	2.6809042071	1
66	0	1.661398	0.820851	2.6809042071	0
67	0	1.649883	0.820851	2.6809042071	0
68	0	1.804069	0.820851	2.6809042071	0
69	0	0.673741	0.820851	2.6809042071	0
70	1	0.660173	0.820851	2.6809042071	1
71	0	0.516006	0.820851	2.6809042071	0
72	0	0.619437	0.820851	2.6809042071	0
73	1	1.453553	0.820851	2.6809042071	0
74	0	0.556219	0.820851	2.6809042071	0
75	0	1.887613	0.820851	2.6809042071	0
76	0	1.106508	0.820851	2.6809042071	1
77	1	1.791788	0.820851	2.6809042071	1
78	0	0.805272	0.820851	2.6809042071	1
79	1	0.573215	0.820851	2.6809042071	0
80	0	0.532034	0.820851	2.6809042071	0
81	1	0.760272	0.820851	2.6809042071	0
82	0	0.983863	0.820851	2.6809042071	1
83	1	1.286602	0.820851	2.6809042071	1
84	0	0.833073	0.820851	2.6809042071	1
85	1	0.662564	0.820851	2.6809042071	0
86	0	0.987811	0.820851	2.6809042071	0
87	0	1.211034	0.820851	2.6809042071	1
88	0	0.951563	0.820851	2.6809042071	1
89	0	0.625696	0.820851	2.6809042071	0
90	0	1.928911	0.820851	2.6809042071	1
91	0	1.502884	0.820851	2.6809042071	1
92	0	1.053390	0.820851	2.6809042071	1
93	0	2.199537	0.820851	2.6809042071	1
94	0	1.091594	0.820851	2.6809042071	1
95	1	0.866060	0.820851	2.6809042071	1
96	0	0.635702	0.820851	2.6809042071	1
97	1	1.255061	0.820851	2.6809042071	0
98	0	0.636837	0.820851	2.6809042071	0
99	1	1.096997	0.820851	2.6809042071	1
100	0	1.084957	0.820851	2.6809042071	0
101	0	0.646165	0.820851	2.6809042071	0
102	0	0.678926	0.820851	2.6809042071	0
103	0	1.452003	0.820851	2.6809042071	0
104	1	0.726478	0.820851	2.6809042071	1
105	0	1.216790	0.820851	2.6809042071	0
106	1	0.531488	0.820851	2.6809042071	0
107	1	0.751609	0.820851	2.6809042071	1
108	0	0.650636	0.820851	2.6809042071	1
109	0	0.709839	0.820851	2.6809042071	1
110	0	0.614388	0.820851	2.6809042071	0
111	0	0.909757	0.820851	2.6809042071	0
112	1	0.803684	0.820851	2.6809042071	0
113	0	0.580849	0.820851	2.6809042071	0
114	0	1.050256	0.820851	2.6809042071	0
115	0	0.667665	0.820851	2.6809042071	1
116	1	1.333956	0.820851	2.6809042071	0
117	0	0.763276	0.820851	2.6809042071	0
118	0	0.590394	0.820851	2.6809042071	0
119	0	0.624728	0.820851	2.6809042071	0
120	0	0.719110	0.820851	2.6809042071	0
121	1	0.653458	0.820851	2.6809042071	1
122	0	0.624550	0.820851	2.6809042071	1
123	0	1.022577	0.820851	2.6809042071	1
124	0	1.040127	0.820851	2.6809042071	0
125	0	0.801208	0.820851	2.6809042071	1
126	0	1.238982	0.820851	2.6809042071	1
127	0	0.910812	0.820851	2.6809042071	0
128	0	1.061634	0.820851	2.6809042071	1
129	1	1.874428	0.820851	2.6809042071	0
130	0	0.933060	0.820851	2.6809042071	1
131	1	0.831118	0.820851	2.6809042071	1
132	0	0.622728	0.820851	2.6809042071	1
133	0	2.077522	0.820851	2.6809042071	1
134	1	0.647177	0.820851	2.6809042071	1
135	0	0.630892	0.820851	2.6809042071	1
136	1	0.511905	0.820851	2.6809042071	0
