1	0	1.657891	0.823565	3.2959773914	0
2	0	1.543190	0.823565	3.2959773914	1
3	1	0.635710	0.823565	3.2959773914	0
4	0	1.180331	0.823565	3.2959773914	1
5	0	0.916831	0.823565	3.2959773914	1
6	1	0.557997	0.823565	3.2959773914	1
7	0	0.681988	0.823565	3.2959773914	0
8	1	1.383250	0.823565	3.2959773914	0
9	0	1.094394	0.823565	3.2959773914	0
10	0	0.538862	0.823565	3.2959773914	1
11	0	0.783567	0.823565	3.2959773914	0
12	0	0.849382	0.823565	3.2959773914	0
13	0	0.842715	0.823565	3.2959773914	0
14	0	1.018460	0.823565	3.2959773914	0
15	1	0.803562	0.823565	3.2959773914	1
16	0	0.710699	0.823565	3.2959773914	0
17	1	1.229120	0.823565	3.2959773914	1
18	0	0.794723	0.823565	3.2959773914	1
19	0	0.787204	0.823565	3.2959773914	0
20	0	0.522307	0.823565	3.2959773914	1
21	1	1.018752	0.823565	3.2959773914	0
22	0	1.165038	0.823565	3.2959773914	0
23	0	0.694891	0.823565	3.2959773914	1
24	0	0.577907	0.823565	3.2959773914	1
25	1	0.539207	0.823565	3.2959773914	1
26	0	0.586306	0.823565	3.2959773914	0
27	0	0.711332	0.823565	3.2959773914	1
28	0	2.199026	0.823565	3.2959773914	1
29	0	1.001652	0.823565	3.2959773914	0
30	0	1.065295	0.823565	3.2959773914	0
31	0	1.107710	0.823565	3.2959773914	1
32	1	0.714402	0.823565	3.2959773914	0
33	0	1.054781	0.823565	3.2959773914	1
34	1	1.399742	0.823565	3.2959773914	1
35	0	0.776331	0.823565	3.2959773914	0
36	0	0.651166	0.823565	3.2959773914	0
37	0	0.843447	0.823565	3.2959773914	0
38	1	0.838415	0.823565	3.2959773914	0
39	0	0.804961	0.823565	3.2959773914	1
40	0	1.318013	0.823565	3.2959773914	1
41	1	0.626994	0.823565	3.2959773914	0
42	0	1.001403	0.823565	3.2959773914	1
43	1	1.690877	0.823565	3.2959773914	1
44	0	0.709504	0.823565	3.2959773914	1
45	0	0.608261	0.823565	3.2959773914	0
46	0	0.652242	0.823565	3.2959773914	1
47	1	1.176134	0.823565	3.2959773914	0
48	1	0.532577	0.823565	3.2959773914	1
49	0	2.234520	0.823565	3.2959773914	0
50	1	0.594964	0.823565	3.2959773914	1
51	0	0.737611	0.823565	3.2959773914	1
52	0	0.764967	0.823565	3.2959773914	0
53	0	0.604145	0.823565	3.2959773914	1
54	0	1.377204	0.823565	3.2959773914	1
55	0	0.642029	0.823565	3.2959773914	0
56	1	1.707718	0.823565	3.2959773914	0
57	0	0.997392	0.823565	3.2959773914	1
58	1	0.668317	0.823565	3.2959773914	1
59	0	1.058556	0.823565	3.2959773914	0
60	0	0.545916	0.823565	3.2959773914	1
61	1	0.799682	0.823565	3.2959773914	0
62	0	1.055459	0.823565	3.2959773914	1
63	1	0.587516	0.823565	3.2959773914	0
64	0	0.713360	0.823565	3.2959773914	0
65	1	2.008163	0.823565	3.2959773914	1
66	0	0.757860	0.823565	3.2959773914	1
67	0	0.579735	0.823565	3.2959773914	0
68	0	0.870514	0.823565	3.2959773914	0
69	0	2.189457	0.823565	3.2959773914	1
70	1	0.681454	0.823565	3.2959773914	1
71	0	1.352640	0.823565	3.2959773914	1
72	0	0.559240	0.823565	3.2959773914	0
73	1	3.763286	0.823565	3.2959773914	0
74	1	0.883953	0.823565	3.2959773914	1
75	0	1.677418	0.823565	3.2959773914	0
76	0	0.704340	0.823565	3.2959773914	0
77	0	0.955981	0.823565	3.2959773914	0
78	0	0.953397	0.823565	3.2959773914	1
79	1	1.215944	0.823565	3.2959773914	0
80	1	1.601947	0.823565	3.2959773914	0
81	0	2.284469	0.823565	3.2959773914	1
82	1	1.062957	0.823565	3.2959773914	1
83	0	0.514217	0.823565	3.2959773914	0
84	0	1.381136	0.823565	3.2959773914	0
85	0	0.745257	0.823565	3.2959773914	0
86	0	0.756280	0.823565	3.2959773914	1
87	0	0.805834	0.823565	3.2959773914	1
88	0	0.556648	0.823565	3.2959773914	1
89	0	0.809978	0.823565	3.2959773914	1
90	0	0.648854	0.823565	3.2959773914	0
91	1	0.867328	0.823565	3.2959773914	0
92	0	1.900536	0.823565	3.2959773914	1
93	1	1.798312	0.823565	3.2959773914	1
94	0	1.126574	0.823565	3.2959773914	0
95	1	0.595027	0.823565	3.2959773914	0
96	0	0.737738	0.823565	3.2959773914	0
97	1	0.929251	0.823565	3.2959773914	1
98	0	0.515087	0.823565	3.2959773914	0
99	0	0.889954	0.823565	3.2959773914	1
100	0	0.527103	0.823565	3.2959773914	1
101	0	0.953392	0.823565	3.2959773914	0
102	0	1.836508	0.823565	3.2959773914	1
103	1	0.533341	0.823565	3.2959773914	1
104	0	0.848999	0.823565	3.2959773914	1
105	0	0.525364	0.823565	3.2959773914	1
106	0	1.600030	0.823565	3.2959773914	1
107	1	0.588652	0.823565	3.2959773914	0
108	0	0.616716	0.823565	3.2959773914	0
109	1	0.662740	0.823565	3.2959773914	1
110	0	0.791233	0.823565	3.2959773914	0
111	0	1.635596	0.823565	3.2959773914	0
112	0	0.803891	0.823565	3.2959773914	0
113	0	0.938460	0.823565	3.2959773914	1
114	1	1.262055	0.823565	3.2959773914	0
115	0	1.128651	0.823565	3.2959773914	0
116	1	0.600880	0.823565	3.2959773914	0
117	0	0.507142	0.823565	3.2959773914	1
118	0	0.828544	0.823565	3.2959773914	0
119	0	2.020968	0.823565	3.2959773914	0
120	0	0.556740	0.823565	3.2959773914	1
121	0	0.541441	0.823565	3.2959773914	0
122	1	1.104537	0.823565	3.2959773914	1
123	0	1.116186	0.823565	3.2959773914	0
124	1	0.687800	0.823565	3.2959773914	0
125	0	1.327671	0.823565	3.2959773914	1
126	0	0.882257	0.823565	3.2959773914	1
127	0	1.163944	0.823565	3.2959773914	1
128	0	1.703276	0.823565	3.2959773914	0
129	0	0.791195	0.823565	3.2959773914	1
130	0	1.919571	0.823565	3.2959773914	1
131	0	0.811932	0.823565	3.2959773914	1
132	1	0.973516	0.823565	3.2959773914	1
133	0	1.048719	0.823565	3.2959773914	0
134	0	0.834891	0.823565	3.2959773914	0
135	1	1.363953	0.823565	3.2959773914	1
136	1	0.593433	0.823565	3.2959773914	0
