1	0	0.965000	0.818480	0.0000000000	1
2	0	0.648477	0.818480	0.0000000000	1
3	0	1.080903	0.818480	0.0000000000	1
4	0	1.614563	0.818480	0.0000000000	0
5	1	0.757177	0.818480	0.0000000000	0
6	0	0.663815	0.818480	0.0000000000	0
7	1	0.928382	0.818480	0.0000000000	1
8	0	0.877037	0.818480	0.0000000000	1
9	0	0.622398	0.818480	0.0000000000	0
10	1	0.971723	0.818480	0.0000000000	0
11	0	0.494031	0.818480	0.0000000000	1
12	0	0.516474	0.818480	0.0000000000	1
13	1	0.554277	0.818480	0.0000000000	1
14	0	0.674628	0.818480	0.0000000000	0
15	1	0.600261	0.818480	0.0000000000	1
16	0	1.016130	0.818480	0.0000000000	1
17	1	0.956275	0.818480	0.0000000000	0
18	0	0.585359	0.818480	0.0000000000	1
19	0	0.888291	0.818480	0.0000000000	0
20	1	0.703363	0.818480	0.0000000000	1
21	1	1.284414	0.818480	0.0000000000	0
22	0	0.530295	0.818480	0.0000000000	0
23	1	1.038274	0.818480	0.0000000000	1
24	0	0.766166	0.818480	0.0000000000	1
25	0	1.061192	0.818480	0.0000000000	0
26	0	0.528750	0.818480	0.0000000000	0
27	1	0.869417	0.818480	0.0000000000	0
28	0	2.526691	0.818480	0.0000000000	1
29	0	0.638821	0.818480	0.0000000000	1
30	0	0.998141	0.818480	0.0000000000	0
31	0	0.522928	0.818480	0.0000000000	0
32	1	0.795786	0.818480	0.0000000000	0
33	0	1.136596	0.818480	0.0000000000	1
34	0	1.296916	0.818480	0.0000000000	0
35	0	1.391072	0.818480	0.0000000000	0
36	1	0.619998	0.818480	0.0000000000	1
37	0	0.990826	0.818480	0.0000000000	0
38	1	1.061689	0.818480	0.0000000000	0
39	0	1.074112	0.818480	0.0000000000	1
40	0	0.692467	0.818480	0.0000000000	1
41	1	0.905179	0.818480	0.0000000000	1
42	0	0.590222	0.818480	0.0000000000	0
43	1	1.042408	0.818480	0.0000000000	1
44	0	0.818328	0.818480	0.0000000000	1
45	0	1.043034	0.818480	0.0000000000	0
46	0	0.623555	0.818480	0.0000000000	1
47	0	0.993445	0.818480	0.0000000000	0
48	0	0.570888	0.818480	0.0000000000	0
49	0	2.135968	0.818480	0.0000000000	0
50	0	0.578062	0.818480	0.0000000000	0
51	1	1.956936	0.818480	0.0000000000	0
52	0	1.778298	0.818480	0.0000000000	0
53	1	0.700911	0.818480	0.0000000000	1
54	0	0.555170	0.818480	0.0000000000	1
55	0	0.844807	0.818480	0.0000000000	1
56	0	0.936172	0.818480	0.0000000000	1
57	0	0.709437	0.818480	0.0000000000	1
58	0	1.283961	0.818480	0.0000000000	1
59	0	0.884103	0.818480	0.0000000000	0
60	0	1.213488	0.818480	0.0000000000	1
61	0	0.971461	0.818480	0.0000000000	0
62	1	1.742698	0.818480	0.0000000000	0
63	1	0.511099	0.818480	0.0000000000	0
64	0	0.933322	0.818480	0.0000000000	1
65	0	0.875595	0.818480	0.0000000000	0
66	1	0.509763	0.818480	0.0000000000	1
67	0	0.706663	0.818480	0.0000000000	0
68	0	0.734785	0.818480	0.0000000000	1
69	0	0.780886	0.818480	0.0000000000	0
70	1	2.422632	0.818480	0.0000000000	1
71	0	0.991606	0.818480	0.0000000000	0
72	0	1.596121	0.818480	0.0000000000	0
73	0	1.248198	0.818480	0.0000000000	0
74	0	1.201839	0.818480	0.0000000000	0
75	1	0.762597	0.818480	0.0000000000	0
76	0	1.096629	0.818480	0.0000000000	0
77	0	0.947501	0.818480	0.0000000000	1
78	0	1.052338	0.818480	0.0000000000	1
79	0	0.696857	0.818480	0.0000000000	1
80	0	0.725096	0.818480	0.0000000000	0
81	1	2.447123	0.818480	0.0000000000	1
82	0	0.533767	0.818480	0.0000000000	0
83	1	0.559938	0.818480	0.0000000000	0
84	0	0.529510	0.818480	0.0000000000	1
85	0	0.748151	0.818480	0.0000000000	1
86	1	0.778149	0.818480	0.0000000000	0
87	0	0.623861	0.818480	0.0000000000	1
88	0	1.010908	0.818480	0.0000000000	0
89	0	0.663036	0.818480	0.0000000000	1
90	0	2.571243	0.818480	0.0000000000	1
91	1	0.626066	0.818480	0.0000000000	1
92	1	0.496742	0.818480	0.0000000000	0
93	0	0.924872	0.818480	0.0000000000	0
94	0	0.499456	0.818480	0.0000000000	1
95	1	0.704750	0.818480	0.0000000000	1
96	0	1.139286	0.818480	0.0000000000	0
97	0	0.622912	0.818480	0.0000000000	0
98	1	1.547977	0.818480	0.0000000000	0
99	0	1.229873	0.818480	0.0000000000	1
100	1	0.660719	0.818480	0.0000000000	1
101	0	1.012525	0.818480	0.0000000000	1
102	1	0.506881	0.818480	0.0000000000	1
103	0	0.521480	0.818480	0.0000000000	1
104	0	0.924926	0.818480	0.0000000000	1
105	0	1.871633	0.818480	0.0000000000	1
106	1	0.693567	0.818480	0.0000000000	0
107	0	1.027089	0.818480	0.0000000000	1
108	0	0.809775	0.818480	0.0000000000	0
109	0	1.027058	0.818480	0.0000000000	0
110	0	0.634214	0.818480	0.0000000000	1
111	0	0.770713	0.818480	0.0000000000	1
112	0	1.606797	0.818480	0.0000000000	1
113	0	0.722645	0.818480	0.0000000000	1
114	0	0.495550	0.818480	0.0000000000	1
115	1	0.665171	0.818480	0.0000000000	1
116	0	0.772232	0.818480	0.0000000000	1
117	0	0.520968	0.818480	0.0000000000	0
118	1	0.541504	0.818480	0.0000000000	0
119	0	2.169737	0.818480	0.0000000000	0
120	0	0.625848	0.818480	0.0000000000	0
121	1	0.518354	0.818480	0.0000000000	0
122	0	0.691284	0.818480	0.0000000000	0
123	0	1.034390	0.818480	0.0000000000	1
124	0	0.673409	0.818480	0.0000000000	0
125	0	0.497342	0.818480	0.0000000000	0
126	1	1.855272	0.818480	0.0000000000	1
127	0	0.522849	0.818480	0.0000000000	0
128	0	1.267028	0.818480	0.0000000000	0
129	1	1.099338	0.818480	0.0000000000	0
130	0	0.501962	0.818480	0.0000000000	1
131	1	0.852824	0.818480	0.0000000000	1
132	0	0.747049	0.818480	0.0000000000	0
133	1	0.549240	0.818480	0.0000000000	1
134	0	1.056557	0.818480	0.0000000000	0
135	0	2.828044	0.818480	0.0000000000	1
136	1	2.565719	0.818480	0.0000000000	0
