-1.000000000000000000e+00 1.000000000000000056e-01
-1.000000000000000000e+00 7.473333931495175220e-01
-9.985162615776062012e-01 7.473333931495175220e-01
-9.937237501144409180e-01 7.473333931495175220e-01
-9.913589954376220703e-01 7.473333931495175220e-01
-9.897332191467285156e-01 7.473333931495175220e-01
-9.881224632263183594e-01 7.473333931495175220e-01
-9.865014553070068359e-01 7.473333931495175220e-01
-9.840430021286010742e-01 7.473333931495175220e-01
-9.821375012397766113e-01 7.473333931495175220e-01
-9.805017113685607910e-01 7.473333931495175220e-01
-9.778417348861694336e-01 7.473333931495175220e-01
-9.761737585067749023e-01 7.473333931495175220e-01
-9.745107293128967285e-01 9.572534774016741022e-01
-9.729405045509338379e-01 9.572534774016741022e-01
-9.713697433471679688e-01 9.572534774016741022e-01
-9.696902632713317871e-01 9.572534774016741022e-01
-9.672282338142395020e-01 9.572534774016741022e-01
-9.656000137329101562e-01 9.572534774016741022e-01
-9.638974666595458984e-01 9.572534774016741022e-01
-9.597960114479064941e-01 9.572534774016741022e-01
-9.570994973182678223e-01 9.572534774016741022e-01
-9.551079869270324707e-01 9.572534774016741022e-01
-9.529199600219726562e-01 9.572534774016741022e-01
-9.505002498626708984e-01 9.957545210872674746e-01
-9.482267498970031738e-01 9.957545210872674746e-01
-9.449039697647094727e-01 9.957545210872674746e-01
-9.426687359809875488e-01 9.957545210872674746e-01
-9.395889639854431152e-01 9.957545210872674746e-01
-9.377684593200683594e-01 9.957545210872674746e-01
-9.353677630424499512e-01 9.957545210872674746e-01
-9.331557154655456543e-01 9.957545210872674746e-01
-9.309149980545043945e-01 9.957545210872674746e-01
-9.278435111045837402e-01 9.957545210872674746e-01
-9.252744913101196289e-01 6.741533418008553991e-01
-9.226504564285278320e-01 6.741533418008553991e-01
-9.208507537841796875e-01 6.741533418008553991e-01
-9.175974726676940918e-01 6.741533418008553991e-01
-9.146164655685424805e-01 6.741533418008553991e-01
-9.127370119094848633e-01 6.741533418008553991e-01
-9.108929634094238281e-01 6.741533418008553991e-01
-9.085882306098937988e-01 6.741533418008553991e-01
-9.056409597396850586e-01 6.741533418008553991e-01
-9.027189612388610840e-01 6.741533418008553991e-01
-9.000719785690307617e-01 7.621288065523301736e-01
-8.978455066680908203e-01 7.621288065523301736e-01
-8.954799771308898926e-01 7.621288065523301736e-01
-8.935852050781250000e-01 7.621288065523301736e-01
-8.916912078857421875e-01 7.621288065523301736e-01
-8.895517587661743164e-01 7.621288065523301736e-01
-8.877072334289550781e-01 7.621288065523301736e-01
-8.854354619979858398e-01 7.621288065523301736e-01
-8.830782175064086914e-01 7.621288065523301736e-01
-8.811052441596984863e-01 7.621288065523301736e-01
-8.779607415199279785e-01 7.621288065523301736e-01
-8.757655024528503418e-01 7.621288065523301736e-01
-8.728672266006469727e-01 7.033568262943117322e-01
-8.697155117988586426e-01 7.033568262943117322e-01
-8.671022057533264160e-01 7.033568262943117322e-01
-8.641669750213623047e-01 7.033568262943117322e-01
-8.614057302474975586e-01 7.033568262943117322e-01
-8.584622144699096680e-01 7.033568262943117322e-01
-8.557865023612976074e-01 7.033568262943117322e-01
-8.524164557456970215e-01 7.033568262943117322e-01
-8.499697446823120117e-01 8.968874221986709028e-01
-8.464725017547607422e-01 8.968874221986709028e-01
-8.430877327919006348e-01 8.968874221986709028e-01
-8.392854928970336914e-01 8.968874221986709028e-01
-8.351684808731079102e-01 8.968874221986709028e-01
-8.321154713630676270e-01 8.968874221986709028e-01
-8.280574679374694824e-01 8.968874221986709028e-01
-8.257684707641601562e-01 8.968874221986709028e-01
-8.228514790534973145e-01 7.167021588341651039e-01
-8.201684951782226562e-01 7.167021588341651039e-01
-8.161827325820922852e-01 7.167021588341651039e-01
-8.138409852981567383e-01 7.167021588341651039e-01
-8.104432225227355957e-01 7.167021588341651039e-01
-8.072122335433959961e-01 7.167021588341651039e-01
-8.027674555778503418e-01 7.167021588341651039e-01
-8.000462055206298828e-01 7.167021588341651039e-01
-7.962022423744201660e-01 8.790691522359006527e-01
-7.930657267570495605e-01 8.790691522359006527e-01
-7.889017462730407715e-01 8.790691522359006527e-01
-7.848179936408996582e-01 8.790691522359006527e-01
-7.822992205619812012e-01 8.790691522359006527e-01
-7.795452475547790527e-01 8.790691522359006527e-01
-7.750407457351684570e-01 8.790691522359006527e-01
-7.703692317008972168e-01 6.650569802202506153e-01
-7.680497169494628906e-01 6.650569802202506153e-01
-7.647827267646789551e-01 6.650569802202506153e-01
-7.625694870948791504e-01 6.650569802202506153e-01
-7.594792246818542480e-01 6.650569802202506153e-01
-7.552714943885803223e-01 6.650569802202506153e-01
-7.521962523460388184e-01 6.650569802202506153e-01
-7.473347187042236328e-01 6.650569802202506153e-01
-7.425712347030639648e-01 7.386095653588380383e-01
-7.384569644927978516e-01 7.386095653588380383e-01
-7.346652150154113770e-01 7.386095653588380383e-01
-7.295894622802734375e-01 7.386095653588380383e-01
-7.250279784202575684e-01 7.386095653588380383e-01
-7.212615013122558594e-01 7.414483059932281961e-01
-7.175104618072509766e-01 7.414483059932281961e-01
-7.139487266540527344e-01 7.414483059932281961e-01
-7.106654644012451172e-01 7.414483059932281961e-01
-7.077752351760864258e-01 7.414483059932281961e-01
-7.045440077781677246e-01 7.414483059932281961e-01
-7.016467452049255371e-01 7.414483059932281961e-01
-6.977292299270629883e-01 7.414483059932281961e-01
-6.945397257804870605e-01 9.206214229237839053e-01
-6.918284893035888672e-01 9.206214229237839053e-01
-6.879837512969970703e-01 9.206214229237839053e-01
-6.833944916725158691e-01 9.206214229237839053e-01
-6.789799928665161133e-01 9.206214229237839053e-01
-6.755057573318481445e-01 9.206214229237839053e-01
-6.728259921073913574e-01 9.206214229237839053e-01
-6.687577366828918457e-01 6.131457725572666551e-01
-6.662372350692749023e-01 6.131457725572666551e-01
-6.625917553901672363e-01 6.131457725572666551e-01
-6.579634547233581543e-01 6.131457725572666551e-01
-6.543797254562377930e-01 6.131457725572666551e-01
-6.512172222137451172e-01 6.131457725572666551e-01
-6.474307179450988770e-01 6.131457725572666551e-01
-6.432129740715026855e-01 7.754209736048960355e-01
-6.388987302780151367e-01 7.754209736048960355e-01
-6.343642473220825195e-01 7.754209736048960355e-01
-6.304062604904174805e-01 7.754209736048960355e-01
-6.252927184104919434e-01 7.754209736048960355e-01
-6.209427118301391602e-01 7.754209736048960355e-01
-6.147649884223937988e-01 6.847655202334641533e-01
-6.122407317161560059e-01 6.847655202334641533e-01
-6.093332171440124512e-01 6.847655202334641533e-01
-5.937852263450622559e-01 6.847655202334641533e-01
-5.870929956436157227e-01 9.021927953096552377e-01
-5.790429711341857910e-01 9.021927953096552377e-01
-5.712819695472717285e-01 9.021927953096552377e-01
-5.672544836997985840e-01 5.087297543445801207e-01
-5.620617270469665527e-01 5.087297543445801207e-01
-5.578100085258483887e-01 5.087297543445801207e-01
-5.540390014648437500e-01 5.087297543445801207e-01
-5.505059957504272461e-01 5.087297543445801207e-01
-5.456969738006591797e-01 5.087297543445801207e-01
-5.420194864273071289e-01 9.260074812546202905e-01
-5.375092625617980957e-01 9.260074812546202905e-01
-5.331357121467590332e-01 9.260074812546202905e-01
-5.297994613647460938e-01 9.260074812546202905e-01
-5.258354544639587402e-01 9.260074812546202905e-01
-5.199649930000305176e-01 9.260074812546202905e-01
-5.145794749259948730e-01 9.225953699263251817e-01
-5.114679932594299316e-01 9.225953699263251817e-01
-5.075377225875854492e-01 9.225953699263251817e-01
-5.030634999275207520e-01 9.225953699263251817e-01
-4.956737160682678223e-01 9.225953699263251817e-01
-4.865787625312805176e-01 5.401614583442588824e-01
-4.795165061950683594e-01 5.401614583442588824e-01
-4.761802554130554199e-01 5.401614583442588824e-01
-4.714784622192382812e-01 5.401614583442588824e-01
-4.656507372856140137e-01 5.401614583442588824e-01
-4.621815085411071777e-01 6.969282984756597354e-01
-4.570072293281555176e-01 6.969282984756597354e-01
-4.535380005836486816e-01 6.969282984756597354e-01
-4.478182196617126465e-01 6.969282984756597354e-01
-4.433540105819702148e-01 6.969282984756597354e-01
-4.388827085494995117e-01 8.204696877187858117e-01
-4.332182407379150391e-01 8.204696877187858117e-01
-4.278387427330017090e-01 8.204696877187858117e-01
-4.242422580718994141e-01 8.204696877187858117e-01
-4.214079976081848145e-01 8.204696877187858117e-01
-4.154697060585021973e-01 8.204696877187858117e-01
-4.119479656219482422e-01 7.031141213123754952e-01
-4.078494906425476074e-01 7.031141213123754952e-01
-4.029722213745117188e-01 7.031141213123754952e-01
-3.990257382392883301e-01 7.031141213123754952e-01
-3.946564793586730957e-01 7.031141213123754952e-01
-3.898169994354248047e-01 7.031141213123754952e-01
-3.855532407760620117e-01 6.776952439145969009e-01
-3.804860115051269531e-01 6.776952439145969009e-01
-3.749002218246459961e-01 6.776952439145969009e-01
-3.694474697113037109e-01 6.776952439145969009e-01
-3.657852411270141602e-01 6.776952439145969009e-01
-3.628902435302734375e-01 6.776952439145969009e-01
-3.587162494659423828e-01 9.648231725154976512e-01
-3.538734912872314453e-01 9.648231725154976512e-01
-3.475374579429626465e-01 9.648231725154976512e-01
-3.405002355575561523e-01 9.648231725154976512e-01
-3.357974886894226074e-01 9.648231725154976512e-01
-3.307344913482666016e-01 8.019120466461358010e-01
-3.262102603912353516e-01 8.019120466461358010e-01
-3.209185004234313965e-01 8.019120466461358010e-01
-3.174954652786254883e-01 8.019120466461358010e-01
-3.127807378768920898e-01 8.019120466461358010e-01
-3.088267445564270020e-01 8.019120466461358010e-01
-3.014562129974365234e-01 7.800922027699371819e-01
-2.937179803848266602e-01 7.800922027699371819e-01
-2.872962355613708496e-01 7.800922027699371819e-01
-2.821537256240844727e-01 7.800922027699371819e-01
-2.765094637870788574e-01 6.934334877868066904e-01
-2.697832584381103516e-01 6.934334877868066904e-01
-2.649664878845214844e-01 6.934334877868066904e-01
-2.618342638015747070e-01 6.934334877868066904e-01
-2.582879662513732910e-01 6.934334877868066904e-01
-2.544645071029663086e-01 6.934334877868066904e-01
-2.470909953117370605e-01 8.198320897826392173e-01
-2.414797544479370117e-01 8.198320897826392173e-01
-2.363389730453491211e-01 8.198320897826392173e-01
-2.309289574623107910e-01 8.198320897826392173e-01
-2.273192405700683594e-01 5.660616960510324036e-01
-2.213769555091857910e-01 5.660616960510324036e-01
-2.145142555236816406e-01 5.660616960510324036e-01
-2.102144956588745117e-01 5.660616960510324036e-01
-2.026657462120056152e-01 9.629909009050718893e-01
-1.964820027351379395e-01 9.629909009050718893e-01
-1.921820044517517090e-01 9.629909009050718893e-01
-1.851572394371032715e-01 9.629909009050718893e-01
-1.767129898071289062e-01 5.193433600982843013e-01
-1.725767254829406738e-01 5.193433600982843013e-01
-1.677962541580200195e-01 5.193433600982843013e-01
-1.627874970436096191e-01 5.193433600982843013e-01
-1.558397412300109863e-01 5.193433600982843013e-01
-1.507122516632080078e-01 8.070217531174359582e-01
-1.448397636413574219e-01 8.070217531174359582e-01
-1.404599547386169434e-01 8.070217531174359582e-01
-1.357497572898864746e-01 8.070217531174359582e-01
-1.304944753646850586e-01 8.070217531174359582e-01
-1.231427192687988281e-01 6.029216603700267019e-01
-1.185280084609985352e-01 6.029216603700267019e-01
-1.134234666824340820e-01 6.029216603700267019e-01
-1.083644628524780273e-01 6.029216603700267019e-01
-1.031347513198852539e-01 6.029216603700267019e-01
-9.775251150131225586e-02 5.788823072501931843e-01
-9.218823909759521484e-02 5.788823072501931843e-01
-8.607721328735351562e-02 5.788823072501931843e-01
-8.109146356582641602e-02 5.788823072501931843e-01
-7.546675205230712891e-02 8.893218241373922472e-01
-6.852674484252929688e-02 8.893218241373922472e-01
-6.324446201324462891e-02 8.893218241373922472e-01
-5.738395452499389648e-02 8.893218241373922472e-01
-5.268973112106323242e-02 8.893218241373922472e-01
-4.361450672149658203e-02 6.389219092731455163e-01
-3.754246234893798828e-02 6.389219092731455163e-01
-2.942401170730590820e-02 6.389219092731455163e-01
-2.348822355270385742e-02 8.703071629342797877e-01
-1.917850971221923828e-02 8.703071629342797877e-01
-1.437675952911376953e-02 8.703071629342797877e-01
-8.006751537322998047e-03 8.703071629342797877e-01
-1.567721366882324219e-03 8.703071629342797877e-01
6.637990474700927734e-03 7.367838322558497577e-01
1.317274570465087891e-02 7.367838322558497577e-01
2.058678865432739258e-02 7.367838322558497577e-01
2.495378255844116211e-02 5.182683353023951334e-01
3.069573640823364258e-02 5.182683353023951334e-01
3.745949268341064453e-02 5.182683353023951334e-01
4.302048683166503906e-02 5.182683353023951334e-01
4.852527379989624023e-02 5.182683353023951334e-01
5.507779121398925781e-02 6.401999479379992808e-01
6.022900342941284180e-02 6.401999479379992808e-01
6.609654426574707031e-02 6.401999479379992808e-01
7.102853059768676758e-02 6.401999479379992808e-01
7.678526639938354492e-02 8.397606756735453981e-01
8.263379335403442383e-02 8.397606756735453981e-01
8.827829360961914062e-02 8.397606756735453981e-01
9.669148921966552734e-02 8.397606756735453981e-01
1.041932702064514160e-01 9.072418776857850142e-01
1.098025441169738770e-01 9.072418776857850142e-01
1.157182455062866211e-01 9.072418776857850142e-01
1.229302883148193359e-01 9.072418776857850142e-01
1.300907731056213379e-01 9.904083925858961912e-01
1.359162926673889160e-01 9.904083925858961912e-01
1.412772536277770996e-01 9.904083925858961912e-01
1.482995152473449707e-01 9.904083925858961912e-01
1.538227796554565430e-01 5.937822079797283603e-01
1.624192595481872559e-01 5.937822079797283603e-01
1.729829907417297363e-01 5.937822079797283603e-01
1.812782883644104004e-01 9.593019830341109611e-01
1.893247365951538086e-01 9.593019830341109611e-01
1.963857412338256836e-01 9.593019830341109611e-01
2.045082449913024902e-01 7.387109225661074863e-01
2.093512415885925293e-01 7.387109225661074863e-01
2.163797616958618164e-01 7.387109225661074863e-01
2.230412364006042480e-01 7.387109225661074863e-01
2.289402484893798828e-01 5.269782084619847318e-01
2.349590063095092773e-01 5.269782084619847318e-01
2.403694987297058105e-01 5.269782084619847318e-01
2.480109930038452148e-01 5.269782084619847318e-01
2.537519931793212891e-01 6.947968929055154952e-01
2.608612775802612305e-01 6.947968929055154952e-01
2.660205364227294922e-01 6.947968929055154952e-01
2.724385261535644531e-01 6.947968929055154952e-01
2.782425284385681152e-01 6.947968929055154952e-01
2.851760387420654297e-01 6.968597553866919814e-01
2.925910353660583496e-01 6.968597553866919814e-01
2.995985150337219238e-01 6.968597553866919814e-01
3.055390119552612305e-01 5.252900664721029678e-01
3.127107620239257812e-01 5.252900664721029678e-01
3.187699913978576660e-01 5.252900664721029678e-01
3.249567747116088867e-01 5.252900664721029678e-01
3.310732841491699219e-01 5.810014523378962403e-01
3.362762928009033203e-01 5.810014523378962403e-01
3.453555107116699219e-01 5.810014523378962403e-01
3.523282408714294434e-01 5.810014523378962403e-01
3.580145239830017090e-01 9.875454264329810439e-01
3.641510009765625000e-01 9.875454264329810439e-01
3.710642457008361816e-01 9.875454264329810439e-01
3.764047622680664062e-01 9.875454264329810439e-01
3.826562762260437012e-01 8.203895753739779417e-01
3.897960186004638672e-01 8.203895753739779417e-01
3.952105045318603516e-01 8.203895753739779417e-01
4.023242592811584473e-01 8.203895753739779417e-01
4.096370339393615723e-01 7.103758324310691652e-01
4.151704907417297363e-01 7.103758324310691652e-01
4.211760163307189941e-01 7.103758324310691652e-01
4.276282787322998047e-01 7.103758324310691652e-01
4.330067634582519531e-01 7.030496560238684856e-01
4.404377937316894531e-01 7.030496560238684856e-01
4.493987560272216797e-01 7.030496560238684856e-01
4.561074972152709961e-01 7.030496560238684856e-01
4.645670056343078613e-01 6.010520188836472322e-01
4.712215065956115723e-01 6.010520188836472322e-01
4.790695309638977051e-01 6.010520188836472322e-01
4.857312440872192383e-01 7.738970518876904237e-01
4.916844964027404785e-01 7.738970518876904237e-01
4.990720152854919434e-01 7.738970518876904237e-01
5.107220411300659180e-01 6.820083336394446860e-01
5.178990364074707031e-01 6.820083336394446860e-01
5.251962542533874512e-01 6.820083336394446860e-01
5.305162668228149414e-01 6.820083336394446860e-01
5.363615155220031738e-01 5.095874835426933425e-01
5.446020364761352539e-01 5.095874835426933425e-01
5.511742830276489258e-01 5.095874835426933425e-01
5.586169958114624023e-01 5.095874835426933425e-01
5.668142437934875488e-01 8.217114423831340941e-01
5.754162669181823730e-01 8.217114423831340941e-01
5.815402865409851074e-01 8.217114423831340941e-01
5.902472734451293945e-01 6.674007584130051685e-01
5.980080366134643555e-01 6.674007584130051685e-01
6.043435335159301758e-01 6.674007584130051685e-01
6.114352941513061523e-01 6.674007584130051685e-01
6.179272532463073730e-01 6.587972037302022299e-01
6.241802573204040527e-01 6.587972037302022299e-01
6.342540383338928223e-01 6.587972037302022299e-01
6.411650180816650391e-01 6.106213506983173556e-01
6.478617787361145020e-01 6.106213506983173556e-01
6.554900407791137695e-01 6.106213506983173556e-01
6.635682582855224609e-01 6.106213506983173556e-01
6.712580323219299316e-01 9.976763490155594605e-01
6.779752373695373535e-01 9.976763490155594605e-01
6.862467527389526367e-01 9.976763490155594605e-01
6.962175369262695312e-01 5.321707582917497570e-01
7.036030292510986328e-01 5.321707582917497570e-01
7.105937600135803223e-01 5.321707582917497570e-01
7.169507741928100586e-01 5.321707582917497570e-01
7.247835397720336914e-01 7.694082201196482673e-01
7.322530150413513184e-01 7.694082201196482673e-01
7.392382621765136719e-01 7.694082201196482673e-01
7.469795346260070801e-01 5.986293207927180227e-01
7.528960108757019043e-01 5.986293207927180227e-01
7.624335289001464844e-01 5.986293207927180227e-01
7.709387540817260742e-01 9.056956173514019159e-01
7.797375321388244629e-01 9.056956173514019159e-01
7.898755073547363281e-01 9.056956173514019159e-01
7.978622913360595703e-01 5.282866112654489577e-01
8.045682907104492188e-01 5.282866112654489577e-01
8.112460374832153320e-01 5.282866112654489577e-01
8.177777528762817383e-01 5.282866112654489577e-01
8.244417905807495117e-01 7.185349538620957599e-01
8.328782916069030762e-01 7.185349538620957599e-01
8.409337401390075684e-01 7.185349538620957599e-01
8.496724963188171387e-01 6.693824756849234836e-01
8.579762578010559082e-01 6.693824756849234836e-01
8.645855188369750977e-01 6.693824756849234836e-01
8.721112608909606934e-01 8.974012958002521856e-01
8.791907429695129395e-01 8.974012958002521856e-01
8.867107629776000977e-01 8.974012958002521856e-01
8.950310349464416504e-01 8.974012958002521856e-01
9.042977690696716309e-01 7.055328652431502867e-01
9.114580154418945312e-01 7.055328652431502867e-01
9.207192659378051758e-01 7.055328652431502867e-01
9.346690177917480469e-01 7.666960297025979809e-01
9.419727921485900879e-01 7.666960297025979809e-01
9.498825073242187500e-01 8.834949714229807238e-01
9.575752615928649902e-01 8.834949714229807238e-01
9.668005108833312988e-01 8.834949714229807238e-01
9.746475219726562500e-01 9.518595511561847022e-01
9.847087860107421875e-01 9.518595511561847022e-01
9.922677874565124512e-01 9.518595511561847022e-01
9.998335242271423340e-01 9.245689642875978276e-01
1.011067986488342285e+00 9.245689642875978276e-01
1.011067986488342285e+00 1.000000000000000056e-01
9.998335242271423340e-01 1.000000000000000056e-01
9.922677874565124512e-01 1.000000000000000056e-01
9.847087860107421875e-01 1.000000000000000056e-01
9.746475219726562500e-01 1.000000000000000056e-01
9.668005108833312988e-01 1.000000000000000056e-01
9.575752615928649902e-01 1.000000000000000056e-01
9.498825073242187500e-01 1.000000000000000056e-01
9.419727921485900879e-01 1.000000000000000056e-01
9.346690177917480469e-01 1.000000000000000056e-01
9.207192659378051758e-01 1.000000000000000056e-01
9.114580154418945312e-01 1.000000000000000056e-01
9.042977690696716309e-01 1.000000000000000056e-01
8.950310349464416504e-01 1.000000000000000056e-01
8.867107629776000977e-01 1.000000000000000056e-01
8.791907429695129395e-01 1.000000000000000056e-01
8.721112608909606934e-01 1.000000000000000056e-01
8.645855188369750977e-01 1.000000000000000056e-01
8.579762578010559082e-01 1.000000000000000056e-01
8.496724963188171387e-01 1.000000000000000056e-01
8.409337401390075684e-01 1.000000000000000056e-01
8.328782916069030762e-01 1.000000000000000056e-01
8.244417905807495117e-01 1.000000000000000056e-01
8.177777528762817383e-01 1.000000000000000056e-01
8.112460374832153320e-01 1.000000000000000056e-01
8.045682907104492188e-01 1.000000000000000056e-01
7.978622913360595703e-01 1.000000000000000056e-01
7.898755073547363281e-01 1.000000000000000056e-01
7.797375321388244629e-01 1.000000000000000056e-01
7.709387540817260742e-01 1.000000000000000056e-01
7.624335289001464844e-01 1.000000000000000056e-01
7.528960108757019043e-01 1.000000000000000056e-01
7.469795346260070801e-01 1.000000000000000056e-01
7.392382621765136719e-01 1.000000000000000056e-01
7.322530150413513184e-01 1.000000000000000056e-01
7.247835397720336914e-01 1.000000000000000056e-01
7.169507741928100586e-01 1.000000000000000056e-01
7.105937600135803223e-01 1.000000000000000056e-01
7.036030292510986328e-01 1.000000000000000056e-01
6.962175369262695312e-01 1.000000000000000056e-01
6.862467527389526367e-01 1.000000000000000056e-01
6.779752373695373535e-01 1.000000000000000056e-01
6.712580323219299316e-01 1.000000000000000056e-01
6.635682582855224609e-01 1.000000000000000056e-01
6.554900407791137695e-01 1.000000000000000056e-01
6.478617787361145020e-01 1.000000000000000056e-01
6.411650180816650391e-01 1.000000000000000056e-01
6.342540383338928223e-01 1.000000000000000056e-01
6.241802573204040527e-01 1.000000000000000056e-01
6.179272532463073730e-01 1.000000000000000056e-01
6.114352941513061523e-01 1.000000000000000056e-01
6.043435335159301758e-01 1.000000000000000056e-01
5.980080366134643555e-01 1.000000000000000056e-01
5.902472734451293945e-01 1.000000000000000056e-01
5.815402865409851074e-01 1.000000000000000056e-01
5.754162669181823730e-01 1.000000000000000056e-01
5.668142437934875488e-01 1.000000000000000056e-01
5.586169958114624023e-01 1.000000000000000056e-01
5.511742830276489258e-01 1.000000000000000056e-01
5.446020364761352539e-01 1.000000000000000056e-01
5.363615155220031738e-01 1.000000000000000056e-01
5.305162668228149414e-01 1.000000000000000056e-01
5.251962542533874512e-01 1.000000000000000056e-01
5.178990364074707031e-01 1.000000000000000056e-01
5.107220411300659180e-01 1.000000000000000056e-01
4.990720152854919434e-01 1.000000000000000056e-01
4.916844964027404785e-01 1.000000000000000056e-01
4.857312440872192383e-01 1.000000000000000056e-01
4.790695309638977051e-01 1.000000000000000056e-01
4.712215065956115723e-01 1.000000000000000056e-01
4.645670056343078613e-01 1.000000000000000056e-01
4.561074972152709961e-01 1.000000000000000056e-01
4.493987560272216797e-01 1.000000000000000056e-01
4.404377937316894531e-01 1.000000000000000056e-01
4.330067634582519531e-01 1.000000000000000056e-01
4.276282787322998047e-01 1.000000000000000056e-01
4.211760163307189941e-01 1.000000000000000056e-01
4.151704907417297363e-01 1.000000000000000056e-01
4.096370339393615723e-01 1.000000000000000056e-01
4.023242592811584473e-01 1.000000000000000056e-01
3.952105045318603516e-01 1.000000000000000056e-01
3.897960186004638672e-01 1.000000000000000056e-01
3.826562762260437012e-01 1.000000000000000056e-01
3.764047622680664062e-01 1.000000000000000056e-01
3.710642457008361816e-01 1.000000000000000056e-01
3.641510009765625000e-01 1.000000000000000056e-01
3.580145239830017090e-01 1.000000000000000056e-01
3.523282408714294434e-01 1.000000000000000056e-01
3.453555107116699219e-01 1.000000000000000056e-01
3.362762928009033203e-01 1.000000000000000056e-01
3.310732841491699219e-01 1.000000000000000056e-01
3.249567747116088867e-01 1.000000000000000056e-01
3.187699913978576660e-01 1.000000000000000056e-01
3.127107620239257812e-01 1.000000000000000056e-01
3.055390119552612305e-01 1.000000000000000056e-01
2.995985150337219238e-01 1.000000000000000056e-01
2.925910353660583496e-01 1.000000000000000056e-01
2.851760387420654297e-01 1.000000000000000056e-01
2.782425284385681152e-01 1.000000000000000056e-01
2.724385261535644531e-01 1.000000000000000056e-01
2.660205364227294922e-01 1.000000000000000056e-01
2.608612775802612305e-01 1.000000000000000056e-01
2.537519931793212891e-01 1.000000000000000056e-01
2.480109930038452148e-01 1.000000000000000056e-01
2.403694987297058105e-01 1.000000000000000056e-01
2.349590063095092773e-01 1.000000000000000056e-01
2.289402484893798828e-01 1.000000000000000056e-01
2.230412364006042480e-01 1.000000000000000056e-01
2.163797616958618164e-01 1.000000000000000056e-01
2.093512415885925293e-01 1.000000000000000056e-01
2.045082449913024902e-01 1.000000000000000056e-01
1.963857412338256836e-01 1.000000000000000056e-01
1.893247365951538086e-01 1.000000000000000056e-01
1.812782883644104004e-01 1.000000000000000056e-01
1.729829907417297363e-01 1.000000000000000056e-01
1.624192595481872559e-01 1.000000000000000056e-01
1.538227796554565430e-01 1.000000000000000056e-01
1.482995152473449707e-01 1.000000000000000056e-01
1.412772536277770996e-01 1.000000000000000056e-01
1.359162926673889160e-01 1.000000000000000056e-01
1.300907731056213379e-01 1.000000000000000056e-01
1.229302883148193359e-01 1.000000000000000056e-01
1.157182455062866211e-01 1.000000000000000056e-01
1.098025441169738770e-01 1.000000000000000056e-01
1.041932702064514160e-01 1.000000000000000056e-01
9.669148921966552734e-02 1.000000000000000056e-01
8.827829360961914062e-02 1.000000000000000056e-01
8.263379335403442383e-02 1.000000000000000056e-01
7.678526639938354492e-02 1.000000000000000056e-01
7.102853059768676758e-02 1.000000000000000056e-01
6.609654426574707031e-02 1.000000000000000056e-01
6.022900342941284180e-02 1.000000000000000056e-01
5.507779121398925781e-02 1.000000000000000056e-01
4.852527379989624023e-02 1.000000000000000056e-01
4.302048683166503906e-02 1.000000000000000056e-01
3.745949268341064453e-02 1.000000000000000056e-01
3.069573640823364258e-02 1.000000000000000056e-01
2.495378255844116211e-02 1.000000000000000056e-01
2.058678865432739258e-02 1.000000000000000056e-01
1.317274570465087891e-02 1.000000000000000056e-01
6.637990474700927734e-03 1.000000000000000056e-01
-1.567721366882324219e-03 1.000000000000000056e-01
-8.006751537322998047e-03 1.000000000000000056e-01
-1.437675952911376953e-02 1.000000000000000056e-01
-1.917850971221923828e-02 1.000000000000000056e-01
-2.348822355270385742e-02 1.000000000000000056e-01
-2.942401170730590820e-02 1.000000000000000056e-01
-3.754246234893798828e-02 1.000000000000000056e-01
-4.361450672149658203e-02 1.000000000000000056e-01
-5.268973112106323242e-02 1.000000000000000056e-01
-5.738395452499389648e-02 1.000000000000000056e-01
-6.324446201324462891e-02 1.000000000000000056e-01
-6.852674484252929688e-02 1.000000000000000056e-01
-7.546675205230712891e-02 1.000000000000000056e-01
-8.109146356582641602e-02 1.000000000000000056e-01
-8.607721328735351562e-02 1.000000000000000056e-01
-9.218823909759521484e-02 1.000000000000000056e-01
-9.775251150131225586e-02 1.000000000000000056e-01
-1.031347513198852539e-01 1.000000000000000056e-01
-1.083644628524780273e-01 1.000000000000000056e-01
-1.134234666824340820e-01 1.000000000000000056e-01
-1.185280084609985352e-01 1.000000000000000056e-01
-1.231427192687988281e-01 1.000000000000000056e-01
-1.304944753646850586e-01 1.000000000000000056e-01
-1.357497572898864746e-01 1.000000000000000056e-01
-1.404599547386169434e-01 1.000000000000000056e-01
-1.448397636413574219e-01 1.000000000000000056e-01
-1.507122516632080078e-01 1.000000000000000056e-01
-1.558397412300109863e-01 1.000000000000000056e-01
-1.627874970436096191e-01 1.000000000000000056e-01
-1.677962541580200195e-01 1.000000000000000056e-01
-1.725767254829406738e-01 1.000000000000000056e-01
-1.767129898071289062e-01 1.000000000000000056e-01
-1.851572394371032715e-01 1.000000000000000056e-01
-1.921820044517517090e-01 1.000000000000000056e-01
-1.964820027351379395e-01 1.000000000000000056e-01
-2.026657462120056152e-01 1.000000000000000056e-01
-2.102144956588745117e-01 1.000000000000000056e-01
-2.145142555236816406e-01 1.000000000000000056e-01
-2.213769555091857910e-01 1.000000000000000056e-01
-2.273192405700683594e-01 1.000000000000000056e-01
-2.309289574623107910e-01 1.000000000000000056e-01
-2.363389730453491211e-01 1.000000000000000056e-01
-2.414797544479370117e-01 1.000000000000000056e-01
-2.470909953117370605e-01 1.000000000000000056e-01
-2.544645071029663086e-01 1.000000000000000056e-01
-2.582879662513732910e-01 1.000000000000000056e-01
-2.618342638015747070e-01 1.000000000000000056e-01
-2.649664878845214844e-01 1.000000000000000056e-01
-2.697832584381103516e-01 1.000000000000000056e-01
-2.765094637870788574e-01 1.000000000000000056e-01
-2.821537256240844727e-01 1.000000000000000056e-01
-2.872962355613708496e-01 1.000000000000000056e-01
-2.937179803848266602e-01 1.000000000000000056e-01
-3.014562129974365234e-01 1.000000000000000056e-01
-3.088267445564270020e-01 1.000000000000000056e-01
-3.127807378768920898e-01 1.000000000000000056e-01
-3.174954652786254883e-01 1.000000000000000056e-01
-3.209185004234313965e-01 1.000000000000000056e-01
-3.262102603912353516e-01 1.000000000000000056e-01
-3.307344913482666016e-01 1.000000000000000056e-01
-3.357974886894226074e-01 1.000000000000000056e-01
-3.405002355575561523e-01 1.000000000000000056e-01
-3.475374579429626465e-01 1.000000000000000056e-01
-3.538734912872314453e-01 1.000000000000000056e-01
-3.587162494659423828e-01 1.000000000000000056e-01
-3.628902435302734375e-01 1.000000000000000056e-01
-3.657852411270141602e-01 1.000000000000000056e-01
-3.694474697113037109e-01 1.000000000000000056e-01
-3.749002218246459961e-01 1.000000000000000056e-01
-3.804860115051269531e-01 1.000000000000000056e-01
-3.855532407760620117e-01 1.000000000000000056e-01
-3.898169994354248047e-01 1.000000000000000056e-01
-3.946564793586730957e-01 1.000000000000000056e-01
-3.990257382392883301e-01 1.000000000000000056e-01
-4.029722213745117188e-01 1.000000000000000056e-01
-4.078494906425476074e-01 1.000000000000000056e-01
-4.119479656219482422e-01 1.000000000000000056e-01
-4.154697060585021973e-01 1.000000000000000056e-01
-4.214079976081848145e-01 1.000000000000000056e-01
-4.242422580718994141e-01 1.000000000000000056e-01
-4.278387427330017090e-01 1.000000000000000056e-01
-4.332182407379150391e-01 1.000000000000000056e-01
-4.388827085494995117e-01 1.000000000000000056e-01
-4.433540105819702148e-01 1.000000000000000056e-01
-4.478182196617126465e-01 1.000000000000000056e-01
-4.535380005836486816e-01 1.000000000000000056e-01
-4.570072293281555176e-01 1.000000000000000056e-01
-4.621815085411071777e-01 1.000000000000000056e-01
-4.656507372856140137e-01 1.000000000000000056e-01
-4.714784622192382812e-01 1.000000000000000056e-01
-4.761802554130554199e-01 1.000000000000000056e-01
-4.795165061950683594e-01 1.000000000000000056e-01
-4.865787625312805176e-01 1.000000000000000056e-01
-4.956737160682678223e-01 1.000000000000000056e-01
-5.030634999275207520e-01 1.000000000000000056e-01
-5.075377225875854492e-01 1.000000000000000056e-01
-5.114679932594299316e-01 1.000000000000000056e-01
-5.145794749259948730e-01 1.000000000000000056e-01
-5.199649930000305176e-01 1.000000000000000056e-01
-5.258354544639587402e-01 1.000000000000000056e-01
-5.297994613647460938e-01 1.000000000000000056e-01
-5.331357121467590332e-01 1.000000000000000056e-01
-5.375092625617980957e-01 1.000000000000000056e-01
-5.420194864273071289e-01 1.000000000000000056e-01
-5.456969738006591797e-01 1.000000000000000056e-01
-5.505059957504272461e-01 1.000000000000000056e-01
-5.540390014648437500e-01 1.000000000000000056e-01
-5.578100085258483887e-01 1.000000000000000056e-01
-5.620617270469665527e-01 1.000000000000000056e-01
-5.672544836997985840e-01 1.000000000000000056e-01
-5.712819695472717285e-01 1.000000000000000056e-01
-5.790429711341857910e-01 1.000000000000000056e-01
-5.870929956436157227e-01 1.000000000000000056e-01
-5.937852263450622559e-01 1.000000000000000056e-01
-6.093332171440124512e-01 1.000000000000000056e-01
-6.122407317161560059e-01 1.000000000000000056e-01
-6.147649884223937988e-01 1.000000000000000056e-01
-6.209427118301391602e-01 1.000000000000000056e-01
-6.252927184104919434e-01 1.000000000000000056e-01
-6.304062604904174805e-01 1.000000000000000056e-01
-6.343642473220825195e-01 1.000000000000000056e-01
-6.388987302780151367e-01 1.000000000000000056e-01
-6.432129740715026855e-01 1.000000000000000056e-01
-6.474307179450988770e-01 1.000000000000000056e-01
-6.512172222137451172e-01 1.000000000000000056e-01
-6.543797254562377930e-01 1.000000000000000056e-01
-6.579634547233581543e-01 1.000000000000000056e-01
-6.625917553901672363e-01 1.000000000000000056e-01
-6.662372350692749023e-01 1.000000000000000056e-01
-6.687577366828918457e-01 1.000000000000000056e-01
-6.728259921073913574e-01 1.000000000000000056e-01
-6.755057573318481445e-01 1.000000000000000056e-01
-6.789799928665161133e-01 1.000000000000000056e-01
-6.833944916725158691e-01 1.000000000000000056e-01
-6.879837512969970703e-01 1.000000000000000056e-01
-6.918284893035888672e-01 1.000000000000000056e-01
-6.945397257804870605e-01 1.000000000000000056e-01
-6.977292299270629883e-01 1.000000000000000056e-01
-7.016467452049255371e-01 1.000000000000000056e-01
-7.045440077781677246e-01 1.000000000000000056e-01
-7.077752351760864258e-01 1.000000000000000056e-01
-7.106654644012451172e-01 1.000000000000000056e-01
-7.139487266540527344e-01 1.000000000000000056e-01
-7.175104618072509766e-01 1.000000000000000056e-01
-7.212615013122558594e-01 1.000000000000000056e-01
-7.250279784202575684e-01 1.000000000000000056e-01
-7.295894622802734375e-01 1.000000000000000056e-01
-7.346652150154113770e-01 1.000000000000000056e-01
-7.384569644927978516e-01 1.000000000000000056e-01
-7.425712347030639648e-01 1.000000000000000056e-01
-7.473347187042236328e-01 1.000000000000000056e-01
-7.521962523460388184e-01 1.000000000000000056e-01
-7.552714943885803223e-01 1.000000000000000056e-01
-7.594792246818542480e-01 1.000000000000000056e-01
-7.625694870948791504e-01 1.000000000000000056e-01
-7.647827267646789551e-01 1.000000000000000056e-01
-7.680497169494628906e-01 1.000000000000000056e-01
-7.703692317008972168e-01 1.000000000000000056e-01
-7.750407457351684570e-01 1.000000000000000056e-01
-7.795452475547790527e-01 1.000000000000000056e-01
-7.822992205619812012e-01 1.000000000000000056e-01
-7.848179936408996582e-01 1.000000000000000056e-01
-7.889017462730407715e-01 1.000000000000000056e-01
-7.930657267570495605e-01 1.000000000000000056e-01
-7.962022423744201660e-01 1.000000000000000056e-01
-8.000462055206298828e-01 1.000000000000000056e-01
-8.027674555778503418e-01 1.000000000000000056e-01
-8.072122335433959961e-01 1.000000000000000056e-01
-8.104432225227355957e-01 1.000000000000000056e-01
-8.138409852981567383e-01 1.000000000000000056e-01
-8.161827325820922852e-01 1.000000000000000056e-01
-8.201684951782226562e-01 1.000000000000000056e-01
-8.228514790534973145e-01 1.000000000000000056e-01
-8.257684707641601562e-01 1.000000000000000056e-01
-8.280574679374694824e-01 1.000000000000000056e-01
-8.321154713630676270e-01 1.000000000000000056e-01
-8.351684808731079102e-01 1.000000000000000056e-01
-8.392854928970336914e-01 1.000000000000000056e-01
-8.430877327919006348e-01 1.000000000000000056e-01
-8.464725017547607422e-01 1.000000000000000056e-01
-8.499697446823120117e-01 1.000000000000000056e-01
-8.524164557456970215e-01 1.000000000000000056e-01
-8.557865023612976074e-01 1.000000000000000056e-01
-8.584622144699096680e-01 1.000000000000000056e-01
-8.614057302474975586e-01 1.000000000000000056e-01
-8.641669750213623047e-01 1.000000000000000056e-01
-8.671022057533264160e-01 1.000000000000000056e-01
-8.697155117988586426e-01 1.000000000000000056e-01
-8.728672266006469727e-01 1.000000000000000056e-01
-8.757655024528503418e-01 1.000000000000000056e-01
-8.779607415199279785e-01 1.000000000000000056e-01
-8.811052441596984863e-01 1.000000000000000056e-01
-8.830782175064086914e-01 1.000000000000000056e-01
-8.854354619979858398e-01 1.000000000000000056e-01
-8.877072334289550781e-01 1.000000000000000056e-01
-8.895517587661743164e-01 1.000000000000000056e-01
-8.916912078857421875e-01 1.000000000000000056e-01
-8.935852050781250000e-01 1.000000000000000056e-01
-8.954799771308898926e-01 1.000000000000000056e-01
-8.978455066680908203e-01 1.000000000000000056e-01
-9.000719785690307617e-01 1.000000000000000056e-01
-9.027189612388610840e-01 1.000000000000000056e-01
-9.056409597396850586e-01 1.000000000000000056e-01
-9.085882306098937988e-01 1.000000000000000056e-01
-9.108929634094238281e-01 1.000000000000000056e-01
-9.127370119094848633e-01 1.000000000000000056e-01
-9.146164655685424805e-01 1.000000000000000056e-01
-9.175974726676940918e-01 1.000000000000000056e-01
-9.208507537841796875e-01 1.000000000000000056e-01
-9.226504564285278320e-01 1.000000000000000056e-01
-9.252744913101196289e-01 1.000000000000000056e-01
-9.278435111045837402e-01 1.000000000000000056e-01
-9.309149980545043945e-01 1.000000000000000056e-01
-9.331557154655456543e-01 1.000000000000000056e-01
-9.353677630424499512e-01 1.000000000000000056e-01
-9.377684593200683594e-01 1.000000000000000056e-01
-9.395889639854431152e-01 1.000000000000000056e-01
-9.426687359809875488e-01 1.000000000000000056e-01
-9.449039697647094727e-01 1.000000000000000056e-01
-9.482267498970031738e-01 1.000000000000000056e-01
-9.505002498626708984e-01 1.000000000000000056e-01
-9.529199600219726562e-01 1.000000000000000056e-01
-9.551079869270324707e-01 1.000000000000000056e-01
-9.570994973182678223e-01 1.000000000000000056e-01
-9.597960114479064941e-01 1.000000000000000056e-01
-9.638974666595458984e-01 1.000000000000000056e-01
-9.656000137329101562e-01 1.000000000000000056e-01
-9.672282338142395020e-01 1.000000000000000056e-01
-9.696902632713317871e-01 1.000000000000000056e-01
-9.713697433471679688e-01 1.000000000000000056e-01
-9.729405045509338379e-01 1.000000000000000056e-01
-9.745107293128967285e-01 1.000000000000000056e-01
-9.761737585067749023e-01 1.000000000000000056e-01
-9.778417348861694336e-01 1.000000000000000056e-01
-9.805017113685607910e-01 1.000000000000000056e-01
-9.821375012397766113e-01 1.000000000000000056e-01
-9.840430021286010742e-01 1.000000000000000056e-01
-9.865014553070068359e-01 1.000000000000000056e-01
-9.881224632263183594e-01 1.000000000000000056e-01
-9.897332191467285156e-01 1.000000000000000056e-01
-9.913589954376220703e-01 1.000000000000000056e-01
-9.937237501144409180e-01 1.000000000000000056e-01
-9.985162615776062012e-01 1.000000000000000056e-01
-1.000000000000000000e+00 1.000000000000000056e-01
