   1.0000000e+00   0.0000000e+00   2.5142580e+00   8.2663600e-01   2.9340367e+00   0.0000000e+00
   2.0000000e+00   0.0000000e+00   1.2456650e+00   8.2663600e-01   2.9340367e+00   1.0000000e+00
   3.0000000e+00   0.0000000e+00   1.4557340e+00   8.2663600e-01   2.9340367e+00   0.0000000e+00
   4.0000000e+00   1.0000000e+00   6.0351100e-01   8.2663600e-01   2.9340367e+00   0.0000000e+00
   5.0000000e+00   0.0000000e+00   7.1424600e-01   8.2663600e-01   2.9340367e+00   0.0000000e+00
   6.0000000e+00   1.0000000e+00   8.5722700e-01   8.2663600e-01   2.9340367e+00   1.0000000e+00
   7.0000000e+00   0.0000000e+00   6.1136800e-01   8.2663600e-01   2.9340367e+00   1.0000000e+00
   8.0000000e+00   1.0000000e+00   7.3359400e-01   8.2663600e-01   2.9340367e+00   0.0000000e+00
   9.0000000e+00   0.0000000e+00   4.5213300e-01   8.2663600e-01   2.9340367e+00   1.0000000e+00
   1.0000000e+01   1.0000000e+00   1.6364960e+00   8.2663600e-01   2.9340367e+00   1.0000000e+00
   1.1000000e+01   0.0000000e+00   1.6974390e+00   8.2663600e-01   2.9340367e+00   1.0000000e+00
   1.2000000e+01   0.0000000e+00   1.7574960e+00   8.2663600e-01   2.9340367e+00   0.0000000e+00
   1.3000000e+01   1.0000000e+00   9.6298000e-01   8.2663600e-01   2.9340367e+00   1.0000000e+00
   1.4000000e+01   0.0000000e+00   9.3987700e-01   8.2663600e-01   2.9340367e+00   1.0000000e+00
   1.5000000e+01   0.0000000e+00   1.1914300e+00   8.2663600e-01   2.9340367e+00   0.0000000e+00
   1.6000000e+01   0.0000000e+00   5.1370400e-01   8.2663600e-01   2.9340367e+00   0.0000000e+00
   1.7000000e+01   1.0000000e+00   6.2376600e-01   8.2663600e-01   2.9340367e+00   0.0000000e+00
   1.8000000e+01   0.0000000e+00   4.4428000e-01   8.2663600e-01   2.9340367e+00   1.0000000e+00
   1.9000000e+01   0.0000000e+00   7.1808300e-01   8.2663600e-01   2.9340367e+00   0.0000000e+00
   2.0000000e+01   1.0000000e+00   7.6146300e-01   8.2663600e-01   2.9340367e+00   1.0000000e+00
   2.1000000e+01   0.0000000e+00   7.3532800e-01   8.2663600e-01   2.9340367e+00   0.0000000e+00
   2.2000000e+01   0.0000000e+00   5.4718400e-01   8.2663600e-01   2.9340367e+00   0.0000000e+00
   2.3000000e+01   1.0000000e+00   4.4596800e-01   8.2663600e-01   2.9340367e+00   0.0000000e+00
   2.4000000e+01   0.0000000e+00   5.0017600e-01   8.2663600e-01   2.9340367e+00   1.0000000e+00
   2.5000000e+01   0.0000000e+00   1.8200460e+00   8.2663600e-01   2.9340367e+00   0.0000000e+00
   2.6000000e+01   0.0000000e+00   1.2855380e+00   8.2663600e-01   2.9340367e+00   1.0000000e+00
   2.7000000e+01   0.0000000e+00   6.0185200e-01   8.2663600e-01   2.9340367e+00   1.0000000e+00
   2.8000000e+01   1.0000000e+00   9.4372300e-01   8.2663600e-01   2.9340367e+00   1.0000000e+00
   2.9000000e+01   0.0000000e+00   1.1674510e+00   8.2663600e-01   2.9340367e+00   0.0000000e+00
   3.0000000e+01   1.0000000e+00   5.0300600e-01   8.2663600e-01   2.9340367e+00   0.0000000e+00
   3.1000000e+01   0.0000000e+00   7.3946700e-01   8.2663600e-01   2.9340367e+00   1.0000000e+00
   3.2000000e+01   0.0000000e+00   1.1278060e+00   8.2663600e-01   2.9340367e+00   0.0000000e+00
   3.3000000e+01   0.0000000e+00   4.5649600e-01   8.2663600e-01   2.9340367e+00   1.0000000e+00
   3.4000000e+01   0.0000000e+00   9.1100600e-01   8.2663600e-01   2.9340367e+00   1.0000000e+00
   3.5000000e+01   0.0000000e+00   4.7673600e-01   8.2663600e-01   2.9340367e+00   1.0000000e+00
   3.6000000e+01   1.0000000e+00   5.4516900e-01   8.2663600e-01   2.9340367e+00   0.0000000e+00
   3.7000000e+01   1.0000000e+00   6.0517400e-01   8.2663600e-01   2.9340367e+00   1.0000000e+00
   3.8000000e+01   0.0000000e+00   8.1929700e-01   8.2663600e-01   2.9340367e+00   0.0000000e+00
   3.9000000e+01   1.0000000e+00   1.8098230e+00   8.2663600e-01   2.9340367e+00   0.0000000e+00
   4.0000000e+01   0.0000000e+00   9.6272400e-01   8.2663600e-01   2.9340367e+00   0.0000000e+00
   4.1000000e+01   0.0000000e+00   1.2606760e+00   8.2663600e-01   2.9340367e+00   1.0000000e+00
   4.2000000e+01   1.0000000e+00   1.5221260e+00   8.2663600e-01   2.9340367e+00   1.0000000e+00
   4.3000000e+01   0.0000000e+00   7.3217600e-01   8.2663600e-01   2.9340367e+00   0.0000000e+00
   4.4000000e+01   0.0000000e+00   5.0861300e-01   8.2663600e-01   2.9340367e+00   0.0000000e+00
   4.5000000e+01   1.0000000e+00   7.1904600e-01   8.2663600e-01   2.9340367e+00   1.0000000e+00
   4.6000000e+01   0.0000000e+00   6.6769100e-01   8.2663600e-01   2.9340367e+00   0.0000000e+00
   4.7000000e+01   0.0000000e+00   8.4229600e-01   8.2663600e-01   2.9340367e+00   1.0000000e+00
   4.8000000e+01   0.0000000e+00   1.1065390e+00   8.2663600e-01   2.9340367e+00   0.0000000e+00
   4.9000000e+01   0.0000000e+00   1.4579220e+00   8.2663600e-01   2.9340367e+00   1.0000000e+00
   5.0000000e+01   0.0000000e+00   2.1651480e+00   8.2663600e-01   2.9340367e+00   0.0000000e+00
   5.1000000e+01   0.0000000e+00   4.8791800e-01   8.2663600e-01   2.9340367e+00   0.0000000e+00
   5.2000000e+01   0.0000000e+00   1.5218010e+00   8.2663600e-01   2.9340367e+00   0.0000000e+00
   5.3000000e+01   0.0000000e+00   1.0581030e+00   8.2663600e-01   2.9340367e+00   1.0000000e+00
   5.4000000e+01   1.0000000e+00   4.4444000e-01   8.2663600e-01   2.9340367e+00   0.0000000e+00
   5.5000000e+01   0.0000000e+00   1.6949910e+00   8.2663600e-01   2.9340367e+00   0.0000000e+00
   5.6000000e+01   0.0000000e+00   5.1245300e-01   8.2663600e-01   2.9340367e+00   0.0000000e+00
   5.7000000e+01   0.0000000e+00   9.8350500e-01   8.2663600e-01   2.9340367e+00   1.0000000e+00
   5.8000000e+01   0.0000000e+00   5.9381000e-01   8.2663600e-01   2.9340367e+00   1.0000000e+00
   5.9000000e+01   0.0000000e+00   1.8356080e+00   8.2663600e-01   2.9340367e+00   1.0000000e+00
   6.0000000e+01   1.0000000e+00   7.8985100e-01   8.2663600e-01   2.9340367e+00   1.0000000e+00
   6.1000000e+01   0.0000000e+00   8.6322800e-01   8.2663600e-01   2.9340367e+00   1.0000000e+00
   6.2000000e+01   0.0000000e+00   1.0377220e+00   8.2663600e-01   2.9340367e+00   1.0000000e+00
   6.3000000e+01   0.0000000e+00   2.5796110e+00   8.2663600e-01   2.9340367e+00   0.0000000e+00
   6.4000000e+01   1.0000000e+00   5.3666900e-01   8.2663600e-01   2.9340367e+00   0.0000000e+00
   6.5000000e+01   0.0000000e+00   4.8087500e-01   8.2663600e-01   2.9340367e+00   1.0000000e+00
   6.6000000e+01   1.0000000e+00   1.0924070e+00   8.2663600e-01   2.9340367e+00   0.0000000e+00
   6.7000000e+01   0.0000000e+00   8.6369900e-01   8.2663600e-01   2.9340367e+00   1.0000000e+00
   6.8000000e+01   0.0000000e+00   1.3376820e+00   8.2663600e-01   2.9340367e+00   1.0000000e+00
   6.9000000e+01   1.0000000e+00   8.3672900e-01   8.2663600e-01   2.9340367e+00   1.0000000e+00
   7.0000000e+01   0.0000000e+00   1.7132460e+00   8.2663600e-01   2.9340367e+00   0.0000000e+00
   7.1000000e+01   0.0000000e+00   9.8128100e-01   8.2663600e-01   2.9340367e+00   1.0000000e+00
   7.2000000e+01   0.0000000e+00   1.2495050e+00   8.2663600e-01   2.9340367e+00   0.0000000e+00
   7.3000000e+01   0.0000000e+00   9.3011700e-01   8.2663600e-01   2.9340367e+00   1.0000000e+00
   7.4000000e+01   0.0000000e+00   1.5351110e+00   8.2663600e-01   2.9340367e+00   0.0000000e+00
   7.5000000e+01   0.0000000e+00   7.5344400e-01   8.2663600e-01   2.9340367e+00   0.0000000e+00
   7.6000000e+01   0.0000000e+00   1.2631470e+00   8.2663600e-01   2.9340367e+00   1.0000000e+00
   7.7000000e+01   1.0000000e+00   4.9281700e-01   8.2663600e-01   2.9340367e+00   1.0000000e+00
   7.8000000e+01   0.0000000e+00   4.5384800e-01   8.2663600e-01   2.9340367e+00   1.0000000e+00
   7.9000000e+01   1.0000000e+00   6.5787900e-01   8.2663600e-01   2.9340367e+00   0.0000000e+00
   8.0000000e+01   0.0000000e+00   8.4891600e-01   8.2663600e-01   2.9340367e+00   1.0000000e+00
   8.1000000e+01   0.0000000e+00   4.7504800e-01   8.2663600e-01   2.9340367e+00   1.0000000e+00
   8.2000000e+01   0.0000000e+00   7.7230200e-01   8.2663600e-01   2.9340367e+00   1.0000000e+00
   8.3000000e+01   1.0000000e+00   5.4143000e-01   8.2663600e-01   2.9340367e+00   1.0000000e+00
   8.4000000e+01   0.0000000e+00   5.2909800e-01   8.2663600e-01   2.9340367e+00   1.0000000e+00
   8.5000000e+01   0.0000000e+00   4.5520100e-01   8.2663600e-01   2.9340367e+00   1.0000000e+00
   8.6000000e+01   0.0000000e+00   5.2778600e-01   8.2663600e-01   2.9340367e+00   0.0000000e+00
   8.7000000e+01   1.0000000e+00   5.1092000e-01   8.2663600e-01   2.9340367e+00   0.0000000e+00
   8.8000000e+01   0.0000000e+00   1.1490790e+00   8.2663600e-01   2.9340367e+00   0.0000000e+00
   8.9000000e+01   1.0000000e+00   9.9608500e-01   8.2663600e-01   2.9340367e+00   0.0000000e+00
   9.0000000e+01   0.0000000e+00   5.0747200e-01   8.2663600e-01   2.9340367e+00   0.0000000e+00
   9.1000000e+01   0.0000000e+00   6.2254000e-01   8.2663600e-01   2.9340367e+00   0.0000000e+00
   9.2000000e+01   0.0000000e+00   2.2511090e+00   8.2663600e-01   2.9340367e+00   0.0000000e+00
   9.3000000e+01   0.0000000e+00   6.0282500e-01   8.2663600e-01   2.9340367e+00   1.0000000e+00
   9.4000000e+01   1.0000000e+00   9.4247300e-01   8.2663600e-01   2.9340367e+00   1.0000000e+00
   9.5000000e+01   0.0000000e+00   5.6826100e-01   8.2663600e-01   2.9340367e+00   1.0000000e+00
   9.6000000e+01   0.0000000e+00   1.8559220e+00   8.2663600e-01   2.9340367e+00   0.0000000e+00
   9.7000000e+01   0.0000000e+00   1.8521000e+00   8.2663600e-01   2.9340367e+00   1.0000000e+00
   9.8000000e+01   0.0000000e+00   1.0354680e+00   8.2663600e-01   2.9340367e+00   0.0000000e+00
   9.9000000e+01   1.0000000e+00   6.0966900e-01   8.2663600e-01   2.9340367e+00   0.0000000e+00
   1.0000000e+02   1.0000000e+00   6.4014600e-01   8.2663600e-01   2.9340367e+00   1.0000000e+00
   1.0100000e+02   0.0000000e+00   1.8697960e+00   8.2663600e-01   2.9340367e+00   0.0000000e+00
   1.0200000e+02   1.0000000e+00   4.8304800e-01   8.2663600e-01   2.9340367e+00   0.0000000e+00
   1.0300000e+02   0.0000000e+00   7.8249000e-01   8.2663600e-01   2.9340367e+00   0.0000000e+00
   1.0400000e+02   0.0000000e+00   1.8192820e+00   8.2663600e-01   2.9340367e+00   0.0000000e+00
   1.0500000e+02   0.0000000e+00   4.6355900e-01   8.2663600e-01   2.9340367e+00   0.0000000e+00
   1.0600000e+02   1.0000000e+00   6.8471500e-01   8.2663600e-01   2.9340367e+00   1.0000000e+00
   1.0700000e+02   1.0000000e+00   4.9128900e-01   8.2663600e-01   2.9340367e+00   1.0000000e+00
   1.0800000e+02   0.0000000e+00   4.6329200e-01   8.2663600e-01   2.9340367e+00   0.0000000e+00
   1.0900000e+02   0.0000000e+00   4.4106500e-01   8.2663600e-01   2.9340367e+00   1.0000000e+00
   1.1000000e+02   0.0000000e+00   5.7512600e-01   8.2663600e-01   2.9340367e+00   1.0000000e+00
   1.1100000e+02   1.0000000e+00   1.8218130e+00   8.2663600e-01   2.9340367e+00   0.0000000e+00
   1.1200000e+02   0.0000000e+00   1.5786940e+00   8.2663600e-01   2.9340367e+00   1.0000000e+00
   1.1300000e+02   1.0000000e+00   1.3434610e+00   8.2663600e-01   2.9340367e+00   1.0000000e+00
   1.1400000e+02   0.0000000e+00   8.2184500e-01   8.2663600e-01   2.9340367e+00   1.0000000e+00
   1.1500000e+02   0.0000000e+00   6.4890200e-01   8.2663600e-01   2.9340367e+00   0.0000000e+00
   1.1600000e+02   0.0000000e+00   4.8955000e-01   8.2663600e-01   2.9340367e+00   1.0000000e+00
   1.1700000e+02   0.0000000e+00   1.7192530e+00   8.2663600e-01   2.9340367e+00   1.0000000e+00
   1.1800000e+02   0.0000000e+00   5.8292200e-01   8.2663600e-01   2.9340367e+00   1.0000000e+00
   1.1900000e+02   1.0000000e+00   1.0330350e+00   8.2663600e-01   2.9340367e+00   0.0000000e+00
   1.2000000e+02   0.0000000e+00   6.8413000e-01   8.2663600e-01   2.9340367e+00   1.0000000e+00
   1.2100000e+02   1.0000000e+00   7.3490100e-01   8.2663600e-01   2.9340367e+00   0.0000000e+00
   1.2200000e+02   0.0000000e+00   5.2085800e-01   8.2663600e-01   2.9340367e+00   1.0000000e+00
   1.2300000e+02   1.0000000e+00   4.3969200e-01   8.2663600e-01   2.9340367e+00   1.0000000e+00
   1.2400000e+02   0.0000000e+00   4.7706300e-01   8.2663600e-01   2.9340367e+00   1.0000000e+00
   1.2500000e+02   0.0000000e+00   4.4732400e-01   8.2663600e-01   2.9340367e+00   0.0000000e+00
   1.2600000e+02   0.0000000e+00   4.7824500e-01   8.2663600e-01   2.9340367e+00   0.0000000e+00
   1.2700000e+02   1.0000000e+00   7.7032600e-01   8.2663600e-01   2.9340367e+00   0.0000000e+00
   1.2800000e+02   0.0000000e+00   4.8565900e-01   8.2663600e-01   2.9340367e+00   0.0000000e+00
   1.2900000e+02   1.0000000e+00   7.4473100e-01   8.2663600e-01   2.9340367e+00   1.0000000e+00
   1.3000000e+02   0.0000000e+00   7.7819500e-01   8.2663600e-01   2.9340367e+00   1.0000000e+00
   1.3100000e+02   0.0000000e+00   9.3162900e-01   8.2663600e-01   2.9340367e+00   0.0000000e+00
   1.3200000e+02   0.0000000e+00   8.3571000e-01   8.2663600e-01   2.9340367e+00   0.0000000e+00
   1.3300000e+02   0.0000000e+00   6.6035900e-01   8.2663600e-01   2.9340367e+00   0.0000000e+00
   1.3400000e+02   0.0000000e+00   7.4240600e-01   8.2663600e-01   2.9340367e+00   0.0000000e+00
   1.3500000e+02   1.0000000e+00   1.2681470e+00   8.2663600e-01   2.9340367e+00   1.0000000e+00
   1.3600000e+02   1.0000000e+00   1.7511870e+00   8.2663600e-01   2.9340367e+00   0.0000000e+00
