   1.0000000e+00   0.0000000e+00   2.5156070e+00   8.3116500e-01   2.7357626e+00   1.0000000e+00
   2.0000000e+00   0.0000000e+00   5.7536400e-01   8.3116500e-01   2.7357626e+00   0.0000000e+00
   3.0000000e+00   0.0000000e+00   5.2922900e-01   8.3116500e-01   2.7357626e+00   0.0000000e+00
   4.0000000e+00   0.0000000e+00   1.6134370e+00   8.3116500e-01   2.7357626e+00   1.0000000e+00
   5.0000000e+00   1.0000000e+00   9.5199200e-01   8.3116500e-01   2.7357626e+00   1.0000000e+00
   6.0000000e+00   0.0000000e+00   5.3969600e-01   8.3116500e-01   2.7357626e+00   1.0000000e+00
   7.0000000e+00   0.0000000e+00   4.6814100e-01   8.3116500e-01   2.7357626e+00   1.0000000e+00
   8.0000000e+00   0.0000000e+00   4.8235300e-01   8.3116500e-01   2.7357626e+00   1.0000000e+00
   9.0000000e+00   1.0000000e+00   9.5263000e-01   8.3116500e-01   2.7357626e+00   0.0000000e+00
   1.0000000e+01   0.0000000e+00   1.1680850e+00   8.3116500e-01   2.7357626e+00   0.0000000e+00
   1.1000000e+01   0.0000000e+00   5.7504600e-01   8.3116500e-01   2.7357626e+00   0.0000000e+00
   1.2000000e+01   0.0000000e+00   1.3364960e+00   8.3116500e-01   2.7357626e+00   1.0000000e+00
   1.3000000e+01   1.0000000e+00   4.6051200e-01   8.3116500e-01   2.7357626e+00   1.0000000e+00
   1.4000000e+01   0.0000000e+00   1.0620000e+00   8.3116500e-01   2.7357626e+00   0.0000000e+00
   1.5000000e+01   0.0000000e+00   7.3677900e-01   8.3116500e-01   2.7357626e+00   0.0000000e+00
   1.6000000e+01   0.0000000e+00   6.5303700e-01   8.3116500e-01   2.7357626e+00   0.0000000e+00
   1.7000000e+01   0.0000000e+00   9.3537100e-01   8.3116500e-01   2.7357626e+00   1.0000000e+00
   1.8000000e+01   0.0000000e+00   5.9099500e-01   8.3116500e-01   2.7357626e+00   1.0000000e+00
   1.9000000e+01   1.0000000e+00   8.0708300e-01   8.3116500e-01   2.7357626e+00   0.0000000e+00
   2.0000000e+01   0.0000000e+00   1.4261140e+00   8.3116500e-01   2.7357626e+00   1.0000000e+00
   2.1000000e+01   0.0000000e+00   7.9577400e-01   8.3116500e-01   2.7357626e+00   0.0000000e+00
   2.2000000e+01   1.0000000e+00   1.2948770e+00   8.3116500e-01   2.7357626e+00   0.0000000e+00
   2.3000000e+01   1.0000000e+00   7.4424800e-01   8.3116500e-01   2.7357626e+00   1.0000000e+00
   2.4000000e+01   0.0000000e+00   8.1073500e-01   8.3116500e-01   2.7357626e+00   0.0000000e+00
   2.5000000e+01   0.0000000e+00   2.2073110e+00   8.3116500e-01   2.7357626e+00   1.0000000e+00
   2.6000000e+01   1.0000000e+00   7.5487700e-01   8.3116500e-01   2.7357626e+00   0.0000000e+00
   2.7000000e+01   0.0000000e+00   5.8702400e-01   8.3116500e-01   2.7357626e+00   1.0000000e+00
   2.8000000e+01   0.0000000e+00   1.4062510e+00   8.3116500e-01   2.7357626e+00   1.0000000e+00
   2.9000000e+01   1.0000000e+00   5.0401500e-01   8.3116500e-01   2.7357626e+00   1.0000000e+00
   3.0000000e+01   0.0000000e+00   7.1809000e-01   8.3116500e-01   2.7357626e+00   0.0000000e+00
   3.1000000e+01   1.0000000e+00   4.9504800e-01   8.3116500e-01   2.7357626e+00   0.0000000e+00
   3.2000000e+01   0.0000000e+00   2.3468400e+00   8.3116500e-01   2.7357626e+00   0.0000000e+00
   3.3000000e+01   1.0000000e+00   9.8020100e-01   8.3116500e-01   2.7357626e+00   1.0000000e+00
   3.4000000e+01   0.0000000e+00   6.1331400e-01   8.3116500e-01   2.7357626e+00   0.0000000e+00
   3.5000000e+01   0.0000000e+00   9.6795500e-01   8.3116500e-01   2.7357626e+00   0.0000000e+00
   3.6000000e+01   0.0000000e+00   9.1716100e-01   8.3116500e-01   2.7357626e+00   1.0000000e+00
   3.7000000e+01   0.0000000e+00   6.6661700e-01   8.3116500e-01   2.7357626e+00   1.0000000e+00
   3.8000000e+01   0.0000000e+00   1.0176000e+00   8.3116500e-01   2.7357626e+00   0.0000000e+00
   3.9000000e+01   0.0000000e+00   9.6575000e-01   8.3116500e-01   2.7357626e+00   1.0000000e+00
   4.0000000e+01   1.0000000e+00   7.4489300e-01   8.3116500e-01   2.7357626e+00   1.0000000e+00
   4.1000000e+01   0.0000000e+00   2.2833800e+00   8.3116500e-01   2.7357626e+00   0.0000000e+00
   4.2000000e+01   0.0000000e+00   8.5208000e-01   8.3116500e-01   2.7357626e+00   1.0000000e+00
   4.3000000e+01   1.0000000e+00   6.8881000e-01   8.3116500e-01   2.7357626e+00   0.0000000e+00
   4.4000000e+01   0.0000000e+00   8.8267900e-01   8.3116500e-01   2.7357626e+00   1.0000000e+00
   4.5000000e+01   0.0000000e+00   7.1232500e-01   8.3116500e-01   2.7357626e+00   0.0000000e+00
   4.6000000e+01   0.0000000e+00   6.4341400e-01   8.3116500e-01   2.7357626e+00   1.0000000e+00
   4.7000000e+01   1.0000000e+00   6.0055500e-01   8.3116500e-01   2.7357626e+00   1.0000000e+00
   4.8000000e+01   0.0000000e+00   1.1799570e+00   8.3116500e-01   2.7357626e+00   0.0000000e+00
   4.9000000e+01   1.0000000e+00   9.7003800e-01   8.3116500e-01   2.7357626e+00   0.0000000e+00
   5.0000000e+01   0.0000000e+00   4.7236000e-01   8.3116500e-01   2.7357626e+00   0.0000000e+00
   5.1000000e+01   0.0000000e+00   9.9037600e-01   8.3116500e-01   2.7357626e+00   1.0000000e+00
   5.2000000e+01   0.0000000e+00   1.3236220e+00   8.3116500e-01   2.7357626e+00   0.0000000e+00
   5.3000000e+01   1.0000000e+00   6.8591900e-01   8.3116500e-01   2.7357626e+00   0.0000000e+00
   5.4000000e+01   0.0000000e+00   5.5211600e-01   8.3116500e-01   2.7357626e+00   0.0000000e+00
   5.5000000e+01   0.0000000e+00   6.5135100e-01   8.3116500e-01   2.7357626e+00   1.0000000e+00
   5.6000000e+01   1.0000000e+00   7.2758000e-01   8.3116500e-01   2.7357626e+00   1.0000000e+00
   5.7000000e+01   0.0000000e+00   8.6505700e-01   8.3116500e-01   2.7357626e+00   1.0000000e+00
   5.8000000e+01   1.0000000e+00   8.6113600e-01   8.3116500e-01   2.7357626e+00   0.0000000e+00
   5.9000000e+01   0.0000000e+00   5.6805000e-01   8.3116500e-01   2.7357626e+00   0.0000000e+00
   6.0000000e+01   0.0000000e+00   8.7052700e-01   8.3116500e-01   2.7357626e+00   0.0000000e+00
   6.1000000e+01   0.0000000e+00   7.7861800e-01   8.3116500e-01   2.7357626e+00   0.0000000e+00
   6.2000000e+01   1.0000000e+00   4.5760500e-01   8.3116500e-01   2.7357626e+00   1.0000000e+00
   6.3000000e+01   0.0000000e+00   5.0022900e-01   8.3116500e-01   2.7357626e+00   1.0000000e+00
   6.4000000e+01   1.0000000e+00   4.4689500e-01   8.3116500e-01   2.7357626e+00   1.0000000e+00
   6.5000000e+01   0.0000000e+00   4.3658900e-01   8.3116500e-01   2.7357626e+00   1.0000000e+00
   6.6000000e+01   0.0000000e+00   4.7547700e-01   8.3116500e-01   2.7357626e+00   1.0000000e+00
   6.7000000e+01   0.0000000e+00   1.2620230e+00   8.3116500e-01   2.7357626e+00   0.0000000e+00
   6.8000000e+01   0.0000000e+00   4.6197600e-01   8.3116500e-01   2.7357626e+00   0.0000000e+00
   6.9000000e+01   1.0000000e+00   6.2707000e-01   8.3116500e-01   2.7357626e+00   0.0000000e+00
   7.0000000e+01   0.0000000e+00   7.6374400e-01   8.3116500e-01   2.7357626e+00   0.0000000e+00
   7.1000000e+01   0.0000000e+00   5.0318700e-01   8.3116500e-01   2.7357626e+00   1.0000000e+00
   7.2000000e+01   0.0000000e+00   1.1258730e+00   8.3116500e-01   2.7357626e+00   0.0000000e+00
   7.3000000e+01   1.0000000e+00   2.0104340e+00   8.3116500e-01   2.7357626e+00   0.0000000e+00
   7.4000000e+01   0.0000000e+00   6.7216900e-01   8.3116500e-01   2.7357626e+00   0.0000000e+00
   7.5000000e+01   1.0000000e+00   8.4186300e-01   8.3116500e-01   2.7357626e+00   1.0000000e+00
   7.6000000e+01   0.0000000e+00   1.9394300e+00   8.3116500e-01   2.7357626e+00   0.0000000e+00
   7.7000000e+01   0.0000000e+00   1.6911840e+00   8.3116500e-01   2.7357626e+00   0.0000000e+00
   7.8000000e+01   0.0000000e+00   6.1897300e-01   8.3116500e-01   2.7357626e+00   0.0000000e+00
   7.9000000e+01   0.0000000e+00   5.4934900e-01   8.3116500e-01   2.7357626e+00   1.0000000e+00
   8.0000000e+01   1.0000000e+00   1.2294600e+00   8.3116500e-01   2.7357626e+00   0.0000000e+00
   8.1000000e+01   0.0000000e+00   4.6179900e-01   8.3116500e-01   2.7357626e+00   0.0000000e+00
   8.2000000e+01   0.0000000e+00   1.5271040e+00   8.3116500e-01   2.7357626e+00   1.0000000e+00
   8.3000000e+01   0.0000000e+00   2.0680710e+00   8.3116500e-01   2.7357626e+00   1.0000000e+00
   8.4000000e+01   0.0000000e+00   4.8625700e-01   8.3116500e-01   2.7357626e+00   0.0000000e+00
   8.5000000e+01   1.0000000e+00   7.0383300e-01   8.3116500e-01   2.7357626e+00   1.0000000e+00
   8.6000000e+01   0.0000000e+00   1.4551340e+00   8.3116500e-01   2.7357626e+00   0.0000000e+00
   8.7000000e+01   1.0000000e+00   1.1202540e+00   8.3116500e-01   2.7357626e+00   1.0000000e+00
   8.8000000e+01   0.0000000e+00   1.8284950e+00   8.3116500e-01   2.7357626e+00   0.0000000e+00
   8.9000000e+01   0.0000000e+00   6.2958300e-01   8.3116500e-01   2.7357626e+00   1.0000000e+00
   9.0000000e+01   0.0000000e+00   6.1402400e-01   8.3116500e-01   2.7357626e+00   1.0000000e+00
   9.1000000e+01   1.0000000e+00   1.2197460e+00   8.3116500e-01   2.7357626e+00   0.0000000e+00
   9.2000000e+01   0.0000000e+00   4.9262600e-01   8.3116500e-01   2.7357626e+00   1.0000000e+00
   9.3000000e+01   1.0000000e+00   6.2099100e-01   8.3116500e-01   2.7357626e+00   1.0000000e+00
   9.4000000e+01   0.0000000e+00   5.8264100e-01   8.3116500e-01   2.7357626e+00   1.0000000e+00
   9.5000000e+01   0.0000000e+00   1.8950500e+00   8.3116500e-01   2.7357626e+00   0.0000000e+00
   9.6000000e+01   0.0000000e+00   2.1633780e+00   8.3116500e-01   2.7357626e+00   1.0000000e+00
   9.7000000e+01   0.0000000e+00   6.3380500e-01   8.3116500e-01   2.7357626e+00   1.0000000e+00
   9.8000000e+01   0.0000000e+00   5.4276900e-01   8.3116500e-01   2.7357626e+00   0.0000000e+00
   9.9000000e+01   0.0000000e+00   2.0063900e+00   8.3116500e-01   2.7357626e+00   1.0000000e+00
   1.0000000e+02   1.0000000e+00   9.0677800e-01   8.3116500e-01   2.7357626e+00   0.0000000e+00
   1.0100000e+02   0.0000000e+00   5.9011900e-01   8.3116500e-01   2.7357626e+00   1.0000000e+00
   1.0200000e+02   1.0000000e+00   9.0313200e-01   8.3116500e-01   2.7357626e+00   1.0000000e+00
   1.0300000e+02   0.0000000e+00   6.1584700e-01   8.3116500e-01   2.7357626e+00   0.0000000e+00
   1.0400000e+02   1.0000000e+00   6.0829900e-01   8.3116500e-01   2.7357626e+00   0.0000000e+00
   1.0500000e+02   0.0000000e+00   5.4625500e-01   8.3116500e-01   2.7357626e+00   1.0000000e+00
   1.0600000e+02   0.0000000e+00   1.1765950e+00   8.3116500e-01   2.7357626e+00   1.0000000e+00
   1.0700000e+02   1.0000000e+00   5.5710900e-01   8.3116500e-01   2.7357626e+00   0.0000000e+00
   1.0800000e+02   0.0000000e+00   8.7333200e-01   8.3116500e-01   2.7357626e+00   0.0000000e+00
   1.0900000e+02   1.0000000e+00   9.6841400e-01   8.3116500e-01   2.7357626e+00   1.0000000e+00
   1.1000000e+02   0.0000000e+00   9.4867600e-01   8.3116500e-01   2.7357626e+00   0.0000000e+00
   1.1100000e+02   0.0000000e+00   2.1286510e+00   8.3116500e-01   2.7357626e+00   1.0000000e+00
   1.1200000e+02   0.0000000e+00   6.3874800e-01   8.3116500e-01   2.7357626e+00   0.0000000e+00
   1.1300000e+02   0.0000000e+00   6.1534400e-01   8.3116500e-01   2.7357626e+00   0.0000000e+00
   1.1400000e+02   1.0000000e+00   1.0422230e+00   8.3116500e-01   2.7357626e+00   0.0000000e+00
   1.1500000e+02   0.0000000e+00   5.6941400e-01   8.3116500e-01   2.7357626e+00   1.0000000e+00
   1.1600000e+02   1.0000000e+00   6.8647800e-01   8.3116500e-01   2.7357626e+00   1.0000000e+00
   1.1700000e+02   1.0000000e+00   5.4988000e-01   8.3116500e-01   2.7357626e+00   1.0000000e+00
   1.1800000e+02   0.0000000e+00   1.2913710e+00   8.3116500e-01   2.7357626e+00   0.0000000e+00
   1.1900000e+02   1.0000000e+00   1.2109960e+00   8.3116500e-01   2.7357626e+00   0.0000000e+00
   1.2000000e+02   0.0000000e+00   6.7813000e-01   8.3116500e-01   2.7357626e+00   1.0000000e+00
   1.2100000e+02   0.0000000e+00   1.3752210e+00   8.3116500e-01   2.7357626e+00   1.0000000e+00
   1.2200000e+02   0.0000000e+00   1.3688240e+00   8.3116500e-01   2.7357626e+00   1.0000000e+00
   1.2300000e+02   0.0000000e+00   1.1942510e+00   8.3116500e-01   2.7357626e+00   1.0000000e+00
   1.2400000e+02   0.0000000e+00   5.5950600e-01   8.3116500e-01   2.7357626e+00   0.0000000e+00
   1.2500000e+02   0.0000000e+00   6.9821100e-01   8.3116500e-01   2.7357626e+00   1.0000000e+00
   1.2600000e+02   0.0000000e+00   1.0849170e+00   8.3116500e-01   2.7357626e+00   1.0000000e+00
   1.2700000e+02   0.0000000e+00   1.1713910e+00   8.3116500e-01   2.7357626e+00   0.0000000e+00
   1.2800000e+02   1.0000000e+00   8.0392500e-01   8.3116500e-01   2.7357626e+00   1.0000000e+00
   1.2900000e+02   1.0000000e+00   7.8081000e-01   8.3116500e-01   2.7357626e+00   0.0000000e+00
   1.3000000e+02   0.0000000e+00   4.8074600e-01   8.3116500e-01   2.7357626e+00   0.0000000e+00
   1.3100000e+02   0.0000000e+00   1.3137660e+00   8.3116500e-01   2.7357626e+00   1.0000000e+00
   1.3200000e+02   0.0000000e+00   6.3848900e-01   8.3116500e-01   2.7357626e+00   1.0000000e+00
   1.3300000e+02   0.0000000e+00   4.8304000e-01   8.3116500e-01   2.7357626e+00   0.0000000e+00
   1.3400000e+02   0.0000000e+00   6.7039000e-01   8.3116500e-01   2.7357626e+00   0.0000000e+00
   1.3500000e+02   1.0000000e+00   4.5087400e-01   8.3116500e-01   2.7357626e+00   0.0000000e+00
   1.3600000e+02   1.0000000e+00   2.2358740e+00   8.3116500e-01   2.7357626e+00   1.0000000e+00
