   1.0000000e+00   0.0000000e+00   1.1539680e+00   8.2614500e-01   2.7635979e+00   0.0000000e+00
   2.0000000e+00   0.0000000e+00   4.5861200e-01   8.2614500e-01   2.7635979e+00   0.0000000e+00
   3.0000000e+00   1.0000000e+00   5.5402100e-01   8.2614500e-01   2.7635979e+00   1.0000000e+00
   4.0000000e+00   0.0000000e+00   6.8407200e-01   8.2614500e-01   2.7635979e+00   1.0000000e+00
   5.0000000e+00   0.0000000e+00   6.3779200e-01   8.2614500e-01   2.7635979e+00   1.0000000e+00
   6.0000000e+00   1.0000000e+00   4.7849200e-01   8.2614500e-01   2.7635979e+00   0.0000000e+00
   7.0000000e+00   0.0000000e+00   5.0104700e-01   8.2614500e-01   2.7635979e+00   1.0000000e+00
   8.0000000e+00   1.0000000e+00   6.6620400e-01   8.2614500e-01   2.7635979e+00   1.0000000e+00
   9.0000000e+00   0.0000000e+00   1.2188500e+00   8.2614500e-01   2.7635979e+00   1.0000000e+00
   1.0000000e+01   0.0000000e+00   4.8686000e-01   8.2614500e-01   2.7635979e+00   1.0000000e+00
   1.1000000e+01   1.0000000e+00   1.4739500e+00   8.2614500e-01   2.7635979e+00   0.0000000e+00
   1.2000000e+01   0.0000000e+00   7.2192400e-01   8.2614500e-01   2.7635979e+00   0.0000000e+00
   1.3000000e+01   0.0000000e+00   2.0278540e+00   8.2614500e-01   2.7635979e+00   0.0000000e+00
   1.4000000e+01   1.0000000e+00   9.1809400e-01   8.2614500e-01   2.7635979e+00   0.0000000e+00
   1.5000000e+01   0.0000000e+00   2.4793980e+00   8.2614500e-01   2.7635979e+00   0.0000000e+00
   1.6000000e+01   0.0000000e+00   1.4698320e+00   8.2614500e-01   2.7635979e+00   1.0000000e+00
   1.7000000e+01   0.0000000e+00   1.5881780e+00   8.2614500e-01   2.7635979e+00   0.0000000e+00
   1.8000000e+01   0.0000000e+00   1.1098680e+00   8.2614500e-01   2.7635979e+00   1.0000000e+00
   1.9000000e+01   0.0000000e+00   1.0307150e+00   8.2614500e-01   2.7635979e+00   0.0000000e+00
   2.0000000e+01   1.0000000e+00   7.4666700e-01   8.2614500e-01   2.7635979e+00   1.0000000e+00
   2.1000000e+01   0.0000000e+00   7.0050200e-01   8.2614500e-01   2.7635979e+00   1.0000000e+00
   2.2000000e+01   0.0000000e+00   7.1632900e-01   8.2614500e-01   2.7635979e+00   0.0000000e+00
   2.3000000e+01   0.0000000e+00   5.8964100e-01   8.2614500e-01   2.7635979e+00   1.0000000e+00
   2.4000000e+01   1.0000000e+00   1.1483550e+00   8.2614500e-01   2.7635979e+00   0.0000000e+00
   2.5000000e+01   0.0000000e+00   4.4978200e-01   8.2614500e-01   2.7635979e+00   0.0000000e+00
   2.6000000e+01   1.0000000e+00   8.1039800e-01   8.2614500e-01   2.7635979e+00   1.0000000e+00
   2.7000000e+01   0.0000000e+00   1.4086260e+00   8.2614500e-01   2.7635979e+00   1.0000000e+00
   2.8000000e+01   0.0000000e+00   1.1174270e+00   8.2614500e-01   2.7635979e+00   0.0000000e+00
   2.9000000e+01   0.0000000e+00   1.8566160e+00   8.2614500e-01   2.7635979e+00   1.0000000e+00
   3.0000000e+01   0.0000000e+00   1.4244800e+00   8.2614500e-01   2.7635979e+00   0.0000000e+00
   3.1000000e+01   1.0000000e+00   6.7978100e-01   8.2614500e-01   2.7635979e+00   0.0000000e+00
   3.2000000e+01   0.0000000e+00   5.2541800e-01   8.2614500e-01   2.7635979e+00   0.0000000e+00
   3.3000000e+01   1.0000000e+00   6.1074000e-01   8.2614500e-01   2.7635979e+00   1.0000000e+00
   3.4000000e+01   0.0000000e+00   9.8013200e-01   8.2614500e-01   2.7635979e+00   1.0000000e+00
   3.5000000e+01   0.0000000e+00   2.6905850e+00   8.2614500e-01   2.7635979e+00   0.0000000e+00
   3.6000000e+01   0.0000000e+00   6.6447700e-01   8.2614500e-01   2.7635979e+00   1.0000000e+00
   3.7000000e+01   0.0000000e+00   5.2348600e-01   8.2614500e-01   2.7635979e+00   0.0000000e+00
   3.8000000e+01   1.0000000e+00   2.2933290e+00   8.2614500e-01   2.7635979e+00   1.0000000e+00
   3.9000000e+01   0.0000000e+00   8.0263200e-01   8.2614500e-01   2.7635979e+00   0.0000000e+00
   4.0000000e+01   1.0000000e+00   4.5985600e-01   8.2614500e-01   2.7635979e+00   0.0000000e+00
   4.1000000e+01   0.0000000e+00   1.1023820e+00   8.2614500e-01   2.7635979e+00   1.0000000e+00
   4.2000000e+01   0.0000000e+00   8.8361200e-01   8.2614500e-01   2.7635979e+00   1.0000000e+00
   4.3000000e+01   0.0000000e+00   8.6349000e-01   8.2614500e-01   2.7635979e+00   1.0000000e+00
   4.4000000e+01   0.0000000e+00   1.2416540e+00   8.2614500e-01   2.7635979e+00   0.0000000e+00
   4.5000000e+01   1.0000000e+00   6.0859400e-01   8.2614500e-01   2.7635979e+00   1.0000000e+00
   4.6000000e+01   0.0000000e+00   1.2922960e+00   8.2614500e-01   2.7635979e+00   1.0000000e+00
   4.7000000e+01   1.0000000e+00   1.4871240e+00   8.2614500e-01   2.7635979e+00   0.0000000e+00
   4.8000000e+01   0.0000000e+00   7.5878600e-01   8.2614500e-01   2.7635979e+00   0.0000000e+00
   4.9000000e+01   1.0000000e+00   1.1752060e+00   8.2614500e-01   2.7635979e+00   0.0000000e+00
   5.0000000e+01   1.0000000e+00   5.8207500e-01   8.2614500e-01   2.7635979e+00   1.0000000e+00
   5.1000000e+01   0.0000000e+00   8.4230200e-01   8.2614500e-01   2.7635979e+00   0.0000000e+00
   5.2000000e+01   1.0000000e+00   1.7311480e+00   8.2614500e-01   2.7635979e+00   0.0000000e+00
   5.3000000e+01   0.0000000e+00   4.7646400e-01   8.2614500e-01   2.7635979e+00   0.0000000e+00
   5.4000000e+01   0.0000000e+00   1.1371510e+00   8.2614500e-01   2.7635979e+00   0.0000000e+00
   5.5000000e+01   0.0000000e+00   1.0199880e+00   8.2614500e-01   2.7635979e+00   1.0000000e+00
   5.6000000e+01   1.0000000e+00   5.9688400e-01   8.2614500e-01   2.7635979e+00   1.0000000e+00
   5.7000000e+01   0.0000000e+00   8.9626600e-01   8.2614500e-01   2.7635979e+00   0.0000000e+00
   5.8000000e+01   0.0000000e+00   1.3284350e+00   8.2614500e-01   2.7635979e+00   1.0000000e+00
   5.9000000e+01   0.0000000e+00   4.4476200e-01   8.2614500e-01   2.7635979e+00   0.0000000e+00
   6.0000000e+01   0.0000000e+00   6.3857200e-01   8.2614500e-01   2.7635979e+00   1.0000000e+00
   6.1000000e+01   1.0000000e+00   4.5120200e-01   8.2614500e-01   2.7635979e+00   1.0000000e+00
   6.2000000e+01   0.0000000e+00   1.0475680e+00   8.2614500e-01   2.7635979e+00   1.0000000e+00
   6.3000000e+01   0.0000000e+00   7.5988200e-01   8.2614500e-01   2.7635979e+00   1.0000000e+00
   6.4000000e+01   0.0000000e+00   6.9176200e-01   8.2614500e-01   2.7635979e+00   1.0000000e+00
   6.5000000e+01   1.0000000e+00   6.5257600e-01   8.2614500e-01   2.7635979e+00   0.0000000e+00
   6.6000000e+01   1.0000000e+00   5.1064800e-01   8.2614500e-01   2.7635979e+00   0.0000000e+00
   6.7000000e+01   0.0000000e+00   9.1086300e-01   8.2614500e-01   2.7635979e+00   1.0000000e+00
   6.8000000e+01   0.0000000e+00   7.8419800e-01   8.2614500e-01   2.7635979e+00   0.0000000e+00
   6.9000000e+01   0.0000000e+00   1.3510090e+00   8.2614500e-01   2.7635979e+00   0.0000000e+00
   7.0000000e+01   0.0000000e+00   1.2350680e+00   8.2614500e-01   2.7635979e+00   1.0000000e+00
   7.1000000e+01   1.0000000e+00   1.2926940e+00   8.2614500e-01   2.7635979e+00   1.0000000e+00
   7.2000000e+01   0.0000000e+00   6.9147800e-01   8.2614500e-01   2.7635979e+00   1.0000000e+00
   7.3000000e+01   0.0000000e+00   1.9340710e+00   8.2614500e-01   2.7635979e+00   1.0000000e+00
   7.4000000e+01   0.0000000e+00   5.1820800e-01   8.2614500e-01   2.7635979e+00   1.0000000e+00
   7.5000000e+01   0.0000000e+00   5.5466000e-01   8.2614500e-01   2.7635979e+00   1.0000000e+00
   7.6000000e+01   0.0000000e+00   4.4826800e-01   8.2614500e-01   2.7635979e+00   1.0000000e+00
   7.7000000e+01   0.0000000e+00   4.9088500e-01   8.2614500e-01   2.7635979e+00   0.0000000e+00
   7.8000000e+01   1.0000000e+00   7.3660400e-01   8.2614500e-01   2.7635979e+00   0.0000000e+00
   7.9000000e+01   0.0000000e+00   1.5988210e+00   8.2614500e-01   2.7635979e+00   0.0000000e+00
   8.0000000e+01   0.0000000e+00   8.0349100e-01   8.2614500e-01   2.7635979e+00   0.0000000e+00
   8.1000000e+01   0.0000000e+00   4.8477800e-01   8.2614500e-01   2.7635979e+00   1.0000000e+00
   8.2000000e+01   0.0000000e+00   1.7046610e+00   8.2614500e-01   2.7635979e+00   1.0000000e+00
   8.3000000e+01   0.0000000e+00   1.3729230e+00   8.2614500e-01   2.7635979e+00   0.0000000e+00
   8.4000000e+01   0.0000000e+00   5.7186600e-01   8.2614500e-01   2.7635979e+00   0.0000000e+00
   8.5000000e+01   1.0000000e+00   5.8719600e-01   8.2614500e-01   2.7635979e+00   1.0000000e+00
   8.6000000e+01   0.0000000e+00   1.0637460e+00   8.2614500e-01   2.7635979e+00   1.0000000e+00
   8.7000000e+01   1.0000000e+00   6.4519800e-01   8.2614500e-01   2.7635979e+00   1.0000000e+00
   8.8000000e+01   0.0000000e+00   6.3724800e-01   8.2614500e-01   2.7635979e+00   0.0000000e+00
   8.9000000e+01   1.0000000e+00   1.0583830e+00   8.2614500e-01   2.7635979e+00   0.0000000e+00
   9.0000000e+01   0.0000000e+00   1.8707370e+00   8.2614500e-01   2.7635979e+00   0.0000000e+00
   9.1000000e+01   1.0000000e+00   1.2573300e+00   8.2614500e-01   2.7635979e+00   1.0000000e+00
   9.2000000e+01   0.0000000e+00   6.0259300e-01   8.2614500e-01   2.7635979e+00   0.0000000e+00
   9.3000000e+01   0.0000000e+00   5.8503300e-01   8.2614500e-01   2.7635979e+00   0.0000000e+00
   9.4000000e+01   0.0000000e+00   8.1803200e-01   8.2614500e-01   2.7635979e+00   1.0000000e+00
   9.5000000e+01   0.0000000e+00   4.4227200e-01   8.2614500e-01   2.7635979e+00   1.0000000e+00
   9.6000000e+01   1.0000000e+00   7.0361200e-01   8.2614500e-01   2.7635979e+00   0.0000000e+00
   9.7000000e+01   0.0000000e+00   6.4868400e-01   8.2614500e-01   2.7635979e+00   0.0000000e+00
   9.8000000e+01   0.0000000e+00   4.8235900e-01   8.2614500e-01   2.7635979e+00   0.0000000e+00
   9.9000000e+01   1.0000000e+00   6.4511600e-01   8.2614500e-01   2.7635979e+00   1.0000000e+00
   1.0000000e+02   0.0000000e+00   5.1784200e-01   8.2614500e-01   2.7635979e+00   0.0000000e+00
   1.0100000e+02   0.0000000e+00   6.3477100e-01   8.2614500e-01   2.7635979e+00   1.0000000e+00
   1.0200000e+02   1.0000000e+00   8.9147100e-01   8.2614500e-01   2.7635979e+00   0.0000000e+00
   1.0300000e+02   0.0000000e+00   1.0381620e+00   8.2614500e-01   2.7635979e+00   1.0000000e+00
   1.0400000e+02   0.0000000e+00   6.5200900e-01   8.2614500e-01   2.7635979e+00   0.0000000e+00
   1.0500000e+02   1.0000000e+00   8.3576800e-01   8.2614500e-01   2.7635979e+00   0.0000000e+00
   1.0600000e+02   0.0000000e+00   6.6731400e-01   8.2614500e-01   2.7635979e+00   1.0000000e+00
   1.0700000e+02   1.0000000e+00   7.0164700e-01   8.2614500e-01   2.7635979e+00   1.0000000e+00
   1.0800000e+02   0.0000000e+00   5.0567700e-01   8.2614500e-01   2.7635979e+00   1.0000000e+00
   1.0900000e+02   0.0000000e+00   1.1814550e+00   8.2614500e-01   2.7635979e+00   0.0000000e+00
   1.1000000e+02   0.0000000e+00   6.6298600e-01   8.2614500e-01   2.7635979e+00   1.0000000e+00
   1.1100000e+02   1.0000000e+00   6.9036700e-01   8.2614500e-01   2.7635979e+00   0.0000000e+00
   1.1200000e+02   0.0000000e+00   1.1231820e+00   8.2614500e-01   2.7635979e+00   1.0000000e+00
   1.1300000e+02   0.0000000e+00   1.8922730e+00   8.2614500e-01   2.7635979e+00   0.0000000e+00
   1.1400000e+02   0.0000000e+00   7.3569600e-01   8.2614500e-01   2.7635979e+00   1.0000000e+00
   1.1500000e+02   0.0000000e+00   7.5497900e-01   8.2614500e-01   2.7635979e+00   0.0000000e+00
   1.1600000e+02   1.0000000e+00   7.5690000e-01   8.2614500e-01   2.7635979e+00   1.0000000e+00
   1.1700000e+02   0.0000000e+00   5.2988100e-01   8.2614500e-01   2.7635979e+00   0.0000000e+00
   1.1800000e+02   0.0000000e+00   1.5539810e+00   8.2614500e-01   2.7635979e+00   1.0000000e+00
   1.1900000e+02   0.0000000e+00   5.1436700e-01   8.2614500e-01   2.7635979e+00   0.0000000e+00
   1.2000000e+02   0.0000000e+00   1.2736600e+00   8.2614500e-01   2.7635979e+00   0.0000000e+00
   1.2100000e+02   1.0000000e+00   1.2511550e+00   8.2614500e-01   2.7635979e+00   1.0000000e+00
   1.2200000e+02   0.0000000e+00   1.5604320e+00   8.2614500e-01   2.7635979e+00   1.0000000e+00
   1.2300000e+02   0.0000000e+00   1.1238030e+00   8.2614500e-01   2.7635979e+00   1.0000000e+00
   1.2400000e+02   0.0000000e+00   6.7113200e-01   8.2614500e-01   2.7635979e+00   0.0000000e+00
   1.2500000e+02   1.0000000e+00   5.4200700e-01   8.2614500e-01   2.7635979e+00   0.0000000e+00
   1.2600000e+02   0.0000000e+00   1.2354260e+00   8.2614500e-01   2.7635979e+00   0.0000000e+00
   1.2700000e+02   1.0000000e+00   1.0333830e+00   8.2614500e-01   2.7635979e+00   1.0000000e+00
   1.2800000e+02   0.0000000e+00   7.1655800e-01   8.2614500e-01   2.7635979e+00   0.0000000e+00
   1.2900000e+02   1.0000000e+00   6.6024000e-01   8.2614500e-01   2.7635979e+00   0.0000000e+00
   1.3000000e+02   0.0000000e+00   4.6429800e-01   8.2614500e-01   2.7635979e+00   1.0000000e+00
   1.3100000e+02   0.0000000e+00   6.8269200e-01   8.2614500e-01   2.7635979e+00   1.0000000e+00
   1.3200000e+02   0.0000000e+00   2.8064290e+00   8.2614500e-01   2.7635979e+00   0.0000000e+00
   1.3300000e+02   1.0000000e+00   8.6804800e-01   8.2614500e-01   2.7635979e+00   0.0000000e+00
   1.3400000e+02   1.0000000e+00   5.4519000e-01   8.2614500e-01   2.7635979e+00   1.0000000e+00
   1.3500000e+02   0.0000000e+00   6.1691700e-01   8.2614500e-01   2.7635979e+00   0.0000000e+00
   1.3600000e+02   0.0000000e+00   6.5599500e-01   8.2614500e-01   2.7635979e+00   1.0000000e+00
