   1.0000000e+00   0.0000000e+00   2.7644500e+00   8.2578800e-01   2.8203216e+00   1.0000000e+00
   2.0000000e+00   0.0000000e+00   6.6251300e-01   8.2578800e-01   2.8203216e+00   0.0000000e+00
   3.0000000e+00   0.0000000e+00   8.8251400e-01   8.2578800e-01   2.8203216e+00   1.0000000e+00
   4.0000000e+00   1.0000000e+00   6.3310600e-01   8.2578800e-01   2.8203216e+00   0.0000000e+00
   5.0000000e+00   0.0000000e+00   6.2479700e-01   8.2578800e-01   2.8203216e+00   0.0000000e+00
   6.0000000e+00   0.0000000e+00   1.0502210e+00   8.2578800e-01   2.8203216e+00   1.0000000e+00
   7.0000000e+00   1.0000000e+00   6.2894000e-01   8.2578800e-01   2.8203216e+00   1.0000000e+00
   8.0000000e+00   0.0000000e+00   6.6367900e-01   8.2578800e-01   2.8203216e+00   1.0000000e+00
   9.0000000e+00   0.0000000e+00   4.5333900e-01   8.2578800e-01   2.8203216e+00   0.0000000e+00
   1.0000000e+01   0.0000000e+00   7.9893700e-01   8.2578800e-01   2.8203216e+00   1.0000000e+00
   1.1000000e+01   0.0000000e+00   1.4660320e+00   8.2578800e-01   2.8203216e+00   0.0000000e+00
   1.2000000e+01   0.0000000e+00   6.1138200e-01   8.2578800e-01   2.8203216e+00   1.0000000e+00
   1.3000000e+01   1.0000000e+00   1.1363890e+00   8.2578800e-01   2.8203216e+00   0.0000000e+00
   1.4000000e+01   0.0000000e+00   6.5374300e-01   8.2578800e-01   2.8203216e+00   0.0000000e+00
   1.5000000e+01   0.0000000e+00   4.5575800e-01   8.2578800e-01   2.8203216e+00   1.0000000e+00
   1.6000000e+01   1.0000000e+00   1.0922340e+00   8.2578800e-01   2.8203216e+00   1.0000000e+00
   1.7000000e+01   0.0000000e+00   7.8873600e-01   8.2578800e-01   2.8203216e+00   0.0000000e+00
   1.8000000e+01   0.0000000e+00   8.2887900e-01   8.2578800e-01   2.8203216e+00   0.0000000e+00
   1.9000000e+01   0.0000000e+00   1.5165210e+00   8.2578800e-01   2.8203216e+00   1.0000000e+00
   2.0000000e+01   1.0000000e+00   1.4424390e+00   8.2578800e-01   2.8203216e+00   1.0000000e+00
   2.1000000e+01   1.0000000e+00   1.2220510e+00   8.2578800e-01   2.8203216e+00   0.0000000e+00
   2.2000000e+01   0.0000000e+00   7.8478300e-01   8.2578800e-01   2.8203216e+00   1.0000000e+00
   2.3000000e+01   0.0000000e+00   8.9394700e-01   8.2578800e-01   2.8203216e+00   0.0000000e+00
   2.4000000e+01   0.0000000e+00   1.0242170e+00   8.2578800e-01   2.8203216e+00   0.0000000e+00
   2.5000000e+01   0.0000000e+00   7.7505700e-01   8.2578800e-01   2.8203216e+00   1.0000000e+00
   2.6000000e+01   1.0000000e+00   6.8686400e-01   8.2578800e-01   2.8203216e+00   1.0000000e+00
   2.7000000e+01   0.0000000e+00   6.4196400e-01   8.2578800e-01   2.8203216e+00   1.0000000e+00
   2.8000000e+01   0.0000000e+00   1.0778970e+00   8.2578800e-01   2.8203216e+00   0.0000000e+00
   2.9000000e+01   0.0000000e+00   9.8242600e-01   8.2578800e-01   2.8203216e+00   1.0000000e+00
   3.0000000e+01   1.0000000e+00   1.4038070e+00   8.2578800e-01   2.8203216e+00   0.0000000e+00
   3.1000000e+01   1.0000000e+00   4.8375300e-01   8.2578800e-01   2.8203216e+00   1.0000000e+00
   3.2000000e+01   0.0000000e+00   1.0179810e+00   8.2578800e-01   2.8203216e+00   0.0000000e+00
   3.3000000e+01   0.0000000e+00   1.4717510e+00   8.2578800e-01   2.8203216e+00   0.0000000e+00
   3.4000000e+01   0.0000000e+00   9.7684900e-01   8.2578800e-01   2.8203216e+00   0.0000000e+00
   3.5000000e+01   0.0000000e+00   5.7156900e-01   8.2578800e-01   2.8203216e+00   0.0000000e+00
   3.6000000e+01   0.0000000e+00   7.8352400e-01   8.2578800e-01   2.8203216e+00   0.0000000e+00
   3.7000000e+01   0.0000000e+00   7.8285700e-01   8.2578800e-01   2.8203216e+00   1.0000000e+00
   3.8000000e+01   1.0000000e+00   5.4280600e-01   8.2578800e-01   2.8203216e+00   0.0000000e+00
   3.9000000e+01   0.0000000e+00   6.1852900e-01   8.2578800e-01   2.8203216e+00   0.0000000e+00
   4.0000000e+01   0.0000000e+00   4.7466100e-01   8.2578800e-01   2.8203216e+00   1.0000000e+00
   4.1000000e+01   0.0000000e+00   8.2996800e-01   8.2578800e-01   2.8203216e+00   1.0000000e+00
   4.2000000e+01   0.0000000e+00   4.9660700e-01   8.2578800e-01   2.8203216e+00   1.0000000e+00
   4.3000000e+01   1.0000000e+00   5.9765900e-01   8.2578800e-01   2.8203216e+00   0.0000000e+00
   4.4000000e+01   1.0000000e+00   8.5836400e-01   8.2578800e-01   2.8203216e+00   1.0000000e+00
   4.5000000e+01   0.0000000e+00   8.9331600e-01   8.2578800e-01   2.8203216e+00   1.0000000e+00
   4.6000000e+01   0.0000000e+00   7.4855500e-01   8.2578800e-01   2.8203216e+00   0.0000000e+00
   4.7000000e+01   0.0000000e+00   9.8867100e-01   8.2578800e-01   2.8203216e+00   1.0000000e+00
   4.8000000e+01   1.0000000e+00   1.3322330e+00   8.2578800e-01   2.8203216e+00   0.0000000e+00
   4.9000000e+01   0.0000000e+00   6.8939700e-01   8.2578800e-01   2.8203216e+00   1.0000000e+00
   5.0000000e+01   0.0000000e+00   1.3980380e+00   8.2578800e-01   2.8203216e+00   1.0000000e+00
   5.1000000e+01   0.0000000e+00   5.8222300e-01   8.2578800e-01   2.8203216e+00   1.0000000e+00
   5.2000000e+01   0.0000000e+00   5.2069600e-01   8.2578800e-01   2.8203216e+00   0.0000000e+00
   5.3000000e+01   1.0000000e+00   8.9589700e-01   8.2578800e-01   2.8203216e+00   1.0000000e+00
   5.4000000e+01   0.0000000e+00   1.6904030e+00   8.2578800e-01   2.8203216e+00   1.0000000e+00
   5.5000000e+01   0.0000000e+00   4.4267900e-01   8.2578800e-01   2.8203216e+00   1.0000000e+00
   5.6000000e+01   0.0000000e+00   4.9904700e-01   8.2578800e-01   2.8203216e+00   0.0000000e+00
   5.7000000e+01   0.0000000e+00   2.3822230e+00   8.2578800e-01   2.8203216e+00   0.0000000e+00
   5.8000000e+01   0.0000000e+00   5.4939100e-01   8.2578800e-01   2.8203216e+00   0.0000000e+00
   5.9000000e+01   0.0000000e+00   4.7668600e-01   8.2578800e-01   2.8203216e+00   1.0000000e+00
   6.0000000e+01   0.0000000e+00   6.7874800e-01   8.2578800e-01   2.8203216e+00   0.0000000e+00
   6.1000000e+01   0.0000000e+00   1.0049720e+00   8.2578800e-01   2.8203216e+00   0.0000000e+00
   6.2000000e+01   1.0000000e+00   4.7504600e-01   8.2578800e-01   2.8203216e+00   1.0000000e+00
   6.3000000e+01   0.0000000e+00   9.0492500e-01   8.2578800e-01   2.8203216e+00   1.0000000e+00
   6.4000000e+01   1.0000000e+00   6.5047400e-01   8.2578800e-01   2.8203216e+00   0.0000000e+00
   6.5000000e+01   0.0000000e+00   5.7904500e-01   8.2578800e-01   2.8203216e+00   0.0000000e+00
   6.6000000e+01   1.0000000e+00   1.5357300e+00   8.2578800e-01   2.8203216e+00   1.0000000e+00
   6.7000000e+01   0.0000000e+00   5.1116200e-01   8.2578800e-01   2.8203216e+00   0.0000000e+00
   6.8000000e+01   1.0000000e+00   1.4580330e+00   8.2578800e-01   2.8203216e+00   0.0000000e+00
   6.9000000e+01   0.0000000e+00   4.9129300e-01   8.2578800e-01   2.8203216e+00   0.0000000e+00
   7.0000000e+01   0.0000000e+00   1.3834360e+00   8.2578800e-01   2.8203216e+00   0.0000000e+00
   7.1000000e+01   0.0000000e+00   6.9758200e-01   8.2578800e-01   2.8203216e+00   0.0000000e+00
   7.2000000e+01   1.0000000e+00   1.7590470e+00   8.2578800e-01   2.8203216e+00   0.0000000e+00
   7.3000000e+01   0.0000000e+00   1.0820160e+00   8.2578800e-01   2.8203216e+00   1.0000000e+00
   7.4000000e+01   1.0000000e+00   5.4903500e-01   8.2578800e-01   2.8203216e+00   1.0000000e+00
   7.5000000e+01   0.0000000e+00   5.1709100e-01   8.2578800e-01   2.8203216e+00   1.0000000e+00
   7.6000000e+01   0.0000000e+00   5.2844400e-01   8.2578800e-01   2.8203216e+00   1.0000000e+00
   7.7000000e+01   0.0000000e+00   7.0217100e-01   8.2578800e-01   2.8203216e+00   1.0000000e+00
   7.8000000e+01   0.0000000e+00   6.6360300e-01   8.2578800e-01   2.8203216e+00   1.0000000e+00
   7.9000000e+01   1.0000000e+00   1.0585450e+00   8.2578800e-01   2.8203216e+00   1.0000000e+00
   8.0000000e+01   0.0000000e+00   4.6596100e-01   8.2578800e-01   2.8203216e+00   1.0000000e+00
   8.1000000e+01   0.0000000e+00   1.6086080e+00   8.2578800e-01   2.8203216e+00   1.0000000e+00
   8.2000000e+01   1.0000000e+00   1.3066490e+00   8.2578800e-01   2.8203216e+00   0.0000000e+00
   8.3000000e+01   0.0000000e+00   4.7342600e-01   8.2578800e-01   2.8203216e+00   0.0000000e+00
   8.4000000e+01   1.0000000e+00   5.9957300e-01   8.2578800e-01   2.8203216e+00   1.0000000e+00
   8.5000000e+01   0.0000000e+00   7.8872600e-01   8.2578800e-01   2.8203216e+00   1.0000000e+00
   8.6000000e+01   1.0000000e+00   1.2933410e+00   8.2578800e-01   2.8203216e+00   0.0000000e+00
   8.7000000e+01   0.0000000e+00   1.4889980e+00   8.2578800e-01   2.8203216e+00   1.0000000e+00
   8.8000000e+01   0.0000000e+00   6.9070500e-01   8.2578800e-01   2.8203216e+00   1.0000000e+00
   8.9000000e+01   1.0000000e+00   1.1265410e+00   8.2578800e-01   2.8203216e+00   0.0000000e+00
   9.0000000e+01   0.0000000e+00   6.5504900e-01   8.2578800e-01   2.8203216e+00   0.0000000e+00
   9.1000000e+01   1.0000000e+00   8.8025900e-01   8.2578800e-01   2.8203216e+00   1.0000000e+00
   9.2000000e+01   0.0000000e+00   2.1714070e+00   8.2578800e-01   2.8203216e+00   1.0000000e+00
   9.3000000e+01   0.0000000e+00   9.2128300e-01   8.2578800e-01   2.8203216e+00   0.0000000e+00
   9.4000000e+01   0.0000000e+00   7.6238800e-01   8.2578800e-01   2.8203216e+00   1.0000000e+00
   9.5000000e+01   0.0000000e+00   2.2276900e+00   8.2578800e-01   2.8203216e+00   0.0000000e+00
   9.6000000e+01   1.0000000e+00   1.3707430e+00   8.2578800e-01   2.8203216e+00   0.0000000e+00
   9.7000000e+01   0.0000000e+00   6.4800100e-01   8.2578800e-01   2.8203216e+00   0.0000000e+00
   9.8000000e+01   0.0000000e+00   1.1680090e+00   8.2578800e-01   2.8203216e+00   0.0000000e+00
   9.9000000e+01   1.0000000e+00   8.7845200e-01   8.2578800e-01   2.8203216e+00   1.0000000e+00
   1.0000000e+02   0.0000000e+00   2.6919230e+00   8.2578800e-01   2.8203216e+00   0.0000000e+00
   1.0100000e+02   0.0000000e+00   5.3970200e-01   8.2578800e-01   2.8203216e+00   0.0000000e+00
   1.0200000e+02   1.0000000e+00   5.9677900e-01   8.2578800e-01   2.8203216e+00   0.0000000e+00
   1.0300000e+02   0.0000000e+00   1.0236340e+00   8.2578800e-01   2.8203216e+00   1.0000000e+00
   1.0400000e+02   0.0000000e+00   4.6421000e-01   8.2578800e-01   2.8203216e+00   1.0000000e+00
   1.0500000e+02   0.0000000e+00   8.4948800e-01   8.2578800e-01   2.8203216e+00   1.0000000e+00
   1.0600000e+02   1.0000000e+00   7.9413400e-01   8.2578800e-01   2.8203216e+00   1.0000000e+00
   1.0700000e+02   0.0000000e+00   8.8037200e-01   8.2578800e-01   2.8203216e+00   1.0000000e+00
   1.0800000e+02   0.0000000e+00   5.4464200e-01   8.2578800e-01   2.8203216e+00   1.0000000e+00
   1.0900000e+02   0.0000000e+00   1.1011060e+00   8.2578800e-01   2.8203216e+00   0.0000000e+00
   1.1000000e+02   0.0000000e+00   9.3375500e-01   8.2578800e-01   2.8203216e+00   0.0000000e+00
   1.1100000e+02   0.0000000e+00   5.6565600e-01   8.2578800e-01   2.8203216e+00   0.0000000e+00
   1.1200000e+02   1.0000000e+00   6.9475500e-01   8.2578800e-01   2.8203216e+00   1.0000000e+00
   1.1300000e+02   0.0000000e+00   6.5380300e-01   8.2578800e-01   2.8203216e+00   0.0000000e+00
   1.1400000e+02   1.0000000e+00   1.1453950e+00   8.2578800e-01   2.8203216e+00   0.0000000e+00
   1.1500000e+02   0.0000000e+00   8.7425500e-01   8.2578800e-01   2.8203216e+00   0.0000000e+00
   1.1600000e+02   1.0000000e+00   8.4899600e-01   8.2578800e-01   2.8203216e+00   1.0000000e+00
   1.1700000e+02   0.0000000e+00   7.1646000e-01   8.2578800e-01   2.8203216e+00   0.0000000e+00
   1.1800000e+02   0.0000000e+00   8.3462600e-01   8.2578800e-01   2.8203216e+00   0.0000000e+00
   1.1900000e+02   0.0000000e+00   7.9189300e-01   8.2578800e-01   2.8203216e+00   0.0000000e+00
   1.2000000e+02   1.0000000e+00   1.5777360e+00   8.2578800e-01   2.8203216e+00   0.0000000e+00
   1.2100000e+02   0.0000000e+00   9.5632700e-01   8.2578800e-01   2.8203216e+00   0.0000000e+00
   1.2200000e+02   1.0000000e+00   1.5004060e+00   8.2578800e-01   2.8203216e+00   0.0000000e+00
   1.2300000e+02   0.0000000e+00   1.3217040e+00   8.2578800e-01   2.8203216e+00   0.0000000e+00
   1.2400000e+02   1.0000000e+00   9.3248100e-01   8.2578800e-01   2.8203216e+00   1.0000000e+00
   1.2500000e+02   0.0000000e+00   1.6712010e+00   8.2578800e-01   2.8203216e+00   1.0000000e+00
   1.2600000e+02   0.0000000e+00   1.2034150e+00   8.2578800e-01   2.8203216e+00   1.0000000e+00
   1.2700000e+02   0.0000000e+00   4.6560000e-01   8.2578800e-01   2.8203216e+00   0.0000000e+00
   1.2800000e+02   0.0000000e+00   6.9507900e-01   8.2578800e-01   2.8203216e+00   1.0000000e+00
   1.2900000e+02   1.0000000e+00   6.8693300e-01   8.2578800e-01   2.8203216e+00   0.0000000e+00
   1.3000000e+02   0.0000000e+00   8.9525800e-01   8.2578800e-01   2.8203216e+00   1.0000000e+00
   1.3100000e+02   0.0000000e+00   1.9677840e+00   8.2578800e-01   2.8203216e+00   1.0000000e+00
   1.3200000e+02   1.0000000e+00   5.8367400e-01   8.2578800e-01   2.8203216e+00   1.0000000e+00
   1.3300000e+02   0.0000000e+00   6.1675000e-01   8.2578800e-01   2.8203216e+00   1.0000000e+00
   1.3400000e+02   0.0000000e+00   7.8556400e-01   8.2578800e-01   2.8203216e+00   0.0000000e+00
   1.3500000e+02   1.0000000e+00   7.6964100e-01   8.2578800e-01   2.8203216e+00   1.0000000e+00
   1.3600000e+02   1.0000000e+00   9.8470400e-01   8.2578800e-01   2.8203216e+00   0.0000000e+00
