   1.0000000e+00   0.0000000e+00   6.4806800e-01   8.2825000e-01   3.0926393e+00   1.0000000e+00
   2.0000000e+00   0.0000000e+00   6.1288700e-01   8.2825000e-01   3.0926393e+00   0.0000000e+00
   3.0000000e+00   1.0000000e+00   1.9677740e+00   8.2825000e-01   3.0926393e+00   0.0000000e+00
   4.0000000e+00   0.0000000e+00   4.9791100e-01   8.2825000e-01   3.0926393e+00   0.0000000e+00
   5.0000000e+00   1.0000000e+00   3.0487360e+00   8.2825000e-01   3.0926393e+00   1.0000000e+00
   6.0000000e+00   0.0000000e+00   1.0110440e+00   8.2825000e-01   3.0926393e+00   1.0000000e+00
   7.0000000e+00   0.0000000e+00   2.1637760e+00   8.2825000e-01   3.0926393e+00   1.0000000e+00
   8.0000000e+00   0.0000000e+00   5.1150700e-01   8.2825000e-01   3.0926393e+00   1.0000000e+00
   9.0000000e+00   1.0000000e+00   4.6510600e-01   8.2825000e-01   3.0926393e+00   0.0000000e+00
   1.0000000e+01   0.0000000e+00   9.1002900e-01   8.2825000e-01   3.0926393e+00   0.0000000e+00
   1.1000000e+01   1.0000000e+00   6.1240500e-01   8.2825000e-01   3.0926393e+00   1.0000000e+00
   1.2000000e+01   0.0000000e+00   4.4335900e-01   8.2825000e-01   3.0926393e+00   1.0000000e+00
   1.3000000e+01   0.0000000e+00   6.4232000e-01   8.2825000e-01   3.0926393e+00   0.0000000e+00
   1.4000000e+01   0.0000000e+00   7.4453300e-01   8.2825000e-01   3.0926393e+00   1.0000000e+00
   1.5000000e+01   1.0000000e+00   1.2623930e+00   8.2825000e-01   3.0926393e+00   1.0000000e+00
   1.6000000e+01   0.0000000e+00   8.8255700e-01   8.2825000e-01   3.0926393e+00   0.0000000e+00
   1.7000000e+01   0.0000000e+00   1.0086820e+00   8.2825000e-01   3.0926393e+00   1.0000000e+00
   1.8000000e+01   0.0000000e+00   1.6456740e+00   8.2825000e-01   3.0926393e+00   0.0000000e+00
   1.9000000e+01   0.0000000e+00   6.4352700e-01   8.2825000e-01   3.0926393e+00   0.0000000e+00
   2.0000000e+01   1.0000000e+00   5.8850900e-01   8.2825000e-01   3.0926393e+00   0.0000000e+00
   2.1000000e+01   1.0000000e+00   8.5384900e-01   8.2825000e-01   3.0926393e+00   1.0000000e+00
   2.2000000e+01   0.0000000e+00   1.0155380e+00   8.2825000e-01   3.0926393e+00   1.0000000e+00
   2.3000000e+01   1.0000000e+00   1.0805710e+00   8.2825000e-01   3.0926393e+00   0.0000000e+00
   2.4000000e+01   0.0000000e+00   9.4686000e-01   8.2825000e-01   3.0926393e+00   1.0000000e+00
   2.5000000e+01   0.0000000e+00   7.2038200e-01   8.2825000e-01   3.0926393e+00   1.0000000e+00
   2.6000000e+01   0.0000000e+00   1.2898220e+00   8.2825000e-01   3.0926393e+00   1.0000000e+00
   2.7000000e+01   1.0000000e+00   4.9480300e-01   8.2825000e-01   3.0926393e+00   1.0000000e+00
   2.8000000e+01   0.0000000e+00   4.6982600e-01   8.2825000e-01   3.0926393e+00   0.0000000e+00
   2.9000000e+01   1.0000000e+00   8.5889500e-01   8.2825000e-01   3.0926393e+00   0.0000000e+00
   3.0000000e+01   0.0000000e+00   5.5995400e-01   8.2825000e-01   3.0926393e+00   0.0000000e+00
   3.1000000e+01   0.0000000e+00   7.2302100e-01   8.2825000e-01   3.0926393e+00   0.0000000e+00
   3.2000000e+01   0.0000000e+00   1.4343530e+00   8.2825000e-01   3.0926393e+00   1.0000000e+00
   3.3000000e+01   0.0000000e+00   4.6979700e-01   8.2825000e-01   3.0926393e+00   0.0000000e+00
   3.4000000e+01   1.0000000e+00   9.5104400e-01   8.2825000e-01   3.0926393e+00   0.0000000e+00
   3.5000000e+01   0.0000000e+00   1.4456640e+00   8.2825000e-01   3.0926393e+00   0.0000000e+00
   3.6000000e+01   0.0000000e+00   5.8475900e-01   8.2825000e-01   3.0926393e+00   1.0000000e+00
   3.7000000e+01   0.0000000e+00   1.1304280e+00   8.2825000e-01   3.0926393e+00   1.0000000e+00
   3.8000000e+01   0.0000000e+00   9.7186900e-01   8.2825000e-01   3.0926393e+00   0.0000000e+00
   3.9000000e+01   0.0000000e+00   6.5122500e-01   8.2825000e-01   3.0926393e+00   0.0000000e+00
   4.0000000e+01   1.0000000e+00   9.4200700e-01   8.2825000e-01   3.0926393e+00   1.0000000e+00
   4.1000000e+01   0.0000000e+00   8.5542500e-01   8.2825000e-01   3.0926393e+00   0.0000000e+00
   4.2000000e+01   1.0000000e+00   4.7766800e-01   8.2825000e-01   3.0926393e+00   0.0000000e+00
   4.3000000e+01   0.0000000e+00   4.9174500e-01   8.2825000e-01   3.0926393e+00   1.0000000e+00
   4.4000000e+01   0.0000000e+00   5.9509700e-01   8.2825000e-01   3.0926393e+00   1.0000000e+00
   4.5000000e+01   1.0000000e+00   1.2472110e+00   8.2825000e-01   3.0926393e+00   1.0000000e+00
   4.6000000e+01   0.0000000e+00   4.6360100e-01   8.2825000e-01   3.0926393e+00   0.0000000e+00
   4.7000000e+01   0.0000000e+00   9.0516400e-01   8.2825000e-01   3.0926393e+00   1.0000000e+00
   4.8000000e+01   1.0000000e+00   5.8222500e-01   8.2825000e-01   3.0926393e+00   1.0000000e+00
   4.9000000e+01   0.0000000e+00   8.2342300e-01   8.2825000e-01   3.0926393e+00   1.0000000e+00
   5.0000000e+01   0.0000000e+00   1.1059100e+00   8.2825000e-01   3.0926393e+00   1.0000000e+00
   5.1000000e+01   0.0000000e+00   1.4994640e+00   8.2825000e-01   3.0926393e+00   0.0000000e+00
   5.2000000e+01   0.0000000e+00   9.3231600e-01   8.2825000e-01   3.0926393e+00   1.0000000e+00
   5.3000000e+01   0.0000000e+00   1.1665420e+00   8.2825000e-01   3.0926393e+00   1.0000000e+00
   5.4000000e+01   0.0000000e+00   4.5700300e-01   8.2825000e-01   3.0926393e+00   0.0000000e+00
   5.5000000e+01   0.0000000e+00   1.1710670e+00   8.2825000e-01   3.0926393e+00   0.0000000e+00
   5.6000000e+01   1.0000000e+00   5.0454200e-01   8.2825000e-01   3.0926393e+00   0.0000000e+00
   5.7000000e+01   0.0000000e+00   9.9718700e-01   8.2825000e-01   3.0926393e+00   0.0000000e+00
   5.8000000e+01   0.0000000e+00   4.7623500e-01   8.2825000e-01   3.0926393e+00   0.0000000e+00
   5.9000000e+01   0.0000000e+00   1.4645900e+00   8.2825000e-01   3.0926393e+00   0.0000000e+00
   6.0000000e+01   0.0000000e+00   1.4000610e+00   8.2825000e-01   3.0926393e+00   1.0000000e+00
   6.1000000e+01   0.0000000e+00   6.6297500e-01   8.2825000e-01   3.0926393e+00   1.0000000e+00
   6.2000000e+01   1.0000000e+00   5.9324200e-01   8.2825000e-01   3.0926393e+00   1.0000000e+00
   6.3000000e+01   0.0000000e+00   6.2765700e-01   8.2825000e-01   3.0926393e+00   0.0000000e+00
   6.4000000e+01   1.0000000e+00   4.5434400e-01   8.2825000e-01   3.0926393e+00   0.0000000e+00
   6.5000000e+01   0.0000000e+00   6.5679900e-01   8.2825000e-01   3.0926393e+00   1.0000000e+00
   6.6000000e+01   1.0000000e+00   1.7700050e+00   8.2825000e-01   3.0926393e+00   0.0000000e+00
   6.7000000e+01   0.0000000e+00   6.3280600e-01   8.2825000e-01   3.0926393e+00   0.0000000e+00
   6.8000000e+01   1.0000000e+00   1.7267710e+00   8.2825000e-01   3.0926393e+00   1.0000000e+00
   6.9000000e+01   0.0000000e+00   1.8476890e+00   8.2825000e-01   3.0926393e+00   1.0000000e+00
   7.0000000e+01   1.0000000e+00   8.0315500e-01   8.2825000e-01   3.0926393e+00   1.0000000e+00
   7.1000000e+01   0.0000000e+00   1.3045370e+00   8.2825000e-01   3.0926393e+00   0.0000000e+00
   7.2000000e+01   0.0000000e+00   1.7147670e+00   8.2825000e-01   3.0926393e+00   1.0000000e+00
   7.3000000e+01   0.0000000e+00   8.8082500e-01   8.2825000e-01   3.0926393e+00   0.0000000e+00
   7.4000000e+01   0.0000000e+00   9.7432500e-01   8.2825000e-01   3.0926393e+00   1.0000000e+00
   7.5000000e+01   0.0000000e+00   5.9779600e-01   8.2825000e-01   3.0926393e+00   1.0000000e+00
   7.6000000e+01   1.0000000e+00   9.4604600e-01   8.2825000e-01   3.0926393e+00   0.0000000e+00
   7.7000000e+01   0.0000000e+00   6.2087800e-01   8.2825000e-01   3.0926393e+00   1.0000000e+00
   7.8000000e+01   0.0000000e+00   4.4288000e-01   8.2825000e-01   3.0926393e+00   0.0000000e+00
   7.9000000e+01   0.0000000e+00   5.0836900e-01   8.2825000e-01   3.0926393e+00   1.0000000e+00
   8.0000000e+01   1.0000000e+00   6.4753800e-01   8.2825000e-01   3.0926393e+00   1.0000000e+00
   8.1000000e+01   0.0000000e+00   1.6900000e+00   8.2825000e-01   3.0926393e+00   1.0000000e+00
   8.2000000e+01   0.0000000e+00   1.4285240e+00   8.2825000e-01   3.0926393e+00   0.0000000e+00
   8.3000000e+01   1.0000000e+00   7.0091600e-01   8.2825000e-01   3.0926393e+00   0.0000000e+00
   8.4000000e+01   1.0000000e+00   4.6914800e-01   8.2825000e-01   3.0926393e+00   0.0000000e+00
   8.5000000e+01   0.0000000e+00   8.3140200e-01   8.2825000e-01   3.0926393e+00   0.0000000e+00
   8.6000000e+01   0.0000000e+00   1.0980700e+00   8.2825000e-01   3.0926393e+00   0.0000000e+00
   8.7000000e+01   0.0000000e+00   6.9525600e-01   8.2825000e-01   3.0926393e+00   1.0000000e+00
   8.8000000e+01   0.0000000e+00   6.7801500e-01   8.2825000e-01   3.0926393e+00   0.0000000e+00
   8.9000000e+01   1.0000000e+00   4.5600400e-01   8.2825000e-01   3.0926393e+00   1.0000000e+00
   9.0000000e+01   0.0000000e+00   5.3212800e-01   8.2825000e-01   3.0926393e+00   0.0000000e+00
   9.1000000e+01   0.0000000e+00   4.6032400e-01   8.2825000e-01   3.0926393e+00   1.0000000e+00
   9.2000000e+01   0.0000000e+00   6.3993000e-01   8.2825000e-01   3.0926393e+00   0.0000000e+00
   9.3000000e+01   1.0000000e+00   2.9862780e+00   8.2825000e-01   3.0926393e+00   0.0000000e+00
   9.4000000e+01   1.0000000e+00   1.0786750e+00   8.2825000e-01   3.0926393e+00   1.0000000e+00
   9.5000000e+01   0.0000000e+00   9.4942100e-01   8.2825000e-01   3.0926393e+00   1.0000000e+00
   9.6000000e+01   0.0000000e+00   5.9284100e-01   8.2825000e-01   3.0926393e+00   1.0000000e+00
   9.7000000e+01   0.0000000e+00   5.0395100e-01   8.2825000e-01   3.0926393e+00   1.0000000e+00
   9.8000000e+01   0.0000000e+00   4.7053300e-01   8.2825000e-01   3.0926393e+00   0.0000000e+00
   9.9000000e+01   1.0000000e+00   1.1551740e+00   8.2825000e-01   3.0926393e+00   0.0000000e+00
   1.0000000e+02   0.0000000e+00   9.2004100e-01   8.2825000e-01   3.0926393e+00   0.0000000e+00
   1.0100000e+02   1.0000000e+00   6.4978300e-01   8.2825000e-01   3.0926393e+00   1.0000000e+00
   1.0200000e+02   0.0000000e+00   6.8716100e-01   8.2825000e-01   3.0926393e+00   0.0000000e+00
   1.0300000e+02   0.0000000e+00   7.9443900e-01   8.2825000e-01   3.0926393e+00   1.0000000e+00
   1.0400000e+02   0.0000000e+00   1.8266710e+00   8.2825000e-01   3.0926393e+00   1.0000000e+00
   1.0500000e+02   1.0000000e+00   4.6828200e-01   8.2825000e-01   3.0926393e+00   1.0000000e+00
   1.0600000e+02   0.0000000e+00   1.0855860e+00   8.2825000e-01   3.0926393e+00   0.0000000e+00
   1.0700000e+02   1.0000000e+00   1.2765610e+00   8.2825000e-01   3.0926393e+00   0.0000000e+00
   1.0800000e+02   0.0000000e+00   1.0347500e+00   8.2825000e-01   3.0926393e+00   0.0000000e+00
   1.0900000e+02   0.0000000e+00   5.9849000e-01   8.2825000e-01   3.0926393e+00   1.0000000e+00
   1.1000000e+02   1.0000000e+00   9.5966900e-01   8.2825000e-01   3.0926393e+00   1.0000000e+00
   1.1100000e+02   0.0000000e+00   1.8478570e+00   8.2825000e-01   3.0926393e+00   1.0000000e+00
   1.1200000e+02   1.0000000e+00   6.6348200e-01   8.2825000e-01   3.0926393e+00   0.0000000e+00
   1.1300000e+02   0.0000000e+00   1.0267260e+00   8.2825000e-01   3.0926393e+00   0.0000000e+00
   1.1400000e+02   0.0000000e+00   6.0490000e-01   8.2825000e-01   3.0926393e+00   0.0000000e+00
   1.1500000e+02   1.0000000e+00   4.6785700e-01   8.2825000e-01   3.0926393e+00   0.0000000e+00
   1.1600000e+02   0.0000000e+00   1.3392680e+00   8.2825000e-01   3.0926393e+00   0.0000000e+00
   1.1700000e+02   0.0000000e+00   7.7580400e-01   8.2825000e-01   3.0926393e+00   1.0000000e+00
   1.1800000e+02   0.0000000e+00   5.7509000e-01   8.2825000e-01   3.0926393e+00   0.0000000e+00
   1.1900000e+02   0.0000000e+00   6.3745500e-01   8.2825000e-01   3.0926393e+00   1.0000000e+00
   1.2000000e+02   0.0000000e+00   1.6235170e+00   8.2825000e-01   3.0926393e+00   0.0000000e+00
   1.2100000e+02   0.0000000e+00   1.4264680e+00   8.2825000e-01   3.0926393e+00   1.0000000e+00
   1.2200000e+02   1.0000000e+00   4.7250000e-01   8.2825000e-01   3.0926393e+00   1.0000000e+00
   1.2300000e+02   0.0000000e+00   8.2010300e-01   8.2825000e-01   3.0926393e+00   1.0000000e+00
   1.2400000e+02   1.0000000e+00   1.0711790e+00   8.2825000e-01   3.0926393e+00   0.0000000e+00
   1.2500000e+02   0.0000000e+00   4.6502400e-01   8.2825000e-01   3.0926393e+00   0.0000000e+00
   1.2600000e+02   0.0000000e+00   1.4877580e+00   8.2825000e-01   3.0926393e+00   0.0000000e+00
   1.2700000e+02   0.0000000e+00   2.8998040e+00   8.2825000e-01   3.0926393e+00   1.0000000e+00
   1.2800000e+02   0.0000000e+00   1.1179790e+00   8.2825000e-01   3.0926393e+00   1.0000000e+00
   1.2900000e+02   0.0000000e+00   5.1164100e-01   8.2825000e-01   3.0926393e+00   0.0000000e+00
   1.3000000e+02   0.0000000e+00   4.6588400e-01   8.2825000e-01   3.0926393e+00   1.0000000e+00
   1.3100000e+02   1.0000000e+00   1.0457910e+00   8.2825000e-01   3.0926393e+00   1.0000000e+00
   1.3200000e+02   0.0000000e+00   9.0286400e-01   8.2825000e-01   3.0926393e+00   0.0000000e+00
   1.3300000e+02   0.0000000e+00   6.4004300e-01   8.2825000e-01   3.0926393e+00   0.0000000e+00
   1.3400000e+02   0.0000000e+00   1.4234820e+00   8.2825000e-01   3.0926393e+00   1.0000000e+00
   1.3500000e+02   1.0000000e+00   5.9958300e-01   8.2825000e-01   3.0926393e+00   1.0000000e+00
   1.3600000e+02   1.0000000e+00   5.9457000e-01   8.2825000e-01   3.0926393e+00   0.0000000e+00
