   1.0000000e+00   0.0000000e+00   6.1218700e-01   8.2960100e-01   3.0605501e+00   0.0000000e+00
   2.0000000e+00   0.0000000e+00   5.2972300e-01   8.2960100e-01   3.0605501e+00   1.0000000e+00
   3.0000000e+00   0.0000000e+00   4.4227500e-01   8.2960100e-01   3.0605501e+00   1.0000000e+00
   4.0000000e+00   1.0000000e+00   8.1030700e-01   8.2960100e-01   3.0605501e+00   0.0000000e+00
   5.0000000e+00   1.0000000e+00   5.9096100e-01   8.2960100e-01   3.0605501e+00   1.0000000e+00
   6.0000000e+00   0.0000000e+00   5.1270900e-01   8.2960100e-01   3.0605501e+00   0.0000000e+00
   7.0000000e+00   0.0000000e+00   1.1666280e+00   8.2960100e-01   3.0605501e+00   0.0000000e+00
   8.0000000e+00   0.0000000e+00   8.1164200e-01   8.2960100e-01   3.0605501e+00   0.0000000e+00
   9.0000000e+00   0.0000000e+00   1.0698120e+00   8.2960100e-01   3.0605501e+00   0.0000000e+00
   1.0000000e+01   0.0000000e+00   5.1281000e-01   8.2960100e-01   3.0605501e+00   1.0000000e+00
   1.1000000e+01   0.0000000e+00   4.5696400e-01   8.2960100e-01   3.0605501e+00   1.0000000e+00
   1.2000000e+01   0.0000000e+00   8.7448400e-01   8.2960100e-01   3.0605501e+00   1.0000000e+00
   1.3000000e+01   1.0000000e+00   1.2586640e+00   8.2960100e-01   3.0605501e+00   0.0000000e+00
   1.4000000e+01   0.0000000e+00   8.9712600e-01   8.2960100e-01   3.0605501e+00   1.0000000e+00
   1.5000000e+01   0.0000000e+00   1.8312240e+00   8.2960100e-01   3.0605501e+00   0.0000000e+00
   1.6000000e+01   1.0000000e+00   5.7222300e-01   8.2960100e-01   3.0605501e+00   1.0000000e+00
   1.7000000e+01   0.0000000e+00   5.9596100e-01   8.2960100e-01   3.0605501e+00   0.0000000e+00
   1.8000000e+01   1.0000000e+00   1.4306980e+00   8.2960100e-01   3.0605501e+00   1.0000000e+00
   1.9000000e+01   0.0000000e+00   1.0766030e+00   8.2960100e-01   3.0605501e+00   1.0000000e+00
   2.0000000e+01   1.0000000e+00   1.5158750e+00   8.2960100e-01   3.0605501e+00   0.0000000e+00
   2.1000000e+01   0.0000000e+00   7.7487200e-01   8.2960100e-01   3.0605501e+00   1.0000000e+00
   2.2000000e+01   1.0000000e+00   6.7152500e-01   8.2960100e-01   3.0605501e+00   1.0000000e+00
   2.3000000e+01   1.0000000e+00   5.4969700e-01   8.2960100e-01   3.0605501e+00   0.0000000e+00
   2.4000000e+01   0.0000000e+00   7.4470700e-01   8.2960100e-01   3.0605501e+00   0.0000000e+00
   2.5000000e+01   0.0000000e+00   1.1758830e+00   8.2960100e-01   3.0605501e+00   1.0000000e+00
   2.6000000e+01   0.0000000e+00   7.6349400e-01   8.2960100e-01   3.0605501e+00   0.0000000e+00
   2.7000000e+01   1.0000000e+00   4.3826800e-01   8.2960100e-01   3.0605501e+00   1.0000000e+00
   2.8000000e+01   0.0000000e+00   5.4827700e-01   8.2960100e-01   3.0605501e+00   0.0000000e+00
   2.9000000e+01   1.0000000e+00   9.4409300e-01   8.2960100e-01   3.0605501e+00   0.0000000e+00
   3.0000000e+01   0.0000000e+00   8.3508100e-01   8.2960100e-01   3.0605501e+00   1.0000000e+00
   3.1000000e+01   1.0000000e+00   1.1464960e+00   8.2960100e-01   3.0605501e+00   0.0000000e+00
   3.2000000e+01   1.0000000e+00   1.5663360e+00   8.2960100e-01   3.0605501e+00   1.0000000e+00
   3.3000000e+01   0.0000000e+00   6.8717400e-01   8.2960100e-01   3.0605501e+00   1.0000000e+00
   3.4000000e+01   0.0000000e+00   6.9910500e-01   8.2960100e-01   3.0605501e+00   0.0000000e+00
   3.5000000e+01   0.0000000e+00   6.0120300e-01   8.2960100e-01   3.0605501e+00   1.0000000e+00
   3.6000000e+01   0.0000000e+00   1.3325720e+00   8.2960100e-01   3.0605501e+00   0.0000000e+00
   3.7000000e+01   0.0000000e+00   5.2286500e-01   8.2960100e-01   3.0605501e+00   0.0000000e+00
   3.8000000e+01   1.0000000e+00   5.3263500e-01   8.2960100e-01   3.0605501e+00   0.0000000e+00
   3.9000000e+01   0.0000000e+00   1.3427200e+00   8.2960100e-01   3.0605501e+00   0.0000000e+00
   4.0000000e+01   0.0000000e+00   1.9930440e+00   8.2960100e-01   3.0605501e+00   1.0000000e+00
   4.1000000e+01   1.0000000e+00   1.2473600e+00   8.2960100e-01   3.0605501e+00   1.0000000e+00
   4.2000000e+01   0.0000000e+00   1.0783480e+00   8.2960100e-01   3.0605501e+00   0.0000000e+00
   4.3000000e+01   1.0000000e+00   6.8079100e-01   8.2960100e-01   3.0605501e+00   1.0000000e+00
   4.4000000e+01   0.0000000e+00   1.6101610e+00   8.2960100e-01   3.0605501e+00   0.0000000e+00
   4.5000000e+01   0.0000000e+00   8.9952700e-01   8.2960100e-01   3.0605501e+00   1.0000000e+00
   4.6000000e+01   0.0000000e+00   6.2885800e-01   8.2960100e-01   3.0605501e+00   1.0000000e+00
   4.7000000e+01   1.0000000e+00   8.4397300e-01   8.2960100e-01   3.0605501e+00   0.0000000e+00
   4.8000000e+01   0.0000000e+00   4.6245600e-01   8.2960100e-01   3.0605501e+00   1.0000000e+00
   4.9000000e+01   1.0000000e+00   7.1877900e-01   8.2960100e-01   3.0605501e+00   1.0000000e+00
   5.0000000e+01   0.0000000e+00   8.9135300e-01   8.2960100e-01   3.0605501e+00   1.0000000e+00
   5.1000000e+01   0.0000000e+00   1.3263970e+00   8.2960100e-01   3.0605501e+00   0.0000000e+00
   5.2000000e+01   1.0000000e+00   9.4838700e-01   8.2960100e-01   3.0605501e+00   0.0000000e+00
   5.3000000e+01   0.0000000e+00   1.0874730e+00   8.2960100e-01   3.0605501e+00   0.0000000e+00
   5.4000000e+01   0.0000000e+00   4.6887200e-01   8.2960100e-01   3.0605501e+00   0.0000000e+00
   5.5000000e+01   0.0000000e+00   7.6194700e-01   8.2960100e-01   3.0605501e+00   0.0000000e+00
   5.6000000e+01   0.0000000e+00   8.5492900e-01   8.2960100e-01   3.0605501e+00   1.0000000e+00
   5.7000000e+01   1.0000000e+00   1.0641850e+00   8.2960100e-01   3.0605501e+00   0.0000000e+00
   5.8000000e+01   0.0000000e+00   1.6127070e+00   8.2960100e-01   3.0605501e+00   1.0000000e+00
   5.9000000e+01   0.0000000e+00   5.8337600e-01   8.2960100e-01   3.0605501e+00   0.0000000e+00
   6.0000000e+01   0.0000000e+00   2.3559610e+00   8.2960100e-01   3.0605501e+00   1.0000000e+00
   6.1000000e+01   0.0000000e+00   1.8663620e+00   8.2960100e-01   3.0605501e+00   0.0000000e+00
   6.2000000e+01   1.0000000e+00   7.7685500e-01   8.2960100e-01   3.0605501e+00   1.0000000e+00
   6.3000000e+01   0.0000000e+00   5.2182700e-01   8.2960100e-01   3.0605501e+00   0.0000000e+00
   6.4000000e+01   1.0000000e+00   4.7648700e-01   8.2960100e-01   3.0605501e+00   1.0000000e+00
   6.5000000e+01   0.0000000e+00   1.3724330e+00   8.2960100e-01   3.0605501e+00   1.0000000e+00
   6.6000000e+01   0.0000000e+00   6.5905300e-01   8.2960100e-01   3.0605501e+00   1.0000000e+00
   6.7000000e+01   0.0000000e+00   2.4066060e+00   8.2960100e-01   3.0605501e+00   1.0000000e+00
   6.8000000e+01   1.0000000e+00   1.7039350e+00   8.2960100e-01   3.0605501e+00   0.0000000e+00
   6.9000000e+01   0.0000000e+00   2.1386490e+00   8.2960100e-01   3.0605501e+00   1.0000000e+00
   7.0000000e+01   0.0000000e+00   1.1150360e+00   8.2960100e-01   3.0605501e+00   0.0000000e+00
   7.1000000e+01   0.0000000e+00   5.3467900e-01   8.2960100e-01   3.0605501e+00   0.0000000e+00
   7.2000000e+01   0.0000000e+00   8.4867400e-01   8.2960100e-01   3.0605501e+00   0.0000000e+00
   7.3000000e+01   1.0000000e+00   9.3462600e-01   8.2960100e-01   3.0605501e+00   1.0000000e+00
   7.4000000e+01   0.0000000e+00   5.1146900e-01   8.2960100e-01   3.0605501e+00   1.0000000e+00
   7.5000000e+01   1.0000000e+00   6.9673100e-01   8.2960100e-01   3.0605501e+00   0.0000000e+00
   7.6000000e+01   0.0000000e+00   8.1490600e-01   8.2960100e-01   3.0605501e+00   1.0000000e+00
   7.7000000e+01   1.0000000e+00   5.4377600e-01   8.2960100e-01   3.0605501e+00   0.0000000e+00
   7.8000000e+01   0.0000000e+00   7.3523600e-01   8.2960100e-01   3.0605501e+00   0.0000000e+00
   7.9000000e+01   0.0000000e+00   6.5282500e-01   8.2960100e-01   3.0605501e+00   0.0000000e+00
   8.0000000e+01   0.0000000e+00   8.6004900e-01   8.2960100e-01   3.0605501e+00   0.0000000e+00
   8.1000000e+01   1.0000000e+00   5.8751200e-01   8.2960100e-01   3.0605501e+00   1.0000000e+00
   8.2000000e+01   0.0000000e+00   2.1662900e+00   8.2960100e-01   3.0605501e+00   0.0000000e+00
   8.3000000e+01   0.0000000e+00   4.6484700e-01   8.2960100e-01   3.0605501e+00   0.0000000e+00
   8.4000000e+01   0.0000000e+00   4.8878900e-01   8.2960100e-01   3.0605501e+00   0.0000000e+00
   8.5000000e+01   1.0000000e+00   1.1752230e+00   8.2960100e-01   3.0605501e+00   0.0000000e+00
   8.6000000e+01   0.0000000e+00   1.3483850e+00   8.2960100e-01   3.0605501e+00   1.0000000e+00
   8.7000000e+01   1.0000000e+00   1.0696250e+00   8.2960100e-01   3.0605501e+00   1.0000000e+00
   8.8000000e+01   0.0000000e+00   4.5513500e-01   8.2960100e-01   3.0605501e+00   1.0000000e+00
   8.9000000e+01   0.0000000e+00   2.2882260e+00   8.2960100e-01   3.0605501e+00   0.0000000e+00
   9.0000000e+01   0.0000000e+00   5.2826400e-01   8.2960100e-01   3.0605501e+00   1.0000000e+00
   9.1000000e+01   0.0000000e+00   8.4600700e-01   8.2960100e-01   3.0605501e+00   1.0000000e+00
   9.2000000e+01   1.0000000e+00   1.7993850e+00   8.2960100e-01   3.0605501e+00   0.0000000e+00
   9.3000000e+01   0.0000000e+00   6.7922200e-01   8.2960100e-01   3.0605501e+00   1.0000000e+00
   9.4000000e+01   0.0000000e+00   6.5971000e-01   8.2960100e-01   3.0605501e+00   1.0000000e+00
   9.5000000e+01   1.0000000e+00   6.2007300e-01   8.2960100e-01   3.0605501e+00   1.0000000e+00
   9.6000000e+01   0.0000000e+00   6.0448200e-01   8.2960100e-01   3.0605501e+00   1.0000000e+00
   9.7000000e+01   1.0000000e+00   4.4302700e-01   8.2960100e-01   3.0605501e+00   1.0000000e+00
   9.8000000e+01   0.0000000e+00   4.5368700e-01   8.2960100e-01   3.0605501e+00   0.0000000e+00
   9.9000000e+01   0.0000000e+00   7.6061400e-01   8.2960100e-01   3.0605501e+00   1.0000000e+00
   1.0000000e+02   0.0000000e+00   6.8116500e-01   8.2960100e-01   3.0605501e+00   1.0000000e+00
   1.0100000e+02   0.0000000e+00   7.3963300e-01   8.2960100e-01   3.0605501e+00   0.0000000e+00
   1.0200000e+02   0.0000000e+00   1.2036000e+00   8.2960100e-01   3.0605501e+00   0.0000000e+00
   1.0300000e+02   1.0000000e+00   5.1988700e-01   8.2960100e-01   3.0605501e+00   0.0000000e+00
   1.0400000e+02   0.0000000e+00   5.0151700e-01   8.2960100e-01   3.0605501e+00   0.0000000e+00
   1.0500000e+02   0.0000000e+00   6.7868300e-01   8.2960100e-01   3.0605501e+00   0.0000000e+00
   1.0600000e+02   0.0000000e+00   1.0557810e+00   8.2960100e-01   3.0605501e+00   1.0000000e+00
   1.0700000e+02   0.0000000e+00   1.6060100e+00   8.2960100e-01   3.0605501e+00   1.0000000e+00
   1.0800000e+02   0.0000000e+00   1.1407690e+00   8.2960100e-01   3.0605501e+00   1.0000000e+00
   1.0900000e+02   1.0000000e+00   6.1527400e-01   8.2960100e-01   3.0605501e+00   1.0000000e+00
   1.1000000e+02   0.0000000e+00   1.6009370e+00   8.2960100e-01   3.0605501e+00   0.0000000e+00
   1.1100000e+02   1.0000000e+00   8.0267800e-01   8.2960100e-01   3.0605501e+00   0.0000000e+00
   1.1200000e+02   0.0000000e+00   5.4482000e-01   8.2960100e-01   3.0605501e+00   1.0000000e+00
   1.1300000e+02   0.0000000e+00   9.2246800e-01   8.2960100e-01   3.0605501e+00   1.0000000e+00
   1.1400000e+02   1.0000000e+00   6.9969300e-01   8.2960100e-01   3.0605501e+00   0.0000000e+00
   1.1500000e+02   0.0000000e+00   9.2198200e-01   8.2960100e-01   3.0605501e+00   0.0000000e+00
   1.1600000e+02   0.0000000e+00   1.8522930e+00   8.2960100e-01   3.0605501e+00   1.0000000e+00
   1.1700000e+02   0.0000000e+00   4.4426300e-01   8.2960100e-01   3.0605501e+00   0.0000000e+00
   1.1800000e+02   1.0000000e+00   7.1511800e-01   8.2960100e-01   3.0605501e+00   1.0000000e+00
   1.1900000e+02   0.0000000e+00   1.4650130e+00   8.2960100e-01   3.0605501e+00   0.0000000e+00
   1.2000000e+02   1.0000000e+00   5.8999400e-01   8.2960100e-01   3.0605501e+00   0.0000000e+00
   1.2100000e+02   0.0000000e+00   9.6663100e-01   8.2960100e-01   3.0605501e+00   1.0000000e+00
   1.2200000e+02   0.0000000e+00   1.4283840e+00   8.2960100e-01   3.0605501e+00   0.0000000e+00
   1.2300000e+02   0.0000000e+00   1.2470210e+00   8.2960100e-01   3.0605501e+00   0.0000000e+00
   1.2400000e+02   0.0000000e+00   8.4019800e-01   8.2960100e-01   3.0605501e+00   0.0000000e+00
   1.2500000e+02   0.0000000e+00   1.0393340e+00   8.2960100e-01   3.0605501e+00   1.0000000e+00
   1.2600000e+02   0.0000000e+00   5.0912900e-01   8.2960100e-01   3.0605501e+00   1.0000000e+00
   1.2700000e+02   0.0000000e+00   8.9596800e-01   8.2960100e-01   3.0605501e+00   0.0000000e+00
   1.2800000e+02   0.0000000e+00   5.9605100e-01   8.2960100e-01   3.0605501e+00   1.0000000e+00
   1.2900000e+02   0.0000000e+00   9.8688700e-01   8.2960100e-01   3.0605501e+00   1.0000000e+00
   1.3000000e+02   1.0000000e+00   4.7529500e-01   8.2960100e-01   3.0605501e+00   1.0000000e+00
   1.3100000e+02   0.0000000e+00   7.3551300e-01   8.2960100e-01   3.0605501e+00   1.0000000e+00
   1.3200000e+02   0.0000000e+00   7.4122400e-01   8.2960100e-01   3.0605501e+00   0.0000000e+00
   1.3300000e+02   1.0000000e+00   1.4220820e+00   8.2960100e-01   3.0605501e+00   1.0000000e+00
   1.3400000e+02   0.0000000e+00   4.6234800e-01   8.2960100e-01   3.0605501e+00   1.0000000e+00
   1.3500000e+02   1.0000000e+00   5.3851700e-01   8.2960100e-01   3.0605501e+00   0.0000000e+00
   1.3600000e+02   0.0000000e+00   1.8003590e+00   8.2960100e-01   3.0605501e+00   0.0000000e+00
