   1.0000000e+00   0.0000000e+00   1.0030200e+00   8.1997200e-01   3.2335952e+00   1.0000000e+00
   2.0000000e+00   0.0000000e+00   8.9457800e-01   8.1997200e-01   3.2335952e+00   0.0000000e+00
   3.0000000e+00   1.0000000e+00   9.5088000e-01   8.1997200e-01   3.2335952e+00   0.0000000e+00
   4.0000000e+00   0.0000000e+00   4.7122300e-01   8.1997200e-01   3.2335952e+00   0.0000000e+00
   5.0000000e+00   1.0000000e+00   5.5930700e-01   8.1997200e-01   3.2335952e+00   1.0000000e+00
   6.0000000e+00   0.0000000e+00   7.4896600e-01   8.1997200e-01   3.2335952e+00   0.0000000e+00
   7.0000000e+00   0.0000000e+00   9.2748400e-01   8.1997200e-01   3.2335952e+00   1.0000000e+00
   8.0000000e+00   0.0000000e+00   8.9040600e-01   8.1997200e-01   3.2335952e+00   0.0000000e+00
   9.0000000e+00   0.0000000e+00   7.8599100e-01   8.1997200e-01   3.2335952e+00   1.0000000e+00
   1.0000000e+01   1.0000000e+00   6.4516600e-01   8.1997200e-01   3.2335952e+00   0.0000000e+00
   1.1000000e+01   0.0000000e+00   8.5336100e-01   8.1997200e-01   3.2335952e+00   0.0000000e+00
   1.2000000e+01   0.0000000e+00   8.1192000e-01   8.1997200e-01   3.2335952e+00   1.0000000e+00
   1.3000000e+01   0.0000000e+00   1.7373720e+00   8.1997200e-01   3.2335952e+00   1.0000000e+00
   1.4000000e+01   0.0000000e+00   6.3540200e-01   8.1997200e-01   3.2335952e+00   0.0000000e+00
   1.5000000e+01   0.0000000e+00   1.0528670e+00   8.1997200e-01   3.2335952e+00   0.0000000e+00
   1.6000000e+01   1.0000000e+00   6.3932300e-01   8.1997200e-01   3.2335952e+00   1.0000000e+00
   1.7000000e+01   0.0000000e+00   9.7118200e-01   8.1997200e-01   3.2335952e+00   1.0000000e+00
   1.8000000e+01   0.0000000e+00   1.4473320e+00   8.1997200e-01   3.2335952e+00   1.0000000e+00
   1.9000000e+01   1.0000000e+00   1.7729230e+00   8.1997200e-01   3.2335952e+00   1.0000000e+00
   2.0000000e+01   0.0000000e+00   1.2318440e+00   8.1997200e-01   3.2335952e+00   0.0000000e+00
   2.1000000e+01   1.0000000e+00   1.8186910e+00   8.1997200e-01   3.2335952e+00   0.0000000e+00
   2.2000000e+01   0.0000000e+00   1.3704710e+00   8.1997200e-01   3.2335952e+00   1.0000000e+00
   2.3000000e+01   1.0000000e+00   5.1502100e-01   8.1997200e-01   3.2335952e+00   1.0000000e+00
   2.4000000e+01   0.0000000e+00   9.5459400e-01   8.1997200e-01   3.2335952e+00   0.0000000e+00
   2.5000000e+01   1.0000000e+00   8.3547900e-01   8.1997200e-01   3.2335952e+00   0.0000000e+00
   2.6000000e+01   0.0000000e+00   7.2996500e-01   8.1997200e-01   3.2335952e+00   0.0000000e+00
   2.7000000e+01   0.0000000e+00   4.4156700e-01   8.1997200e-01   3.2335952e+00   1.0000000e+00
   2.8000000e+01   0.0000000e+00   8.7669600e-01   8.1997200e-01   3.2335952e+00   1.0000000e+00
   2.9000000e+01   0.0000000e+00   4.7161600e-01   8.1997200e-01   3.2335952e+00   0.0000000e+00
   3.0000000e+01   1.0000000e+00   1.4992080e+00   8.1997200e-01   3.2335952e+00   1.0000000e+00
   3.1000000e+01   0.0000000e+00   1.1206030e+00   8.1997200e-01   3.2335952e+00   1.0000000e+00
   3.2000000e+01   0.0000000e+00   8.5497200e-01   8.1997200e-01   3.2335952e+00   0.0000000e+00
   3.3000000e+01   0.0000000e+00   1.0931460e+00   8.1997200e-01   3.2335952e+00   1.0000000e+00
   3.4000000e+01   0.0000000e+00   4.4213000e-01   8.1997200e-01   3.2335952e+00   0.0000000e+00
   3.5000000e+01   1.0000000e+00   1.0058940e+00   8.1997200e-01   3.2335952e+00   0.0000000e+00
   3.6000000e+01   0.0000000e+00   8.3804800e-01   8.1997200e-01   3.2335952e+00   0.0000000e+00
   3.7000000e+01   0.0000000e+00   8.2497300e-01   8.1997200e-01   3.2335952e+00   1.0000000e+00
   3.8000000e+01   1.0000000e+00   9.0670500e-01   8.1997200e-01   3.2335952e+00   0.0000000e+00
   3.9000000e+01   1.0000000e+00   7.0045600e-01   8.1997200e-01   3.2335952e+00   1.0000000e+00
   4.0000000e+01   0.0000000e+00   4.5063500e-01   8.1997200e-01   3.2335952e+00   0.0000000e+00
   4.1000000e+01   1.0000000e+00   8.3617400e-01   8.1997200e-01   3.2335952e+00   0.0000000e+00
   4.2000000e+01   0.0000000e+00   1.5500060e+00   8.1997200e-01   3.2335952e+00   1.0000000e+00
   4.3000000e+01   1.0000000e+00   6.0618500e-01   8.1997200e-01   3.2335952e+00   1.0000000e+00
   4.4000000e+01   0.0000000e+00   1.8590500e+00   8.1997200e-01   3.2335952e+00   1.0000000e+00
   4.5000000e+01   0.0000000e+00   5.8535000e-01   8.1997200e-01   3.2335952e+00   0.0000000e+00
   4.6000000e+01   0.0000000e+00   5.8368600e-01   8.1997200e-01   3.2335952e+00   1.0000000e+00
   4.7000000e+01   1.0000000e+00   6.6780200e-01   8.1997200e-01   3.2335952e+00   1.0000000e+00
   4.8000000e+01   0.0000000e+00   5.0433800e-01   8.1997200e-01   3.2335952e+00   1.0000000e+00
   4.9000000e+01   1.0000000e+00   1.0265220e+00   8.1997200e-01   3.2335952e+00   0.0000000e+00
   5.0000000e+01   0.0000000e+00   1.0622660e+00   8.1997200e-01   3.2335952e+00   0.0000000e+00
   5.1000000e+01   0.0000000e+00   5.0387900e-01   8.1997200e-01   3.2335952e+00   1.0000000e+00
   5.2000000e+01   0.0000000e+00   8.5747500e-01   8.1997200e-01   3.2335952e+00   0.0000000e+00
   5.3000000e+01   0.0000000e+00   1.2348590e+00   8.1997200e-01   3.2335952e+00   1.0000000e+00
   5.4000000e+01   1.0000000e+00   1.4448110e+00   8.1997200e-01   3.2335952e+00   1.0000000e+00
   5.5000000e+01   0.0000000e+00   8.5255700e-01   8.1997200e-01   3.2335952e+00   1.0000000e+00
   5.6000000e+01   0.0000000e+00   6.3277600e-01   8.1997200e-01   3.2335952e+00   0.0000000e+00
   5.7000000e+01   0.0000000e+00   4.5732500e-01   8.1997200e-01   3.2335952e+00   1.0000000e+00
   5.8000000e+01   0.0000000e+00   4.8951800e-01   8.1997200e-01   3.2335952e+00   0.0000000e+00
   5.9000000e+01   0.0000000e+00   5.7707100e-01   8.1997200e-01   3.2335952e+00   1.0000000e+00
   6.0000000e+01   1.0000000e+00   5.2790800e-01   8.1997200e-01   3.2335952e+00   0.0000000e+00
   6.1000000e+01   0.0000000e+00   1.2322270e+00   8.1997200e-01   3.2335952e+00   0.0000000e+00
   6.2000000e+01   1.0000000e+00   1.8819270e+00   8.1997200e-01   3.2335952e+00   0.0000000e+00
   6.3000000e+01   0.0000000e+00   1.1088850e+00   8.1997200e-01   3.2335952e+00   1.0000000e+00
   6.4000000e+01   0.0000000e+00   5.0710700e-01   8.1997200e-01   3.2335952e+00   0.0000000e+00
   6.5000000e+01   0.0000000e+00   1.7442450e+00   8.1997200e-01   3.2335952e+00   0.0000000e+00
   6.6000000e+01   0.0000000e+00   4.7302300e-01   8.1997200e-01   3.2335952e+00   0.0000000e+00
   6.7000000e+01   1.0000000e+00   8.7393600e-01   8.1997200e-01   3.2335952e+00   1.0000000e+00
   6.8000000e+01   0.0000000e+00   1.5215180e+00   8.1997200e-01   3.2335952e+00   1.0000000e+00
   6.9000000e+01   1.0000000e+00   1.4839980e+00   8.1997200e-01   3.2335952e+00   1.0000000e+00
   7.0000000e+01   1.0000000e+00   1.4135370e+00   8.1997200e-01   3.2335952e+00   0.0000000e+00
   7.1000000e+01   0.0000000e+00   4.7366200e-01   8.1997200e-01   3.2335952e+00   1.0000000e+00
   7.2000000e+01   0.0000000e+00   1.6230120e+00   8.1997200e-01   3.2335952e+00   1.0000000e+00
   7.3000000e+01   1.0000000e+00   5.1509500e-01   8.1997200e-01   3.2335952e+00   1.0000000e+00
   7.4000000e+01   0.0000000e+00   4.5509500e-01   8.1997200e-01   3.2335952e+00   1.0000000e+00
   7.5000000e+01   0.0000000e+00   1.2135380e+00   8.1997200e-01   3.2335952e+00   1.0000000e+00
   7.6000000e+01   0.0000000e+00   6.2570100e-01   8.1997200e-01   3.2335952e+00   1.0000000e+00
   7.7000000e+01   1.0000000e+00   6.1980600e-01   8.1997200e-01   3.2335952e+00   0.0000000e+00
   7.8000000e+01   0.0000000e+00   6.5835400e-01   8.1997200e-01   3.2335952e+00   1.0000000e+00
   7.9000000e+01   1.0000000e+00   5.2876900e-01   8.1997200e-01   3.2335952e+00   0.0000000e+00
   8.0000000e+01   0.0000000e+00   5.0601300e-01   8.1997200e-01   3.2335952e+00   0.0000000e+00
   8.1000000e+01   0.0000000e+00   2.7623930e+00   8.1997200e-01   3.2335952e+00   1.0000000e+00
   8.2000000e+01   0.0000000e+00   6.5138800e-01   8.1997200e-01   3.2335952e+00   0.0000000e+00
   8.3000000e+01   1.0000000e+00   7.4652900e-01   8.1997200e-01   3.2335952e+00   1.0000000e+00
   8.4000000e+01   0.0000000e+00   7.2227600e-01   8.1997200e-01   3.2335952e+00   0.0000000e+00
   8.5000000e+01   0.0000000e+00   1.2655030e+00   8.1997200e-01   3.2335952e+00   0.0000000e+00
   8.6000000e+01   0.0000000e+00   6.5251500e-01   8.1997200e-01   3.2335952e+00   0.0000000e+00
   8.7000000e+01   1.0000000e+00   8.1116100e-01   8.1997200e-01   3.2335952e+00   0.0000000e+00
   8.8000000e+01   1.0000000e+00   4.4765300e-01   8.1997200e-01   3.2335952e+00   1.0000000e+00
   8.9000000e+01   0.0000000e+00   2.4447380e+00   8.1997200e-01   3.2335952e+00   0.0000000e+00
   9.0000000e+01   0.0000000e+00   5.8218400e-01   8.1997200e-01   3.2335952e+00   1.0000000e+00
   9.1000000e+01   0.0000000e+00   2.5378100e+00   8.1997200e-01   3.2335952e+00   0.0000000e+00
   9.2000000e+01   1.0000000e+00   6.6813000e-01   8.1997200e-01   3.2335952e+00   0.0000000e+00
   9.3000000e+01   0.0000000e+00   1.0709840e+00   8.1997200e-01   3.2335952e+00   0.0000000e+00
   9.4000000e+01   0.0000000e+00   4.9867200e-01   8.1997200e-01   3.2335952e+00   0.0000000e+00
   9.5000000e+01   0.0000000e+00   1.1645470e+00   8.1997200e-01   3.2335952e+00   1.0000000e+00
   9.6000000e+01   0.0000000e+00   7.3121900e-01   8.1997200e-01   3.2335952e+00   0.0000000e+00
   9.7000000e+01   0.0000000e+00   1.4073480e+00   8.1997200e-01   3.2335952e+00   0.0000000e+00
   9.8000000e+01   0.0000000e+00   9.0470500e-01   8.1997200e-01   3.2335952e+00   0.0000000e+00
   9.9000000e+01   0.0000000e+00   8.0547900e-01   8.1997200e-01   3.2335952e+00   1.0000000e+00
   1.0000000e+02   1.0000000e+00   1.1038200e+00   8.1997200e-01   3.2335952e+00   1.0000000e+00
   1.0100000e+02   0.0000000e+00   4.3760200e-01   8.1997200e-01   3.2335952e+00   1.0000000e+00
   1.0200000e+02   1.0000000e+00   4.3916400e-01   8.1997200e-01   3.2335952e+00   1.0000000e+00
   1.0300000e+02   0.0000000e+00   4.5474800e-01   8.1997200e-01   3.2335952e+00   0.0000000e+00
   1.0400000e+02   0.0000000e+00   8.8110000e-01   8.1997200e-01   3.2335952e+00   1.0000000e+00
   1.0500000e+02   0.0000000e+00   4.6897900e-01   8.1997200e-01   3.2335952e+00   1.0000000e+00
   1.0600000e+02   0.0000000e+00   1.1829290e+00   8.1997200e-01   3.2335952e+00   1.0000000e+00
   1.0700000e+02   0.0000000e+00   4.8988500e-01   8.1997200e-01   3.2335952e+00   1.0000000e+00
   1.0800000e+02   0.0000000e+00   6.4759900e-01   8.1997200e-01   3.2335952e+00   1.0000000e+00
   1.0900000e+02   0.0000000e+00   7.0024000e-01   8.1997200e-01   3.2335952e+00   0.0000000e+00
   1.1000000e+02   0.0000000e+00   9.4940700e-01   8.1997200e-01   3.2335952e+00   0.0000000e+00
   1.1100000e+02   0.0000000e+00   8.4933600e-01   8.1997200e-01   3.2335952e+00   1.0000000e+00
   1.1200000e+02   0.0000000e+00   7.8919000e-01   8.1997200e-01   3.2335952e+00   1.0000000e+00
   1.1300000e+02   0.0000000e+00   4.8426400e-01   8.1997200e-01   3.2335952e+00   1.0000000e+00
   1.1400000e+02   1.0000000e+00   8.2854300e-01   8.1997200e-01   3.2335952e+00   0.0000000e+00
   1.1500000e+02   0.0000000e+00   4.4648000e-01   8.1997200e-01   3.2335952e+00   1.0000000e+00
   1.1600000e+02   1.0000000e+00   1.7420430e+00   8.1997200e-01   3.2335952e+00   1.0000000e+00
   1.1700000e+02   0.0000000e+00   2.2466560e+00   8.1997200e-01   3.2335952e+00   0.0000000e+00
   1.1800000e+02   0.0000000e+00   9.2276300e-01   8.1997200e-01   3.2335952e+00   0.0000000e+00
   1.1900000e+02   1.0000000e+00   6.8254200e-01   8.1997200e-01   3.2335952e+00   0.0000000e+00
   1.2000000e+02   0.0000000e+00   4.6289400e-01   8.1997200e-01   3.2335952e+00   1.0000000e+00
   1.2100000e+02   1.0000000e+00   9.5675900e-01   8.1997200e-01   3.2335952e+00   0.0000000e+00
   1.2200000e+02   0.0000000e+00   1.2686590e+00   8.1997200e-01   3.2335952e+00   0.0000000e+00
   1.2300000e+02   1.0000000e+00   1.1465370e+00   8.1997200e-01   3.2335952e+00   1.0000000e+00
   1.2400000e+02   0.0000000e+00   7.0415600e-01   8.1997200e-01   3.2335952e+00   0.0000000e+00
   1.2500000e+02   0.0000000e+00   8.9032900e-01   8.1997200e-01   3.2335952e+00   0.0000000e+00
   1.2600000e+02   0.0000000e+00   1.0540640e+00   8.1997200e-01   3.2335952e+00   0.0000000e+00
   1.2700000e+02   0.0000000e+00   4.8000000e-01   8.1997200e-01   3.2335952e+00   1.0000000e+00
   1.2800000e+02   0.0000000e+00   1.0577810e+00   8.1997200e-01   3.2335952e+00   1.0000000e+00
   1.2900000e+02   1.0000000e+00   1.7526570e+00   8.1997200e-01   3.2335952e+00   0.0000000e+00
   1.3000000e+02   0.0000000e+00   4.6617200e-01   8.1997200e-01   3.2335952e+00   0.0000000e+00
   1.3100000e+02   0.0000000e+00   2.3801280e+00   8.1997200e-01   3.2335952e+00   0.0000000e+00
   1.3200000e+02   1.0000000e+00   1.5094620e+00   8.1997200e-01   3.2335952e+00   1.0000000e+00
   1.3300000e+02   0.0000000e+00   4.3544400e-01   8.1997200e-01   3.2335952e+00   0.0000000e+00
   1.3400000e+02   0.0000000e+00   4.7313800e-01   8.1997200e-01   3.2335952e+00   1.0000000e+00
   1.3500000e+02   1.0000000e+00   7.5712400e-01   8.1997200e-01   3.2335952e+00   1.0000000e+00
   1.3600000e+02   1.0000000e+00   6.4174700e-01   8.1997200e-01   3.2335952e+00   0.0000000e+00
