   1.0000000e+00   0.0000000e+00   1.9715470e+00   8.2507000e-01   3.2089773e+00   1.0000000e+00
   2.0000000e+00   0.0000000e+00   9.1079100e-01   8.2507000e-01   3.2089773e+00   0.0000000e+00
   3.0000000e+00   1.0000000e+00   6.2347700e-01   8.2507000e-01   3.2089773e+00   0.0000000e+00
   4.0000000e+00   0.0000000e+00   8.9507600e-01   8.2507000e-01   3.2089773e+00   0.0000000e+00
   5.0000000e+00   1.0000000e+00   1.0662490e+00   8.2507000e-01   3.2089773e+00   1.0000000e+00
   6.0000000e+00   0.0000000e+00   8.7443900e-01   8.2507000e-01   3.2089773e+00   1.0000000e+00
   7.0000000e+00   0.0000000e+00   9.4757700e-01   8.2507000e-01   3.2089773e+00   0.0000000e+00
   8.0000000e+00   1.0000000e+00   2.5224770e+00   8.2507000e-01   3.2089773e+00   0.0000000e+00
   9.0000000e+00   0.0000000e+00   8.0925100e-01   8.2507000e-01   3.2089773e+00   0.0000000e+00
   1.0000000e+01   0.0000000e+00   7.3582500e-01   8.2507000e-01   3.2089773e+00   0.0000000e+00
   1.1000000e+01   1.0000000e+00   5.3056600e-01   8.2507000e-01   3.2089773e+00   1.0000000e+00
   1.2000000e+01   0.0000000e+00   1.7723940e+00   8.2507000e-01   3.2089773e+00   0.0000000e+00
   1.3000000e+01   1.0000000e+00   4.8420100e-01   8.2507000e-01   3.2089773e+00   1.0000000e+00
   1.4000000e+01   0.0000000e+00   7.8523400e-01   8.2507000e-01   3.2089773e+00   1.0000000e+00
   1.5000000e+01   0.0000000e+00   1.2707340e+00   8.2507000e-01   3.2089773e+00   1.0000000e+00
   1.6000000e+01   1.0000000e+00   6.8027800e-01   8.2507000e-01   3.2089773e+00   0.0000000e+00
   1.7000000e+01   0.0000000e+00   7.2097200e-01   8.2507000e-01   3.2089773e+00   1.0000000e+00
   1.8000000e+01   0.0000000e+00   6.5453200e-01   8.2507000e-01   3.2089773e+00   0.0000000e+00
   1.9000000e+01   1.0000000e+00   5.0567000e-01   8.2507000e-01   3.2089773e+00   1.0000000e+00
   2.0000000e+01   0.0000000e+00   1.0400990e+00   8.2507000e-01   3.2089773e+00   1.0000000e+00
   2.1000000e+01   0.0000000e+00   7.9311500e-01   8.2507000e-01   3.2089773e+00   0.0000000e+00
   2.2000000e+01   0.0000000e+00   1.6741850e+00   8.2507000e-01   3.2089773e+00   1.0000000e+00
   2.3000000e+01   0.0000000e+00   1.0027480e+00   8.2507000e-01   3.2089773e+00   0.0000000e+00
   2.4000000e+01   0.0000000e+00   1.4349780e+00   8.2507000e-01   3.2089773e+00   0.0000000e+00
   2.5000000e+01   1.0000000e+00   1.4586240e+00   8.2507000e-01   3.2089773e+00   0.0000000e+00
   2.6000000e+01   0.0000000e+00   4.6243200e-01   8.2507000e-01   3.2089773e+00   1.0000000e+00
   2.7000000e+01   0.0000000e+00   5.1067200e-01   8.2507000e-01   3.2089773e+00   1.0000000e+00
   2.8000000e+01   1.0000000e+00   8.3398200e-01   8.2507000e-01   3.2089773e+00   1.0000000e+00
   2.9000000e+01   0.0000000e+00   1.0644800e+00   8.2507000e-01   3.2089773e+00   1.0000000e+00
   3.0000000e+01   1.0000000e+00   7.2332200e-01   8.2507000e-01   3.2089773e+00   0.0000000e+00
   3.1000000e+01   1.0000000e+00   1.9916470e+00   8.2507000e-01   3.2089773e+00   0.0000000e+00
   3.2000000e+01   0.0000000e+00   1.5208190e+00   8.2507000e-01   3.2089773e+00   0.0000000e+00
   3.3000000e+01   0.0000000e+00   1.1285650e+00   8.2507000e-01   3.2089773e+00   1.0000000e+00
   3.4000000e+01   0.0000000e+00   9.2681400e-01   8.2507000e-01   3.2089773e+00   1.0000000e+00
   3.5000000e+01   1.0000000e+00   5.4493900e-01   8.2507000e-01   3.2089773e+00   1.0000000e+00
   3.6000000e+01   1.0000000e+00   7.5156200e-01   8.2507000e-01   3.2089773e+00   0.0000000e+00
   3.7000000e+01   0.0000000e+00   3.3574790e+00   8.2507000e-01   3.2089773e+00   1.0000000e+00
   3.8000000e+01   0.0000000e+00   4.7137000e-01   8.2507000e-01   3.2089773e+00   0.0000000e+00
   3.9000000e+01   1.0000000e+00   9.5715700e-01   8.2507000e-01   3.2089773e+00   1.0000000e+00
   4.0000000e+01   0.0000000e+00   8.8523900e-01   8.2507000e-01   3.2089773e+00   1.0000000e+00
   4.1000000e+01   0.0000000e+00   9.6088400e-01   8.2507000e-01   3.2089773e+00   1.0000000e+00
   4.2000000e+01   0.0000000e+00   6.1383000e-01   8.2507000e-01   3.2089773e+00   1.0000000e+00
   4.3000000e+01   0.0000000e+00   6.0713900e-01   8.2507000e-01   3.2089773e+00   0.0000000e+00
   4.4000000e+01   0.0000000e+00   7.0338500e-01   8.2507000e-01   3.2089773e+00   0.0000000e+00
   4.5000000e+01   1.0000000e+00   5.1653200e-01   8.2507000e-01   3.2089773e+00   1.0000000e+00
   4.6000000e+01   0.0000000e+00   8.1752900e-01   8.2507000e-01   3.2089773e+00   0.0000000e+00
   4.7000000e+01   0.0000000e+00   1.6378580e+00   8.2507000e-01   3.2089773e+00   1.0000000e+00
   4.8000000e+01   0.0000000e+00   9.2406600e-01   8.2507000e-01   3.2089773e+00   0.0000000e+00
   4.9000000e+01   1.0000000e+00   8.2537000e-01   8.2507000e-01   3.2089773e+00   0.0000000e+00
   5.0000000e+01   0.0000000e+00   6.5346300e-01   8.2507000e-01   3.2089773e+00   0.0000000e+00
   5.1000000e+01   1.0000000e+00   6.5219600e-01   8.2507000e-01   3.2089773e+00   1.0000000e+00
   5.2000000e+01   0.0000000e+00   2.7302730e+00   8.2507000e-01   3.2089773e+00   0.0000000e+00
   5.3000000e+01   1.0000000e+00   1.3609520e+00   8.2507000e-01   3.2089773e+00   0.0000000e+00
   5.4000000e+01   0.0000000e+00   1.2213920e+00   8.2507000e-01   3.2089773e+00   1.0000000e+00
   5.5000000e+01   0.0000000e+00   1.0328140e+00   8.2507000e-01   3.2089773e+00   0.0000000e+00
   5.6000000e+01   1.0000000e+00   4.9869900e-01   8.2507000e-01   3.2089773e+00   0.0000000e+00
   5.7000000e+01   0.0000000e+00   6.3970700e-01   8.2507000e-01   3.2089773e+00   1.0000000e+00
   5.8000000e+01   0.0000000e+00   1.1410360e+00   8.2507000e-01   3.2089773e+00   0.0000000e+00
   5.9000000e+01   0.0000000e+00   8.2711700e-01   8.2507000e-01   3.2089773e+00   0.0000000e+00
   6.0000000e+01   1.0000000e+00   1.2561390e+00   8.2507000e-01   3.2089773e+00   1.0000000e+00
   6.1000000e+01   0.0000000e+00   1.0209240e+00   8.2507000e-01   3.2089773e+00   1.0000000e+00
   6.2000000e+01   1.0000000e+00   5.3875700e-01   8.2507000e-01   3.2089773e+00   1.0000000e+00
   6.3000000e+01   0.0000000e+00   4.9527000e-01   8.2507000e-01   3.2089773e+00   1.0000000e+00
   6.4000000e+01   0.0000000e+00   1.1296490e+00   8.2507000e-01   3.2089773e+00   1.0000000e+00
   6.5000000e+01   0.0000000e+00   7.5897000e-01   8.2507000e-01   3.2089773e+00   0.0000000e+00
   6.6000000e+01   0.0000000e+00   1.1399770e+00   8.2507000e-01   3.2089773e+00   1.0000000e+00
   6.7000000e+01   1.0000000e+00   1.3531070e+00   8.2507000e-01   3.2089773e+00   0.0000000e+00
   6.8000000e+01   0.0000000e+00   1.2466400e+00   8.2507000e-01   3.2089773e+00   0.0000000e+00
   6.9000000e+01   1.0000000e+00   6.5962100e-01   8.2507000e-01   3.2089773e+00   1.0000000e+00
   7.0000000e+01   0.0000000e+00   6.8686500e-01   8.2507000e-01   3.2089773e+00   1.0000000e+00
   7.1000000e+01   0.0000000e+00   5.5643600e-01   8.2507000e-01   3.2089773e+00   1.0000000e+00
   7.2000000e+01   0.0000000e+00   6.4728200e-01   8.2507000e-01   3.2089773e+00   0.0000000e+00
   7.3000000e+01   1.0000000e+00   2.5495650e+00   8.2507000e-01   3.2089773e+00   0.0000000e+00
   7.4000000e+01   0.0000000e+00   5.0805600e-01   8.2507000e-01   3.2089773e+00   0.0000000e+00
   7.5000000e+01   1.0000000e+00   1.0888570e+00   8.2507000e-01   3.2089773e+00   0.0000000e+00
   7.6000000e+01   0.0000000e+00   1.0473620e+00   8.2507000e-01   3.2089773e+00   1.0000000e+00
   7.7000000e+01   0.0000000e+00   1.5128330e+00   8.2507000e-01   3.2089773e+00   0.0000000e+00
   7.8000000e+01   0.0000000e+00   4.4870400e-01   8.2507000e-01   3.2089773e+00   0.0000000e+00
   7.9000000e+01   0.0000000e+00   6.7199700e-01   8.2507000e-01   3.2089773e+00   0.0000000e+00
   8.0000000e+01   1.0000000e+00   9.0998600e-01   8.2507000e-01   3.2089773e+00   1.0000000e+00
   8.1000000e+01   0.0000000e+00   4.9014600e-01   8.2507000e-01   3.2089773e+00   0.0000000e+00
   8.2000000e+01   0.0000000e+00   6.9529700e-01   8.2507000e-01   3.2089773e+00   1.0000000e+00
   8.3000000e+01   1.0000000e+00   5.3785300e-01   8.2507000e-01   3.2089773e+00   0.0000000e+00
   8.4000000e+01   0.0000000e+00   1.6559710e+00   8.2507000e-01   3.2089773e+00   0.0000000e+00
   8.5000000e+01   1.0000000e+00   7.5362600e-01   8.2507000e-01   3.2089773e+00   1.0000000e+00
   8.6000000e+01   0.0000000e+00   5.6650100e-01   8.2507000e-01   3.2089773e+00   0.0000000e+00
   8.7000000e+01   0.0000000e+00   4.6444300e-01   8.2507000e-01   3.2089773e+00   1.0000000e+00
   8.8000000e+01   0.0000000e+00   5.8568200e-01   8.2507000e-01   3.2089773e+00   1.0000000e+00
   8.9000000e+01   0.0000000e+00   9.1115200e-01   8.2507000e-01   3.2089773e+00   0.0000000e+00
   9.0000000e+01   0.0000000e+00   6.3105100e-01   8.2507000e-01   3.2089773e+00   0.0000000e+00
   9.1000000e+01   1.0000000e+00   5.1998400e-01   8.2507000e-01   3.2089773e+00   0.0000000e+00
   9.2000000e+01   0.0000000e+00   8.6686800e-01   8.2507000e-01   3.2089773e+00   0.0000000e+00
   9.3000000e+01   0.0000000e+00   1.3206050e+00   8.2507000e-01   3.2089773e+00   0.0000000e+00
   9.4000000e+01   0.0000000e+00   1.0592740e+00   8.2507000e-01   3.2089773e+00   1.0000000e+00
   9.5000000e+01   0.0000000e+00   5.2568100e-01   8.2507000e-01   3.2089773e+00   1.0000000e+00
   9.6000000e+01   0.0000000e+00   5.5589800e-01   8.2507000e-01   3.2089773e+00   1.0000000e+00
   9.7000000e+01   0.0000000e+00   4.8400400e-01   8.2507000e-01   3.2089773e+00   1.0000000e+00
   9.8000000e+01   1.0000000e+00   6.1331700e-01   8.2507000e-01   3.2089773e+00   1.0000000e+00
   9.9000000e+01   0.0000000e+00   6.7622200e-01   8.2507000e-01   3.2089773e+00   1.0000000e+00
   1.0000000e+02   1.0000000e+00   4.3633200e-01   8.2507000e-01   3.2089773e+00   1.0000000e+00
   1.0100000e+02   0.0000000e+00   5.1515700e-01   8.2507000e-01   3.2089773e+00   1.0000000e+00
   1.0200000e+02   0.0000000e+00   5.6044600e-01   8.2507000e-01   3.2089773e+00   0.0000000e+00
   1.0300000e+02   0.0000000e+00   9.1972700e-01   8.2507000e-01   3.2089773e+00   1.0000000e+00
   1.0400000e+02   0.0000000e+00   1.1526940e+00   8.2507000e-01   3.2089773e+00   1.0000000e+00
   1.0500000e+02   0.0000000e+00   9.9027400e-01   8.2507000e-01   3.2089773e+00   0.0000000e+00
   1.0600000e+02   0.0000000e+00   1.6356920e+00   8.2507000e-01   3.2089773e+00   1.0000000e+00
   1.0700000e+02   0.0000000e+00   1.6626380e+00   8.2507000e-01   3.2089773e+00   1.0000000e+00
   1.0800000e+02   1.0000000e+00   1.1481230e+00   8.2507000e-01   3.2089773e+00   0.0000000e+00
   1.0900000e+02   0.0000000e+00   6.7197500e-01   8.2507000e-01   3.2089773e+00   0.0000000e+00
   1.1000000e+02   0.0000000e+00   7.1277300e-01   8.2507000e-01   3.2089773e+00   1.0000000e+00
   1.1100000e+02   0.0000000e+00   1.5551390e+00   8.2507000e-01   3.2089773e+00   1.0000000e+00
   1.1200000e+02   0.0000000e+00   1.1159160e+00   8.2507000e-01   3.2089773e+00   0.0000000e+00
   1.1300000e+02   0.0000000e+00   7.9807800e-01   8.2507000e-01   3.2089773e+00   0.0000000e+00
   1.1400000e+02   0.0000000e+00   7.4114700e-01   8.2507000e-01   3.2089773e+00   0.0000000e+00
   1.1500000e+02   0.0000000e+00   4.6633900e-01   8.2507000e-01   3.2089773e+00   1.0000000e+00
   1.1600000e+02   0.0000000e+00   4.7106800e-01   8.2507000e-01   3.2089773e+00   1.0000000e+00
   1.1700000e+02   1.0000000e+00   1.4583430e+00   8.2507000e-01   3.2089773e+00   1.0000000e+00
   1.1800000e+02   0.0000000e+00   1.0331150e+00   8.2507000e-01   3.2089773e+00   1.0000000e+00
   1.1900000e+02   1.0000000e+00   9.2947900e-01   8.2507000e-01   3.2089773e+00   0.0000000e+00
   1.2000000e+02   0.0000000e+00   5.4362800e-01   8.2507000e-01   3.2089773e+00   1.0000000e+00
   1.2100000e+02   1.0000000e+00   5.4686600e-01   8.2507000e-01   3.2089773e+00   0.0000000e+00
   1.2200000e+02   0.0000000e+00   1.8355460e+00   8.2507000e-01   3.2089773e+00   0.0000000e+00
   1.2300000e+02   1.0000000e+00   9.8375800e-01   8.2507000e-01   3.2089773e+00   1.0000000e+00
   1.2400000e+02   1.0000000e+00   1.1046590e+00   8.2507000e-01   3.2089773e+00   0.0000000e+00
   1.2500000e+02   0.0000000e+00   6.4322600e-01   8.2507000e-01   3.2089773e+00   0.0000000e+00
   1.2600000e+02   1.0000000e+00   4.6237800e-01   8.2507000e-01   3.2089773e+00   1.0000000e+00
   1.2700000e+02   0.0000000e+00   6.8156300e-01   8.2507000e-01   3.2089773e+00   0.0000000e+00
   1.2800000e+02   0.0000000e+00   1.4536700e+00   8.2507000e-01   3.2089773e+00   0.0000000e+00
   1.2900000e+02   0.0000000e+00   8.2332000e-01   8.2507000e-01   3.2089773e+00   0.0000000e+00
   1.3000000e+02   0.0000000e+00   1.0026490e+00   8.2507000e-01   3.2089773e+00   0.0000000e+00
   1.3100000e+02   0.0000000e+00   5.9555500e-01   8.2507000e-01   3.2089773e+00   1.0000000e+00
   1.3200000e+02   0.0000000e+00   4.7532900e-01   8.2507000e-01   3.2089773e+00   0.0000000e+00
   1.3300000e+02   0.0000000e+00   5.9309600e-01   8.2507000e-01   3.2089773e+00   1.0000000e+00
   1.3400000e+02   0.0000000e+00   5.8250500e-01   8.2507000e-01   3.2089773e+00   1.0000000e+00
   1.3500000e+02   1.0000000e+00   4.8637100e-01   8.2507000e-01   3.2089773e+00   1.0000000e+00
   1.3600000e+02   1.0000000e+00   5.7109000e-01   8.2507000e-01   3.2089773e+00   0.0000000e+00
