   1.0000000e+00   0.0000000e+00   1.4743550e+00   8.3233400e-01   2.5884079e+00   0.0000000e+00
   2.0000000e+00   0.0000000e+00   1.4830990e+00   8.3233400e-01   2.5884079e+00   1.0000000e+00
   3.0000000e+00   1.0000000e+00   1.0074940e+00   8.3233400e-01   2.5884079e+00   0.0000000e+00
   4.0000000e+00   0.0000000e+00   8.8246800e-01   8.3233400e-01   2.5884079e+00   0.0000000e+00
   5.0000000e+00   0.0000000e+00   1.4714290e+00   8.3233400e-01   2.5884079e+00   1.0000000e+00
   6.0000000e+00   1.0000000e+00   7.4168600e-01   8.3233400e-01   2.5884079e+00   1.0000000e+00
   7.0000000e+00   0.0000000e+00   6.2528000e-01   8.3233400e-01   2.5884079e+00   1.0000000e+00
   8.0000000e+00   0.0000000e+00   1.3390590e+00   8.3233400e-01   2.5884079e+00   0.0000000e+00
   9.0000000e+00   1.0000000e+00   9.3602900e-01   8.3233400e-01   2.5884079e+00   0.0000000e+00
   1.0000000e+01   0.0000000e+00   7.2852900e-01   8.3233400e-01   2.5884079e+00   0.0000000e+00
   1.1000000e+01   1.0000000e+00   5.4601400e-01   8.3233400e-01   2.5884079e+00   1.0000000e+00
   1.2000000e+01   0.0000000e+00   9.7189900e-01   8.3233400e-01   2.5884079e+00   1.0000000e+00
   1.3000000e+01   1.0000000e+00   8.4032800e-01   8.3233400e-01   2.5884079e+00   1.0000000e+00
   1.4000000e+01   0.0000000e+00   1.0842500e+00   8.3233400e-01   2.5884079e+00   0.0000000e+00
   1.5000000e+01   1.0000000e+00   1.4857480e+00   8.3233400e-01   2.5884079e+00   0.0000000e+00
   1.6000000e+01   0.0000000e+00   5.9496900e-01   8.3233400e-01   2.5884079e+00   0.0000000e+00
   1.7000000e+01   0.0000000e+00   7.4549100e-01   8.3233400e-01   2.5884079e+00   1.0000000e+00
   1.8000000e+01   0.0000000e+00   1.2807230e+00   8.3233400e-01   2.5884079e+00   1.0000000e+00
   1.9000000e+01   1.0000000e+00   4.4160500e-01   8.3233400e-01   2.5884079e+00   1.0000000e+00
   2.0000000e+01   0.0000000e+00   6.9178500e-01   8.3233400e-01   2.5884079e+00   0.0000000e+00
   2.1000000e+01   0.0000000e+00   6.5263200e-01   8.3233400e-01   2.5884079e+00   1.0000000e+00
   2.2000000e+01   0.0000000e+00   1.1436110e+00   8.3233400e-01   2.5884079e+00   0.0000000e+00
   2.3000000e+01   0.0000000e+00   8.6964000e-01   8.3233400e-01   2.5884079e+00   1.0000000e+00
   2.4000000e+01   0.0000000e+00   5.6076500e-01   8.3233400e-01   2.5884079e+00   1.0000000e+00
   2.5000000e+01   1.0000000e+00   7.4568200e-01   8.3233400e-01   2.5884079e+00   0.0000000e+00
   2.6000000e+01   0.0000000e+00   6.1398800e-01   8.3233400e-01   2.5884079e+00   1.0000000e+00
   2.7000000e+01   1.0000000e+00   9.4242600e-01   8.3233400e-01   2.5884079e+00   1.0000000e+00
   2.8000000e+01   0.0000000e+00   5.3504000e-01   8.3233400e-01   2.5884079e+00   1.0000000e+00
   2.9000000e+01   0.0000000e+00   8.9636300e-01   8.3233400e-01   2.5884079e+00   0.0000000e+00
   3.0000000e+01   0.0000000e+00   2.9263740e+00   8.3233400e-01   2.5884079e+00   0.0000000e+00
   3.1000000e+01   0.0000000e+00   4.7014400e-01   8.3233400e-01   2.5884079e+00   1.0000000e+00
   3.2000000e+01   1.0000000e+00   1.6359580e+00   8.3233400e-01   2.5884079e+00   0.0000000e+00
   3.3000000e+01   1.0000000e+00   1.1406170e+00   8.3233400e-01   2.5884079e+00   0.0000000e+00
   3.4000000e+01   0.0000000e+00   1.4566700e+00   8.3233400e-01   2.5884079e+00   0.0000000e+00
   3.5000000e+01   1.0000000e+00   4.8561200e-01   8.3233400e-01   2.5884079e+00   1.0000000e+00
   3.6000000e+01   0.0000000e+00   6.4180300e-01   8.3233400e-01   2.5884079e+00   0.0000000e+00
   3.7000000e+01   0.0000000e+00   1.7296700e+00   8.3233400e-01   2.5884079e+00   0.0000000e+00
   3.8000000e+01   0.0000000e+00   9.8772400e-01   8.3233400e-01   2.5884079e+00   1.0000000e+00
   3.9000000e+01   1.0000000e+00   1.2635160e+00   8.3233400e-01   2.5884079e+00   0.0000000e+00
   4.0000000e+01   0.0000000e+00   1.1730930e+00   8.3233400e-01   2.5884079e+00   1.0000000e+00
   4.1000000e+01   1.0000000e+00   6.6882100e-01   8.3233400e-01   2.5884079e+00   1.0000000e+00
   4.2000000e+01   0.0000000e+00   1.2889230e+00   8.3233400e-01   2.5884079e+00   1.0000000e+00
   4.3000000e+01   0.0000000e+00   7.1163700e-01   8.3233400e-01   2.5884079e+00   0.0000000e+00
   4.4000000e+01   0.0000000e+00   5.2640900e-01   8.3233400e-01   2.5884079e+00   1.0000000e+00
   4.5000000e+01   0.0000000e+00   8.2119100e-01   8.3233400e-01   2.5884079e+00   0.0000000e+00
   4.6000000e+01   1.0000000e+00   1.4801970e+00   8.3233400e-01   2.5884079e+00   1.0000000e+00
   4.7000000e+01   0.0000000e+00   2.0101570e+00   8.3233400e-01   2.5884079e+00   0.0000000e+00
   4.8000000e+01   1.0000000e+00   1.2819640e+00   8.3233400e-01   2.5884079e+00   0.0000000e+00
   4.9000000e+01   0.0000000e+00   9.7097800e-01   8.3233400e-01   2.5884079e+00   1.0000000e+00
   5.0000000e+01   1.0000000e+00   6.1747300e-01   8.3233400e-01   2.5884079e+00   1.0000000e+00
   5.1000000e+01   0.0000000e+00   6.7578000e-01   8.3233400e-01   2.5884079e+00   0.0000000e+00
   5.2000000e+01   0.0000000e+00   4.7429200e-01   8.3233400e-01   2.5884079e+00   1.0000000e+00
   5.3000000e+01   0.0000000e+00   4.9548300e-01   8.3233400e-01   2.5884079e+00   1.0000000e+00
   5.4000000e+01   0.0000000e+00   1.4503920e+00   8.3233400e-01   2.5884079e+00   0.0000000e+00
   5.5000000e+01   1.0000000e+00   4.7061000e-01   8.3233400e-01   2.5884079e+00   0.0000000e+00
   5.6000000e+01   0.0000000e+00   5.0109100e-01   8.3233400e-01   2.5884079e+00   0.0000000e+00
   5.7000000e+01   1.0000000e+00   9.6923100e-01   8.3233400e-01   2.5884079e+00   0.0000000e+00
   5.8000000e+01   0.0000000e+00   1.3604140e+00   8.3233400e-01   2.5884079e+00   0.0000000e+00
   5.9000000e+01   1.0000000e+00   1.5535950e+00   8.3233400e-01   2.5884079e+00   1.0000000e+00
   6.0000000e+01   0.0000000e+00   4.8028200e-01   8.3233400e-01   2.5884079e+00   0.0000000e+00
   6.1000000e+01   0.0000000e+00   6.5786100e-01   8.3233400e-01   2.5884079e+00   0.0000000e+00
   6.2000000e+01   1.0000000e+00   5.2502200e-01   8.3233400e-01   2.5884079e+00   1.0000000e+00
   6.3000000e+01   0.0000000e+00   1.3800670e+00   8.3233400e-01   2.5884079e+00   1.0000000e+00
   6.4000000e+01   1.0000000e+00   5.4499500e-01   8.3233400e-01   2.5884079e+00   0.0000000e+00
   6.5000000e+01   0.0000000e+00   9.4501800e-01   8.3233400e-01   2.5884079e+00   1.0000000e+00
   6.6000000e+01   0.0000000e+00   1.0573150e+00   8.3233400e-01   2.5884079e+00   1.0000000e+00
   6.7000000e+01   0.0000000e+00   7.8269900e-01   8.3233400e-01   2.5884079e+00   0.0000000e+00
   6.8000000e+01   0.0000000e+00   1.3902040e+00   8.3233400e-01   2.5884079e+00   1.0000000e+00
   6.9000000e+01   0.0000000e+00   7.7260900e-01   8.3233400e-01   2.5884079e+00   1.0000000e+00
   7.0000000e+01   0.0000000e+00   5.0461500e-01   8.3233400e-01   2.5884079e+00   0.0000000e+00
   7.1000000e+01   0.0000000e+00   1.2278090e+00   8.3233400e-01   2.5884079e+00   0.0000000e+00
   7.2000000e+01   0.0000000e+00   5.0931400e-01   8.3233400e-01   2.5884079e+00   0.0000000e+00
   7.3000000e+01   0.0000000e+00   1.1059520e+00   8.3233400e-01   2.5884079e+00   1.0000000e+00
   7.4000000e+01   1.0000000e+00   1.0249590e+00   8.3233400e-01   2.5884079e+00   1.0000000e+00
   7.5000000e+01   0.0000000e+00   5.7494100e-01   8.3233400e-01   2.5884079e+00   1.0000000e+00
   7.6000000e+01   0.0000000e+00   9.7620500e-01   8.3233400e-01   2.5884079e+00   0.0000000e+00
   7.7000000e+01   0.0000000e+00   9.7148600e-01   8.3233400e-01   2.5884079e+00   1.0000000e+00
   7.8000000e+01   1.0000000e+00   7.0600800e-01   8.3233400e-01   2.5884079e+00   0.0000000e+00
   7.9000000e+01   0.0000000e+00   5.9297300e-01   8.3233400e-01   2.5884079e+00   0.0000000e+00
   8.0000000e+01   0.0000000e+00   8.5868600e-01   8.3233400e-01   2.5884079e+00   1.0000000e+00
   8.1000000e+01   1.0000000e+00   6.0215300e-01   8.3233400e-01   2.5884079e+00   0.0000000e+00
   8.2000000e+01   1.0000000e+00   8.9045400e-01   8.3233400e-01   2.5884079e+00   1.0000000e+00
   8.3000000e+01   0.0000000e+00   8.5924200e-01   8.3233400e-01   2.5884079e+00   1.0000000e+00
   8.4000000e+01   0.0000000e+00   4.9401600e-01   8.3233400e-01   2.5884079e+00   0.0000000e+00
   8.5000000e+01   0.0000000e+00   4.3649000e-01   8.3233400e-01   2.5884079e+00   1.0000000e+00
   8.6000000e+01   0.0000000e+00   7.3836400e-01   8.3233400e-01   2.5884079e+00   0.0000000e+00
   8.7000000e+01   0.0000000e+00   2.9040960e+00   8.3233400e-01   2.5884079e+00   0.0000000e+00
   8.8000000e+01   0.0000000e+00   1.2040760e+00   8.3233400e-01   2.5884079e+00   1.0000000e+00
   8.9000000e+01   1.0000000e+00   6.9886800e-01   8.3233400e-01   2.5884079e+00   0.0000000e+00
   9.0000000e+01   0.0000000e+00   1.1085120e+00   8.3233400e-01   2.5884079e+00   0.0000000e+00
   9.1000000e+01   0.0000000e+00   5.5374900e-01   8.3233400e-01   2.5884079e+00   0.0000000e+00
   9.2000000e+01   0.0000000e+00   1.4199310e+00   8.3233400e-01   2.5884079e+00   1.0000000e+00
   9.3000000e+01   0.0000000e+00   6.0942600e-01   8.3233400e-01   2.5884079e+00   0.0000000e+00
   9.4000000e+01   0.0000000e+00   9.6118200e-01   8.3233400e-01   2.5884079e+00   0.0000000e+00
   9.5000000e+01   1.0000000e+00   5.9872000e-01   8.3233400e-01   2.5884079e+00   1.0000000e+00
   9.6000000e+01   0.0000000e+00   6.5568000e-01   8.3233400e-01   2.5884079e+00   1.0000000e+00
   9.7000000e+01   1.0000000e+00   1.0157960e+00   8.3233400e-01   2.5884079e+00   0.0000000e+00
   9.8000000e+01   0.0000000e+00   4.6937000e-01   8.3233400e-01   2.5884079e+00   1.0000000e+00
   9.9000000e+01   0.0000000e+00   6.9755400e-01   8.3233400e-01   2.5884079e+00   1.0000000e+00
   1.0000000e+02   1.0000000e+00   6.4887400e-01   8.3233400e-01   2.5884079e+00   1.0000000e+00
   1.0100000e+02   0.0000000e+00   1.1913160e+00   8.3233400e-01   2.5884079e+00   0.0000000e+00
   1.0200000e+02   1.0000000e+00   6.3250300e-01   8.3233400e-01   2.5884079e+00   1.0000000e+00
   1.0300000e+02   0.0000000e+00   1.0001250e+00   8.3233400e-01   2.5884079e+00   1.0000000e+00
   1.0400000e+02   0.0000000e+00   6.1865100e-01   8.3233400e-01   2.5884079e+00   1.0000000e+00
   1.0500000e+02   0.0000000e+00   6.6346600e-01   8.3233400e-01   2.5884079e+00   0.0000000e+00
   1.0600000e+02   1.0000000e+00   6.9378000e-01   8.3233400e-01   2.5884079e+00   0.0000000e+00
   1.0700000e+02   0.0000000e+00   1.2030830e+00   8.3233400e-01   2.5884079e+00   0.0000000e+00
   1.0800000e+02   0.0000000e+00   1.2005870e+00   8.3233400e-01   2.5884079e+00   1.0000000e+00
   1.0900000e+02   0.0000000e+00   1.6001530e+00   8.3233400e-01   2.5884079e+00   0.0000000e+00
   1.1000000e+02   0.0000000e+00   1.1163160e+00   8.3233400e-01   2.5884079e+00   1.0000000e+00
   1.1100000e+02   0.0000000e+00   5.6557900e-01   8.3233400e-01   2.5884079e+00   1.0000000e+00
   1.1200000e+02   0.0000000e+00   4.7687600e-01   8.3233400e-01   2.5884079e+00   1.0000000e+00
   1.1300000e+02   1.0000000e+00   5.6157100e-01   8.3233400e-01   2.5884079e+00   1.0000000e+00
   1.1400000e+02   0.0000000e+00   6.1816900e-01   8.3233400e-01   2.5884079e+00   0.0000000e+00
   1.1500000e+02   1.0000000e+00   7.2769200e-01   8.3233400e-01   2.5884079e+00   0.0000000e+00
   1.1600000e+02   1.0000000e+00   1.1848400e+00   8.3233400e-01   2.5884079e+00   0.0000000e+00
   1.1700000e+02   0.0000000e+00   7.7537100e-01   8.3233400e-01   2.5884079e+00   1.0000000e+00
   1.1800000e+02   0.0000000e+00   8.9432800e-01   8.3233400e-01   2.5884079e+00   0.0000000e+00
   1.1900000e+02   0.0000000e+00   8.0224700e-01   8.3233400e-01   2.5884079e+00   0.0000000e+00
   1.2000000e+02   0.0000000e+00   4.4653400e-01   8.3233400e-01   2.5884079e+00   0.0000000e+00
   1.2100000e+02   0.0000000e+00   5.7746300e-01   8.3233400e-01   2.5884079e+00   1.0000000e+00
   1.2200000e+02   1.0000000e+00   1.7873530e+00   8.3233400e-01   2.5884079e+00   1.0000000e+00
   1.2300000e+02   0.0000000e+00   7.9462400e-01   8.3233400e-01   2.5884079e+00   1.0000000e+00
   1.2400000e+02   0.0000000e+00   1.6109130e+00   8.3233400e-01   2.5884079e+00   1.0000000e+00
   1.2500000e+02   0.0000000e+00   1.3125540e+00   8.3233400e-01   2.5884079e+00   1.0000000e+00
   1.2600000e+02   0.0000000e+00   4.5956400e-01   8.3233400e-01   2.5884079e+00   1.0000000e+00
   1.2700000e+02   1.0000000e+00   7.9723300e-01   8.3233400e-01   2.5884079e+00   0.0000000e+00
   1.2800000e+02   0.0000000e+00   1.0987240e+00   8.3233400e-01   2.5884079e+00   0.0000000e+00
   1.2900000e+02   0.0000000e+00   6.4772000e-01   8.3233400e-01   2.5884079e+00   0.0000000e+00
   1.3000000e+02   0.0000000e+00   9.5210400e-01   8.3233400e-01   2.5884079e+00   1.0000000e+00
   1.3100000e+02   1.0000000e+00   1.2790750e+00   8.3233400e-01   2.5884079e+00   1.0000000e+00
   1.3200000e+02   0.0000000e+00   7.6822700e-01   8.3233400e-01   2.5884079e+00   0.0000000e+00
   1.3300000e+02   0.0000000e+00   7.8348100e-01   8.3233400e-01   2.5884079e+00   0.0000000e+00
   1.3400000e+02   0.0000000e+00   7.3006800e-01   8.3233400e-01   2.5884079e+00   0.0000000e+00
   1.3500000e+02   1.0000000e+00   2.2928880e+00   8.3233400e-01   2.5884079e+00   1.0000000e+00
   1.3600000e+02   1.0000000e+00   5.6704100e-01   8.3233400e-01   2.5884079e+00   0.0000000e+00
