   1.0000000e+00   0.0000000e+00   1.8865670e+00   8.2033100e-01   2.8850219e+00   0.0000000e+00
   2.0000000e+00   0.0000000e+00   1.1940140e+00   8.2033100e-01   2.8850219e+00   1.0000000e+00
   3.0000000e+00   0.0000000e+00   5.9223200e-01   8.2033100e-01   2.8850219e+00   0.0000000e+00
   4.0000000e+00   0.0000000e+00   1.9850470e+00   8.2033100e-01   2.8850219e+00   0.0000000e+00
   5.0000000e+00   1.0000000e+00   5.7503000e-01   8.2033100e-01   2.8850219e+00   1.0000000e+00
   6.0000000e+00   0.0000000e+00   8.6981200e-01   8.2033100e-01   2.8850219e+00   0.0000000e+00
   7.0000000e+00   0.0000000e+00   1.2535450e+00   8.2033100e-01   2.8850219e+00   1.0000000e+00
   8.0000000e+00   0.0000000e+00   9.7165000e-01   8.2033100e-01   2.8850219e+00   1.0000000e+00
   9.0000000e+00   1.0000000e+00   5.7188200e-01   8.2033100e-01   2.8850219e+00   0.0000000e+00
   1.0000000e+01   0.0000000e+00   9.9491500e-01   8.2033100e-01   2.8850219e+00   0.0000000e+00
   1.1000000e+01   1.0000000e+00   2.4798930e+00   8.2033100e-01   2.8850219e+00   1.0000000e+00
   1.2000000e+01   0.0000000e+00   1.4580790e+00   8.2033100e-01   2.8850219e+00   0.0000000e+00
   1.3000000e+01   0.0000000e+00   5.8121000e-01   8.2033100e-01   2.8850219e+00   1.0000000e+00
   1.4000000e+01   0.0000000e+00   5.5994900e-01   8.2033100e-01   2.8850219e+00   1.0000000e+00
   1.5000000e+01   1.0000000e+00   5.9295800e-01   8.2033100e-01   2.8850219e+00   0.0000000e+00
   1.6000000e+01   0.0000000e+00   1.3156890e+00   8.2033100e-01   2.8850219e+00   1.0000000e+00
   1.7000000e+01   1.0000000e+00   2.0959980e+00   8.2033100e-01   2.8850219e+00   0.0000000e+00
   1.8000000e+01   0.0000000e+00   9.8140900e-01   8.2033100e-01   2.8850219e+00   0.0000000e+00
   1.9000000e+01   1.0000000e+00   4.8009300e-01   8.2033100e-01   2.8850219e+00   1.0000000e+00
   2.0000000e+01   0.0000000e+00   1.2065450e+00   8.2033100e-01   2.8850219e+00   1.0000000e+00
   2.1000000e+01   0.0000000e+00   5.9631500e-01   8.2033100e-01   2.8850219e+00   0.0000000e+00
   2.2000000e+01   0.0000000e+00   1.8759230e+00   8.2033100e-01   2.8850219e+00   0.0000000e+00
   2.3000000e+01   1.0000000e+00   7.4745300e-01   8.2033100e-01   2.8850219e+00   0.0000000e+00
   2.4000000e+01   0.0000000e+00   4.8885300e-01   8.2033100e-01   2.8850219e+00   1.0000000e+00
   2.5000000e+01   0.0000000e+00   7.4380400e-01   8.2033100e-01   2.8850219e+00   0.0000000e+00
   2.6000000e+01   1.0000000e+00   5.5817400e-01   8.2033100e-01   2.8850219e+00   1.0000000e+00
   2.7000000e+01   0.0000000e+00   9.8911200e-01   8.2033100e-01   2.8850219e+00   0.0000000e+00
   2.8000000e+01   1.0000000e+00   5.7904700e-01   8.2033100e-01   2.8850219e+00   0.0000000e+00
   2.9000000e+01   0.0000000e+00   1.5189810e+00   8.2033100e-01   2.8850219e+00   1.0000000e+00
   3.0000000e+01   1.0000000e+00   4.7010200e-01   8.2033100e-01   2.8850219e+00   1.0000000e+00
   3.1000000e+01   0.0000000e+00   1.2831160e+00   8.2033100e-01   2.8850219e+00   1.0000000e+00
   3.2000000e+01   0.0000000e+00   6.1918700e-01   8.2033100e-01   2.8850219e+00   1.0000000e+00
   3.3000000e+01   1.0000000e+00   5.8111400e-01   8.2033100e-01   2.8850219e+00   1.0000000e+00
   3.4000000e+01   0.0000000e+00   5.0447800e-01   8.2033100e-01   2.8850219e+00   0.0000000e+00
   3.5000000e+01   0.0000000e+00   9.7695800e-01   8.2033100e-01   2.8850219e+00   1.0000000e+00
   3.6000000e+01   0.0000000e+00   5.4982200e-01   8.2033100e-01   2.8850219e+00   1.0000000e+00
   3.7000000e+01   0.0000000e+00   1.1269480e+00   8.2033100e-01   2.8850219e+00   1.0000000e+00
   3.8000000e+01   0.0000000e+00   6.2302800e-01   8.2033100e-01   2.8850219e+00   0.0000000e+00
   3.9000000e+01   1.0000000e+00   4.4555400e-01   8.2033100e-01   2.8850219e+00   0.0000000e+00
   4.0000000e+01   0.0000000e+00   4.9668400e-01   8.2033100e-01   2.8850219e+00   0.0000000e+00
   4.1000000e+01   0.0000000e+00   9.1687800e-01   8.2033100e-01   2.8850219e+00   0.0000000e+00
   4.2000000e+01   1.0000000e+00   1.8031940e+00   8.2033100e-01   2.8850219e+00   1.0000000e+00
   4.3000000e+01   0.0000000e+00   5.2776500e-01   8.2033100e-01   2.8850219e+00   1.0000000e+00
   4.4000000e+01   1.0000000e+00   1.0346100e+00   8.2033100e-01   2.8850219e+00   0.0000000e+00
   4.5000000e+01   0.0000000e+00   8.1586200e-01   8.2033100e-01   2.8850219e+00   1.0000000e+00
   4.6000000e+01   0.0000000e+00   7.5418900e-01   8.2033100e-01   2.8850219e+00   1.0000000e+00
   4.7000000e+01   0.0000000e+00   1.2365850e+00   8.2033100e-01   2.8850219e+00   0.0000000e+00
   4.8000000e+01   1.0000000e+00   1.3516360e+00   8.2033100e-01   2.8850219e+00   0.0000000e+00
   4.9000000e+01   0.0000000e+00   6.0064000e-01   8.2033100e-01   2.8850219e+00   1.0000000e+00
   5.0000000e+01   0.0000000e+00   5.2428300e-01   8.2033100e-01   2.8850219e+00   1.0000000e+00
   5.1000000e+01   0.0000000e+00   5.3650500e-01   8.2033100e-01   2.8850219e+00   1.0000000e+00
   5.2000000e+01   1.0000000e+00   6.5509100e-01   8.2033100e-01   2.8850219e+00   1.0000000e+00
   5.3000000e+01   0.0000000e+00   7.4479200e-01   8.2033100e-01   2.8850219e+00   1.0000000e+00
   5.4000000e+01   0.0000000e+00   6.3072700e-01   8.2033100e-01   2.8850219e+00   1.0000000e+00
   5.5000000e+01   0.0000000e+00   4.5503400e-01   8.2033100e-01   2.8850219e+00   1.0000000e+00
   5.6000000e+01   0.0000000e+00   4.6993800e-01   8.2033100e-01   2.8850219e+00   0.0000000e+00
   5.7000000e+01   0.0000000e+00   6.6892400e-01   8.2033100e-01   2.8850219e+00   1.0000000e+00
   5.8000000e+01   1.0000000e+00   5.9964600e-01   8.2033100e-01   2.8850219e+00   0.0000000e+00
   5.9000000e+01   1.0000000e+00   1.5251570e+00   8.2033100e-01   2.8850219e+00   1.0000000e+00
   6.0000000e+01   0.0000000e+00   1.3173570e+00   8.2033100e-01   2.8850219e+00   0.0000000e+00
   6.1000000e+01   0.0000000e+00   6.9065800e-01   8.2033100e-01   2.8850219e+00   0.0000000e+00
   6.2000000e+01   1.0000000e+00   1.7767480e+00   8.2033100e-01   2.8850219e+00   1.0000000e+00
   6.3000000e+01   0.0000000e+00   8.7509700e-01   8.2033100e-01   2.8850219e+00   0.0000000e+00
   6.4000000e+01   1.0000000e+00   2.8406930e+00   8.2033100e-01   2.8850219e+00   0.0000000e+00
   6.5000000e+01   0.0000000e+00   6.8300600e-01   8.2033100e-01   2.8850219e+00   0.0000000e+00
   6.6000000e+01   1.0000000e+00   5.1404900e-01   8.2033100e-01   2.8850219e+00   0.0000000e+00
   6.7000000e+01   0.0000000e+00   5.6606300e-01   8.2033100e-01   2.8850219e+00   0.0000000e+00
   6.8000000e+01   0.0000000e+00   1.1407400e+00   8.2033100e-01   2.8850219e+00   0.0000000e+00
   6.9000000e+01   0.0000000e+00   5.9311600e-01   8.2033100e-01   2.8850219e+00   0.0000000e+00
   7.0000000e+01   0.0000000e+00   7.3703100e-01   8.2033100e-01   2.8850219e+00   0.0000000e+00
   7.1000000e+01   1.0000000e+00   1.4097730e+00   8.2033100e-01   2.8850219e+00   1.0000000e+00
   7.2000000e+01   1.0000000e+00   7.5791300e-01   8.2033100e-01   2.8850219e+00   0.0000000e+00
   7.3000000e+01   0.0000000e+00   6.8337700e-01   8.2033100e-01   2.8850219e+00   1.0000000e+00
   7.4000000e+01   1.0000000e+00   6.0502100e-01   8.2033100e-01   2.8850219e+00   1.0000000e+00
   7.5000000e+01   0.0000000e+00   5.1175200e-01   8.2033100e-01   2.8850219e+00   1.0000000e+00
   7.6000000e+01   0.0000000e+00   1.4157190e+00   8.2033100e-01   2.8850219e+00   1.0000000e+00
   7.7000000e+01   1.0000000e+00   5.6253400e-01   8.2033100e-01   2.8850219e+00   1.0000000e+00
   7.8000000e+01   0.0000000e+00   5.8967600e-01   8.2033100e-01   2.8850219e+00   0.0000000e+00
   7.9000000e+01   0.0000000e+00   9.2202900e-01   8.2033100e-01   2.8850219e+00   1.0000000e+00
   8.0000000e+01   0.0000000e+00   5.3171200e-01   8.2033100e-01   2.8850219e+00   1.0000000e+00
   8.1000000e+01   0.0000000e+00   1.3777330e+00   8.2033100e-01   2.8850219e+00   0.0000000e+00
   8.2000000e+01   1.0000000e+00   5.2933900e-01   8.2033100e-01   2.8850219e+00   0.0000000e+00
   8.3000000e+01   0.0000000e+00   1.7141080e+00   8.2033100e-01   2.8850219e+00   1.0000000e+00
   8.4000000e+01   1.0000000e+00   9.2391100e-01   8.2033100e-01   2.8850219e+00   1.0000000e+00
   8.5000000e+01   1.0000000e+00   8.6494200e-01   8.2033100e-01   2.8850219e+00   0.0000000e+00
   8.6000000e+01   0.0000000e+00   1.0298040e+00   8.2033100e-01   2.8850219e+00   1.0000000e+00
   8.7000000e+01   0.0000000e+00   9.1738400e-01   8.2033100e-01   2.8850219e+00   0.0000000e+00
   8.8000000e+01   0.0000000e+00   6.3713000e-01   8.2033100e-01   2.8850219e+00   0.0000000e+00
   8.9000000e+01   1.0000000e+00   9.8192300e-01   8.2033100e-01   2.8850219e+00   1.0000000e+00
   9.0000000e+01   0.0000000e+00   8.1104700e-01   8.2033100e-01   2.8850219e+00   1.0000000e+00
   9.1000000e+01   0.0000000e+00   9.3789800e-01   8.2033100e-01   2.8850219e+00   0.0000000e+00
   9.2000000e+01   0.0000000e+00   1.3151700e+00   8.2033100e-01   2.8850219e+00   0.0000000e+00
   9.3000000e+01   0.0000000e+00   7.0024900e-01   8.2033100e-01   2.8850219e+00   1.0000000e+00
   9.4000000e+01   0.0000000e+00   8.4847900e-01   8.2033100e-01   2.8850219e+00   0.0000000e+00
   9.5000000e+01   0.0000000e+00   5.0865500e-01   8.2033100e-01   2.8850219e+00   0.0000000e+00
   9.6000000e+01   0.0000000e+00   8.9939900e-01   8.2033100e-01   2.8850219e+00   0.0000000e+00
   9.7000000e+01   0.0000000e+00   8.5073000e-01   8.2033100e-01   2.8850219e+00   0.0000000e+00
   9.8000000e+01   1.0000000e+00   6.9208500e-01   8.2033100e-01   2.8850219e+00   0.0000000e+00
   9.9000000e+01   0.0000000e+00   5.9892300e-01   8.2033100e-01   2.8850219e+00   1.0000000e+00
   1.0000000e+02   0.0000000e+00   5.0894100e-01   8.2033100e-01   2.8850219e+00   0.0000000e+00
   1.0100000e+02   0.0000000e+00   9.3264000e-01   8.2033100e-01   2.8850219e+00   1.0000000e+00
   1.0200000e+02   0.0000000e+00   1.4066850e+00   8.2033100e-01   2.8850219e+00   1.0000000e+00
   1.0300000e+02   1.0000000e+00   4.3671500e-01   8.2033100e-01   2.8850219e+00   0.0000000e+00
   1.0400000e+02   0.0000000e+00   4.6529200e-01   8.2033100e-01   2.8850219e+00   0.0000000e+00
   1.0500000e+02   0.0000000e+00   6.1152600e-01   8.2033100e-01   2.8850219e+00   0.0000000e+00
   1.0600000e+02   1.0000000e+00   6.9156200e-01   8.2033100e-01   2.8850219e+00   1.0000000e+00
   1.0700000e+02   0.0000000e+00   1.6731980e+00   8.2033100e-01   2.8850219e+00   0.0000000e+00
   1.0800000e+02   1.0000000e+00   1.1151810e+00   8.2033100e-01   2.8850219e+00   0.0000000e+00
   1.0900000e+02   0.0000000e+00   1.2667660e+00   8.2033100e-01   2.8850219e+00   1.0000000e+00
   1.1000000e+02   0.0000000e+00   1.5162820e+00   8.2033100e-01   2.8850219e+00   1.0000000e+00
   1.1100000e+02   0.0000000e+00   9.7800000e-01   8.2033100e-01   2.8850219e+00   0.0000000e+00
   1.1200000e+02   1.0000000e+00   5.6524100e-01   8.2033100e-01   2.8850219e+00   1.0000000e+00
   1.1300000e+02   0.0000000e+00   1.0602480e+00   8.2033100e-01   2.8850219e+00   0.0000000e+00
   1.1400000e+02   1.0000000e+00   1.4024990e+00   8.2033100e-01   2.8850219e+00   1.0000000e+00
   1.1500000e+02   0.0000000e+00   1.1473090e+00   8.2033100e-01   2.8850219e+00   1.0000000e+00
   1.1600000e+02   0.0000000e+00   5.6791500e-01   8.2033100e-01   2.8850219e+00   1.0000000e+00
   1.1700000e+02   0.0000000e+00   2.0774520e+00   8.2033100e-01   2.8850219e+00   1.0000000e+00
   1.1800000e+02   0.0000000e+00   1.4699960e+00   8.2033100e-01   2.8850219e+00   0.0000000e+00
   1.1900000e+02   1.0000000e+00   5.0435600e-01   8.2033100e-01   2.8850219e+00   0.0000000e+00
   1.2000000e+02   0.0000000e+00   1.8971420e+00   8.2033100e-01   2.8850219e+00   1.0000000e+00
   1.2100000e+02   0.0000000e+00   1.3432870e+00   8.2033100e-01   2.8850219e+00   1.0000000e+00
   1.2200000e+02   0.0000000e+00   5.5398600e-01   8.2033100e-01   2.8850219e+00   0.0000000e+00
   1.2300000e+02   0.0000000e+00   7.4865500e-01   8.2033100e-01   2.8850219e+00   1.0000000e+00
   1.2400000e+02   0.0000000e+00   7.5398700e-01   8.2033100e-01   2.8850219e+00   0.0000000e+00
   1.2500000e+02   0.0000000e+00   1.7291150e+00   8.2033100e-01   2.8850219e+00   0.0000000e+00
   1.2600000e+02   0.0000000e+00   1.6363290e+00   8.2033100e-01   2.8850219e+00   0.0000000e+00
   1.2700000e+02   1.0000000e+00   7.6634800e-01   8.2033100e-01   2.8850219e+00   1.0000000e+00
   1.2800000e+02   0.0000000e+00   7.5322500e-01   8.2033100e-01   2.8850219e+00   1.0000000e+00
   1.2900000e+02   1.0000000e+00   1.0768430e+00   8.2033100e-01   2.8850219e+00   0.0000000e+00
   1.3000000e+02   0.0000000e+00   7.2621700e-01   8.2033100e-01   2.8850219e+00   1.0000000e+00
   1.3100000e+02   0.0000000e+00   6.0017700e-01   8.2033100e-01   2.8850219e+00   0.0000000e+00
   1.3200000e+02   0.0000000e+00   6.7775400e-01   8.2033100e-01   2.8850219e+00   0.0000000e+00
   1.3300000e+02   0.0000000e+00   4.6857200e-01   8.2033100e-01   2.8850219e+00   1.0000000e+00
   1.3400000e+02   0.0000000e+00   5.5927600e-01   8.2033100e-01   2.8850219e+00   1.0000000e+00
   1.3500000e+02   1.0000000e+00   4.4114500e-01   8.2033100e-01   2.8850219e+00   0.0000000e+00
   1.3600000e+02   1.0000000e+00   8.9454000e-01   8.2033100e-01   2.8850219e+00   1.0000000e+00
