   1.0000000e+00   0.0000000e+00   2.3881960e+00   8.1979700e-01   2.9745499e+00   1.0000000e+00
   2.0000000e+00   0.0000000e+00   4.3670700e-01   8.1979700e-01   2.9745499e+00   0.0000000e+00
   3.0000000e+00   0.0000000e+00   4.8784300e-01   8.1979700e-01   2.9745499e+00   1.0000000e+00
   4.0000000e+00   1.0000000e+00   6.2451500e-01   8.1979700e-01   2.9745499e+00   0.0000000e+00
   5.0000000e+00   0.0000000e+00   1.3767060e+00   8.1979700e-01   2.9745499e+00   1.0000000e+00
   6.0000000e+00   0.0000000e+00   6.8086500e-01   8.1979700e-01   2.9745499e+00   0.0000000e+00
   7.0000000e+00   1.0000000e+00   4.8060300e-01   8.1979700e-01   2.9745499e+00   1.0000000e+00
   8.0000000e+00   0.0000000e+00   8.3688500e-01   8.1979700e-01   2.9745499e+00   0.0000000e+00
   9.0000000e+00   0.0000000e+00   1.4510930e+00   8.1979700e-01   2.9745499e+00   1.0000000e+00
   1.0000000e+01   1.0000000e+00   5.2030000e-01   8.1979700e-01   2.9745499e+00   0.0000000e+00
   1.1000000e+01   0.0000000e+00   7.1918100e-01   8.1979700e-01   2.9745499e+00   1.0000000e+00
   1.2000000e+01   0.0000000e+00   9.4004800e-01   8.1979700e-01   2.9745499e+00   1.0000000e+00
   1.3000000e+01   0.0000000e+00   7.3164800e-01   8.1979700e-01   2.9745499e+00   0.0000000e+00
   1.4000000e+01   0.0000000e+00   1.0053280e+00   8.1979700e-01   2.9745499e+00   0.0000000e+00
   1.5000000e+01   1.0000000e+00   4.5607200e-01   8.1979700e-01   2.9745499e+00   1.0000000e+00
   1.6000000e+01   0.0000000e+00   5.0256100e-01   8.1979700e-01   2.9745499e+00   0.0000000e+00
   1.7000000e+01   1.0000000e+00   4.8042400e-01   8.1979700e-01   2.9745499e+00   1.0000000e+00
   1.8000000e+01   0.0000000e+00   4.6959800e-01   8.1979700e-01   2.9745499e+00   1.0000000e+00
   1.9000000e+01   1.0000000e+00   6.6973700e-01   8.1979700e-01   2.9745499e+00   0.0000000e+00
   2.0000000e+01   0.0000000e+00   4.9702400e-01   8.1979700e-01   2.9745499e+00   1.0000000e+00
   2.1000000e+01   0.0000000e+00   1.6564480e+00   8.1979700e-01   2.9745499e+00   0.0000000e+00
   2.2000000e+01   0.0000000e+00   5.5252100e-01   8.1979700e-01   2.9745499e+00   0.0000000e+00
   2.3000000e+01   0.0000000e+00   5.8163000e-01   8.1979700e-01   2.9745499e+00   1.0000000e+00
   2.4000000e+01   0.0000000e+00   5.0248400e-01   8.1979700e-01   2.9745499e+00   1.0000000e+00
   2.5000000e+01   0.0000000e+00   5.2093300e-01   8.1979700e-01   2.9745499e+00   0.0000000e+00
   2.6000000e+01   1.0000000e+00   5.2721800e-01   8.1979700e-01   2.9745499e+00   1.0000000e+00
   2.7000000e+01   0.0000000e+00   9.4196600e-01   8.1979700e-01   2.9745499e+00   0.0000000e+00
   2.8000000e+01   0.0000000e+00   4.9941900e-01   8.1979700e-01   2.9745499e+00   1.0000000e+00
   2.9000000e+01   0.0000000e+00   6.9123500e-01   8.1979700e-01   2.9745499e+00   0.0000000e+00
   3.0000000e+01   0.0000000e+00   7.3026400e-01   8.1979700e-01   2.9745499e+00   0.0000000e+00
   3.1000000e+01   1.0000000e+00   1.2388790e+00   8.1979700e-01   2.9745499e+00   0.0000000e+00
   3.2000000e+01   0.0000000e+00   4.3851700e-01   8.1979700e-01   2.9745499e+00   1.0000000e+00
   3.3000000e+01   1.0000000e+00   1.2671850e+00   8.1979700e-01   2.9745499e+00   1.0000000e+00
   3.4000000e+01   0.0000000e+00   5.1622900e-01   8.1979700e-01   2.9745499e+00   0.0000000e+00
   3.5000000e+01   0.0000000e+00   5.7152000e-01   8.1979700e-01   2.9745499e+00   1.0000000e+00
   3.6000000e+01   0.0000000e+00   8.3568900e-01   8.1979700e-01   2.9745499e+00   0.0000000e+00
   3.7000000e+01   1.0000000e+00   5.0893400e-01   8.1979700e-01   2.9745499e+00   0.0000000e+00
   3.8000000e+01   0.0000000e+00   2.5078190e+00   8.1979700e-01   2.9745499e+00   1.0000000e+00
   3.9000000e+01   0.0000000e+00   1.1853890e+00   8.1979700e-01   2.9745499e+00   1.0000000e+00
   4.0000000e+01   1.0000000e+00   7.7985200e-01   8.1979700e-01   2.9745499e+00   0.0000000e+00
   4.1000000e+01   0.0000000e+00   4.6477000e-01   8.1979700e-01   2.9745499e+00   1.0000000e+00
   4.2000000e+01   1.0000000e+00   5.2746700e-01   8.1979700e-01   2.9745499e+00   1.0000000e+00
   4.3000000e+01   0.0000000e+00   4.6030100e-01   8.1979700e-01   2.9745499e+00   0.0000000e+00
   4.4000000e+01   0.0000000e+00   5.2435700e-01   8.1979700e-01   2.9745499e+00   1.0000000e+00
   4.5000000e+01   0.0000000e+00   5.3831400e-01   8.1979700e-01   2.9745499e+00   1.0000000e+00
   4.6000000e+01   1.0000000e+00   7.9959600e-01   8.1979700e-01   2.9745499e+00   0.0000000e+00
   4.7000000e+01   0.0000000e+00   1.0843460e+00   8.1979700e-01   2.9745499e+00   1.0000000e+00
   4.8000000e+01   0.0000000e+00   6.8148000e-01   8.1979700e-01   2.9745499e+00   0.0000000e+00
   4.9000000e+01   0.0000000e+00   1.5629860e+00   8.1979700e-01   2.9745499e+00   1.0000000e+00
   5.0000000e+01   1.0000000e+00   1.5194100e+00   8.1979700e-01   2.9745499e+00   1.0000000e+00
   5.1000000e+01   0.0000000e+00   5.2701600e-01   8.1979700e-01   2.9745499e+00   0.0000000e+00
   5.2000000e+01   0.0000000e+00   6.0541800e-01   8.1979700e-01   2.9745499e+00   0.0000000e+00
   5.3000000e+01   0.0000000e+00   4.9167400e-01   8.1979700e-01   2.9745499e+00   1.0000000e+00
   5.4000000e+01   0.0000000e+00   6.5584200e-01   8.1979700e-01   2.9745499e+00   1.0000000e+00
   5.5000000e+01   0.0000000e+00   1.1051810e+00   8.1979700e-01   2.9745499e+00   0.0000000e+00
   5.6000000e+01   0.0000000e+00   5.9615000e-01   8.1979700e-01   2.9745499e+00   0.0000000e+00
   5.7000000e+01   1.0000000e+00   8.0548300e-01   8.1979700e-01   2.9745499e+00   1.0000000e+00
   5.8000000e+01   0.0000000e+00   5.2325100e-01   8.1979700e-01   2.9745499e+00   1.0000000e+00
   5.9000000e+01   1.0000000e+00   4.4066500e-01   8.1979700e-01   2.9745499e+00   0.0000000e+00
   6.0000000e+01   0.0000000e+00   1.5660670e+00   8.1979700e-01   2.9745499e+00   1.0000000e+00
   6.1000000e+01   0.0000000e+00   4.4094900e-01   8.1979700e-01   2.9745499e+00   1.0000000e+00
   6.2000000e+01   1.0000000e+00   1.3165230e+00   8.1979700e-01   2.9745499e+00   1.0000000e+00
   6.3000000e+01   0.0000000e+00   1.2757900e+00   8.1979700e-01   2.9745499e+00   0.0000000e+00
   6.4000000e+01   1.0000000e+00   9.2442600e-01   8.1979700e-01   2.9745499e+00   0.0000000e+00
   6.5000000e+01   0.0000000e+00   4.6600800e-01   8.1979700e-01   2.9745499e+00   0.0000000e+00
   6.6000000e+01   1.0000000e+00   9.6064600e-01   8.1979700e-01   2.9745499e+00   0.0000000e+00
   6.7000000e+01   0.0000000e+00   6.7914200e-01   8.1979700e-01   2.9745499e+00   0.0000000e+00
   6.8000000e+01   0.0000000e+00   4.5933400e-01   8.1979700e-01   2.9745499e+00   0.0000000e+00
   6.9000000e+01   1.0000000e+00   2.2039430e+00   8.1979700e-01   2.9745499e+00   1.0000000e+00
   7.0000000e+01   0.0000000e+00   4.3935400e-01   8.1979700e-01   2.9745499e+00   1.0000000e+00
   7.1000000e+01   1.0000000e+00   1.6476380e+00   8.1979700e-01   2.9745499e+00   1.0000000e+00
   7.2000000e+01   1.0000000e+00   1.1526360e+00   8.1979700e-01   2.9745499e+00   0.0000000e+00
   7.3000000e+01   0.0000000e+00   5.9360700e-01   8.1979700e-01   2.9745499e+00   1.0000000e+00
   7.4000000e+01   1.0000000e+00   4.8318800e-01   8.1979700e-01   2.9745499e+00   1.0000000e+00
   7.5000000e+01   0.0000000e+00   4.5004300e-01   8.1979700e-01   2.9745499e+00   1.0000000e+00
   7.6000000e+01   0.0000000e+00   1.0541140e+00   8.1979700e-01   2.9745499e+00   0.0000000e+00
   7.7000000e+01   0.0000000e+00   5.9651200e-01   8.1979700e-01   2.9745499e+00   1.0000000e+00
   7.8000000e+01   0.0000000e+00   2.0326460e+00   8.1979700e-01   2.9745499e+00   1.0000000e+00
   7.9000000e+01   0.0000000e+00   1.2070940e+00   8.1979700e-01   2.9745499e+00   0.0000000e+00
   8.0000000e+01   0.0000000e+00   5.3452400e-01   8.1979700e-01   2.9745499e+00   0.0000000e+00
   8.1000000e+01   0.0000000e+00   1.5204630e+00   8.1979700e-01   2.9745499e+00   1.0000000e+00
   8.2000000e+01   0.0000000e+00   9.7009400e-01   8.1979700e-01   2.9745499e+00   1.0000000e+00
   8.3000000e+01   1.0000000e+00   1.1678900e+00   8.1979700e-01   2.9745499e+00   0.0000000e+00
   8.4000000e+01   0.0000000e+00   1.3222770e+00   8.1979700e-01   2.9745499e+00   0.0000000e+00
   8.5000000e+01   0.0000000e+00   5.2542900e-01   8.1979700e-01   2.9745499e+00   1.0000000e+00
   8.6000000e+01   0.0000000e+00   4.3540800e-01   8.1979700e-01   2.9745499e+00   0.0000000e+00
   8.7000000e+01   1.0000000e+00   6.2148300e-01   8.1979700e-01   2.9745499e+00   0.0000000e+00
   8.8000000e+01   1.0000000e+00   5.3144600e-01   8.1979700e-01   2.9745499e+00   1.0000000e+00
   8.9000000e+01   0.0000000e+00   5.4419400e-01   8.1979700e-01   2.9745499e+00   1.0000000e+00
   9.0000000e+01   0.0000000e+00   1.3253330e+00   8.1979700e-01   2.9745499e+00   1.0000000e+00
   9.1000000e+01   1.0000000e+00   5.2645300e-01   8.1979700e-01   2.9745499e+00   0.0000000e+00
   9.2000000e+01   0.0000000e+00   2.8993750e+00   8.1979700e-01   2.9745499e+00   1.0000000e+00
   9.3000000e+01   0.0000000e+00   1.0344480e+00   8.1979700e-01   2.9745499e+00   0.0000000e+00
   9.4000000e+01   0.0000000e+00   5.4448900e-01   8.1979700e-01   2.9745499e+00   0.0000000e+00
   9.5000000e+01   1.0000000e+00   2.6758120e+00   8.1979700e-01   2.9745499e+00   1.0000000e+00
   9.6000000e+01   0.0000000e+00   2.4733730e+00   8.1979700e-01   2.9745499e+00   0.0000000e+00
   9.7000000e+01   0.0000000e+00   4.7158100e-01   8.1979700e-01   2.9745499e+00   0.0000000e+00
   9.8000000e+01   0.0000000e+00   1.3075350e+00   8.1979700e-01   2.9745499e+00   0.0000000e+00
   9.9000000e+01   0.0000000e+00   1.3555300e+00   8.1979700e-01   2.9745499e+00   1.0000000e+00
   1.0000000e+02   0.0000000e+00   1.0616920e+00   8.1979700e-01   2.9745499e+00   0.0000000e+00
   1.0100000e+02   1.0000000e+00   7.0894600e-01   8.1979700e-01   2.9745499e+00   0.0000000e+00
   1.0200000e+02   0.0000000e+00   1.8333960e+00   8.1979700e-01   2.9745499e+00   0.0000000e+00
   1.0300000e+02   1.0000000e+00   6.3440000e-01   8.1979700e-01   2.9745499e+00   1.0000000e+00
   1.0400000e+02   0.0000000e+00   1.1462560e+00   8.1979700e-01   2.9745499e+00   0.0000000e+00
   1.0500000e+02   0.0000000e+00   4.4871300e-01   8.1979700e-01   2.9745499e+00   1.0000000e+00
   1.0600000e+02   0.0000000e+00   7.3065300e-01   8.1979700e-01   2.9745499e+00   0.0000000e+00
   1.0700000e+02   0.0000000e+00   5.2958200e-01   8.1979700e-01   2.9745499e+00   1.0000000e+00
   1.0800000e+02   0.0000000e+00   9.7156500e-01   8.1979700e-01   2.9745499e+00   1.0000000e+00
   1.0900000e+02   0.0000000e+00   9.6327200e-01   8.1979700e-01   2.9745499e+00   1.0000000e+00
   1.1000000e+02   1.0000000e+00   5.3873400e-01   8.1979700e-01   2.9745499e+00   1.0000000e+00
   1.1100000e+02   0.0000000e+00   4.8603800e-01   8.1979700e-01   2.9745499e+00   1.0000000e+00
   1.1200000e+02   1.0000000e+00   5.9861500e-01   8.1979700e-01   2.9745499e+00   0.0000000e+00
   1.1300000e+02   0.0000000e+00   1.3603960e+00   8.1979700e-01   2.9745499e+00   0.0000000e+00
   1.1400000e+02   0.0000000e+00   1.6131270e+00   8.1979700e-01   2.9745499e+00   0.0000000e+00
   1.1500000e+02   1.0000000e+00   8.3136300e-01   8.1979700e-01   2.9745499e+00   1.0000000e+00
   1.1600000e+02   0.0000000e+00   9.9168200e-01   8.1979700e-01   2.9745499e+00   0.0000000e+00
   1.1700000e+02   0.0000000e+00   6.3013200e-01   8.1979700e-01   2.9745499e+00   0.0000000e+00
   1.1800000e+02   0.0000000e+00   7.5846900e-01   8.1979700e-01   2.9745499e+00   1.0000000e+00
   1.1900000e+02   0.0000000e+00   6.2574200e-01   8.1979700e-01   2.9745499e+00   1.0000000e+00
   1.2000000e+02   0.0000000e+00   1.3613830e+00   8.1979700e-01   2.9745499e+00   1.0000000e+00
   1.2100000e+02   1.0000000e+00   5.8702500e-01   8.1979700e-01   2.9745499e+00   0.0000000e+00
   1.2200000e+02   0.0000000e+00   6.5807100e-01   8.1979700e-01   2.9745499e+00   0.0000000e+00
   1.2300000e+02   1.0000000e+00   6.0648900e-01   8.1979700e-01   2.9745499e+00   0.0000000e+00
   1.2400000e+02   0.0000000e+00   1.4993500e+00   8.1979700e-01   2.9745499e+00   0.0000000e+00
   1.2500000e+02   0.0000000e+00   1.2806310e+00   8.1979700e-01   2.9745499e+00   1.0000000e+00
   1.2600000e+02   1.0000000e+00   6.6948500e-01   8.1979700e-01   2.9745499e+00   1.0000000e+00
   1.2700000e+02   1.0000000e+00   9.2452100e-01   8.1979700e-01   2.9745499e+00   0.0000000e+00
   1.2800000e+02   0.0000000e+00   6.0800900e-01   8.1979700e-01   2.9745499e+00   0.0000000e+00
   1.2900000e+02   0.0000000e+00   3.8693370e+00   8.1979700e-01   2.9745499e+00   0.0000000e+00
   1.3000000e+02   1.0000000e+00   6.5873800e-01   8.1979700e-01   2.9745499e+00   1.0000000e+00
   1.3100000e+02   0.0000000e+00   3.0494640e+00   8.1979700e-01   2.9745499e+00   1.0000000e+00
   1.3200000e+02   0.0000000e+00   7.2777100e-01   8.1979700e-01   2.9745499e+00   0.0000000e+00
   1.3300000e+02   0.0000000e+00   1.6328560e+00   8.1979700e-01   2.9745499e+00   1.0000000e+00
   1.3400000e+02   0.0000000e+00   5.4099900e-01   8.1979700e-01   2.9745499e+00   0.0000000e+00
   1.3500000e+02   1.0000000e+00   4.7773800e-01   8.1979700e-01   2.9745499e+00   1.0000000e+00
   1.3600000e+02   1.0000000e+00   1.0853930e+00   8.1979700e-01   2.9745499e+00   0.0000000e+00
