   1.0000000e+00   0.0000000e+00   2.4622000e+00   8.2249300e-01   2.5375812e+00   1.0000000e+00
   2.0000000e+00   0.0000000e+00   2.0533730e+00   8.2249300e-01   2.5375812e+00   0.0000000e+00
   3.0000000e+00   1.0000000e+00   7.3397100e-01   8.2249300e-01   2.5375812e+00   1.0000000e+00
   4.0000000e+00   0.0000000e+00   8.7389100e-01   8.2249300e-01   2.5375812e+00   0.0000000e+00
   5.0000000e+00   1.0000000e+00   7.3324600e-01   8.2249300e-01   2.5375812e+00   0.0000000e+00
   6.0000000e+00   0.0000000e+00   6.0119900e-01   8.2249300e-01   2.5375812e+00   1.0000000e+00
   7.0000000e+00   1.0000000e+00   1.1885320e+00   8.2249300e-01   2.5375812e+00   1.0000000e+00
   8.0000000e+00   0.0000000e+00   4.9202500e-01   8.2249300e-01   2.5375812e+00   0.0000000e+00
   9.0000000e+00   1.0000000e+00   4.4870400e-01   8.2249300e-01   2.5375812e+00   0.0000000e+00
   1.0000000e+01   0.0000000e+00   5.8253000e-01   8.2249300e-01   2.5375812e+00   0.0000000e+00
   1.1000000e+01   1.0000000e+00   8.5760600e-01   8.2249300e-01   2.5375812e+00   0.0000000e+00
   1.2000000e+01   0.0000000e+00   6.3317200e-01   8.2249300e-01   2.5375812e+00   0.0000000e+00
   1.3000000e+01   0.0000000e+00   1.3782180e+00   8.2249300e-01   2.5375812e+00   1.0000000e+00
   1.4000000e+01   1.0000000e+00   1.6248730e+00   8.2249300e-01   2.5375812e+00   1.0000000e+00
   1.5000000e+01   0.0000000e+00   2.1702130e+00   8.2249300e-01   2.5375812e+00   1.0000000e+00
   1.6000000e+01   0.0000000e+00   4.8272400e-01   8.2249300e-01   2.5375812e+00   1.0000000e+00
   1.7000000e+01   0.0000000e+00   1.3807480e+00   8.2249300e-01   2.5375812e+00   0.0000000e+00
   1.8000000e+01   1.0000000e+00   1.5483370e+00   8.2249300e-01   2.5375812e+00   0.0000000e+00
   1.9000000e+01   0.0000000e+00   7.2147800e-01   8.2249300e-01   2.5375812e+00   0.0000000e+00
   2.0000000e+01   0.0000000e+00   8.7079900e-01   8.2249300e-01   2.5375812e+00   1.0000000e+00
   2.1000000e+01   1.0000000e+00   2.2719250e+00   8.2249300e-01   2.5375812e+00   1.0000000e+00
   2.2000000e+01   1.0000000e+00   6.9372200e-01   8.2249300e-01   2.5375812e+00   0.0000000e+00
   2.3000000e+01   0.0000000e+00   5.0576200e-01   8.2249300e-01   2.5375812e+00   0.0000000e+00
   2.4000000e+01   0.0000000e+00   4.7068200e-01   8.2249300e-01   2.5375812e+00   0.0000000e+00
   2.5000000e+01   0.0000000e+00   8.5446000e-01   8.2249300e-01   2.5375812e+00   0.0000000e+00
   2.6000000e+01   0.0000000e+00   9.4130000e-01   8.2249300e-01   2.5375812e+00   1.0000000e+00
   2.7000000e+01   0.0000000e+00   1.1528780e+00   8.2249300e-01   2.5375812e+00   1.0000000e+00
   2.8000000e+01   0.0000000e+00   1.3348530e+00   8.2249300e-01   2.5375812e+00   1.0000000e+00
   2.9000000e+01   0.0000000e+00   5.8044200e-01   8.2249300e-01   2.5375812e+00   1.0000000e+00
   3.0000000e+01   0.0000000e+00   5.9819500e-01   8.2249300e-01   2.5375812e+00   0.0000000e+00
   3.1000000e+01   0.0000000e+00   1.3527820e+00   8.2249300e-01   2.5375812e+00   1.0000000e+00
   3.2000000e+01   1.0000000e+00   4.7671200e-01   8.2249300e-01   2.5375812e+00   1.0000000e+00
   3.3000000e+01   0.0000000e+00   5.5806300e-01   8.2249300e-01   2.5375812e+00   0.0000000e+00
   3.4000000e+01   0.0000000e+00   8.6452200e-01   8.2249300e-01   2.5375812e+00   1.0000000e+00
   3.5000000e+01   1.0000000e+00   8.1103400e-01   8.2249300e-01   2.5375812e+00   1.0000000e+00
   3.6000000e+01   0.0000000e+00   6.6251100e-01   8.2249300e-01   2.5375812e+00   0.0000000e+00
   3.7000000e+01   1.0000000e+00   9.8171800e-01   8.2249300e-01   2.5375812e+00   0.0000000e+00
   3.8000000e+01   0.0000000e+00   5.5156200e-01   8.2249300e-01   2.5375812e+00   1.0000000e+00
   3.9000000e+01   1.0000000e+00   1.9445090e+00   8.2249300e-01   2.5375812e+00   1.0000000e+00
   4.0000000e+01   0.0000000e+00   1.6549110e+00   8.2249300e-01   2.5375812e+00   1.0000000e+00
   4.1000000e+01   1.0000000e+00   1.6382870e+00   8.2249300e-01   2.5375812e+00   0.0000000e+00
   4.2000000e+01   1.0000000e+00   4.5282300e-01   8.2249300e-01   2.5375812e+00   0.0000000e+00
   4.3000000e+01   0.0000000e+00   8.2502900e-01   8.2249300e-01   2.5375812e+00   1.0000000e+00
   4.4000000e+01   1.0000000e+00   1.4456800e+00   8.2249300e-01   2.5375812e+00   1.0000000e+00
   4.5000000e+01   0.0000000e+00   4.8512200e-01   8.2249300e-01   2.5375812e+00   1.0000000e+00
   4.6000000e+01   0.0000000e+00   6.2730700e-01   8.2249300e-01   2.5375812e+00   1.0000000e+00
   4.7000000e+01   1.0000000e+00   2.9047380e+00   8.2249300e-01   2.5375812e+00   0.0000000e+00
   4.8000000e+01   0.0000000e+00   1.2428330e+00   8.2249300e-01   2.5375812e+00   1.0000000e+00
   4.9000000e+01   0.0000000e+00   8.0404800e-01   8.2249300e-01   2.5375812e+00   0.0000000e+00
   5.0000000e+01   0.0000000e+00   4.7251500e-01   8.2249300e-01   2.5375812e+00   0.0000000e+00
   5.1000000e+01   0.0000000e+00   7.5773500e-01   8.2249300e-01   2.5375812e+00   1.0000000e+00
   5.2000000e+01   0.0000000e+00   7.1222300e-01   8.2249300e-01   2.5375812e+00   0.0000000e+00
   5.3000000e+01   0.0000000e+00   8.8524300e-01   8.2249300e-01   2.5375812e+00   0.0000000e+00
   5.4000000e+01   1.0000000e+00   5.8010000e-01   8.2249300e-01   2.5375812e+00   1.0000000e+00
   5.5000000e+01   0.0000000e+00   7.3323600e-01   8.2249300e-01   2.5375812e+00   1.0000000e+00
   5.6000000e+01   0.0000000e+00   1.6431000e+00   8.2249300e-01   2.5375812e+00   0.0000000e+00
   5.7000000e+01   1.0000000e+00   4.9743000e-01   8.2249300e-01   2.5375812e+00   1.0000000e+00
   5.8000000e+01   0.0000000e+00   2.2206850e+00   8.2249300e-01   2.5375812e+00   0.0000000e+00
   5.9000000e+01   0.0000000e+00   1.1273830e+00   8.2249300e-01   2.5375812e+00   0.0000000e+00
   6.0000000e+01   0.0000000e+00   4.5610700e-01   8.2249300e-01   2.5375812e+00   1.0000000e+00
   6.1000000e+01   0.0000000e+00   4.6955900e-01   8.2249300e-01   2.5375812e+00   1.0000000e+00
   6.2000000e+01   0.0000000e+00   4.9799100e-01   8.2249300e-01   2.5375812e+00   1.0000000e+00
   6.3000000e+01   1.0000000e+00   1.1237950e+00   8.2249300e-01   2.5375812e+00   0.0000000e+00
   6.4000000e+01   1.0000000e+00   4.8462400e-01   8.2249300e-01   2.5375812e+00   0.0000000e+00
   6.5000000e+01   0.0000000e+00   5.0643500e-01   8.2249300e-01   2.5375812e+00   0.0000000e+00
   6.6000000e+01   0.0000000e+00   1.8111670e+00   8.2249300e-01   2.5375812e+00   0.0000000e+00
   6.7000000e+01   0.0000000e+00   1.7468870e+00   8.2249300e-01   2.5375812e+00   0.0000000e+00
   6.8000000e+01   0.0000000e+00   4.9526800e-01   8.2249300e-01   2.5375812e+00   1.0000000e+00
   6.9000000e+01   1.0000000e+00   4.9859600e-01   8.2249300e-01   2.5375812e+00   1.0000000e+00
   7.0000000e+01   0.0000000e+00   5.0411000e-01   8.2249300e-01   2.5375812e+00   0.0000000e+00
   7.1000000e+01   1.0000000e+00   5.5194900e-01   8.2249300e-01   2.5375812e+00   0.0000000e+00
   7.2000000e+01   0.0000000e+00   4.7097800e-01   8.2249300e-01   2.5375812e+00   0.0000000e+00
   7.3000000e+01   0.0000000e+00   6.6943300e-01   8.2249300e-01   2.5375812e+00   1.0000000e+00
   7.4000000e+01   0.0000000e+00   1.0941250e+00   8.2249300e-01   2.5375812e+00   1.0000000e+00
   7.5000000e+01   1.0000000e+00   7.5784800e-01   8.2249300e-01   2.5375812e+00   1.0000000e+00
   7.6000000e+01   0.0000000e+00   1.0355740e+00   8.2249300e-01   2.5375812e+00   0.0000000e+00
   7.7000000e+01   0.0000000e+00   7.4785000e-01   8.2249300e-01   2.5375812e+00   1.0000000e+00
   7.8000000e+01   0.0000000e+00   7.5653500e-01   8.2249300e-01   2.5375812e+00   0.0000000e+00
   7.9000000e+01   1.0000000e+00   4.9205100e-01   8.2249300e-01   2.5375812e+00   1.0000000e+00
   8.0000000e+01   0.0000000e+00   1.2370610e+00   8.2249300e-01   2.5375812e+00   1.0000000e+00
   8.1000000e+01   1.0000000e+00   4.3899100e-01   8.2249300e-01   2.5375812e+00   0.0000000e+00
   8.2000000e+01   0.0000000e+00   8.8428900e-01   8.2249300e-01   2.5375812e+00   0.0000000e+00
   8.3000000e+01   0.0000000e+00   1.1219880e+00   8.2249300e-01   2.5375812e+00   0.0000000e+00
   8.4000000e+01   0.0000000e+00   1.1337330e+00   8.2249300e-01   2.5375812e+00   1.0000000e+00
   8.5000000e+01   1.0000000e+00   5.3682100e-01   8.2249300e-01   2.5375812e+00   1.0000000e+00
   8.6000000e+01   0.0000000e+00   5.9967500e-01   8.2249300e-01   2.5375812e+00   1.0000000e+00
   8.7000000e+01   0.0000000e+00   5.5162900e-01   8.2249300e-01   2.5375812e+00   1.0000000e+00
   8.8000000e+01   0.0000000e+00   6.2209000e-01   8.2249300e-01   2.5375812e+00   0.0000000e+00
   8.9000000e+01   1.0000000e+00   1.4127190e+00   8.2249300e-01   2.5375812e+00   0.0000000e+00
   9.0000000e+01   0.0000000e+00   1.4401720e+00   8.2249300e-01   2.5375812e+00   1.0000000e+00
   9.1000000e+01   0.0000000e+00   5.2001000e-01   8.2249300e-01   2.5375812e+00   0.0000000e+00
   9.2000000e+01   1.0000000e+00   1.3365530e+00   8.2249300e-01   2.5375812e+00   1.0000000e+00
   9.3000000e+01   0.0000000e+00   1.3101600e+00   8.2249300e-01   2.5375812e+00   0.0000000e+00
   9.4000000e+01   0.0000000e+00   1.3173330e+00   8.2249300e-01   2.5375812e+00   0.0000000e+00
   9.5000000e+01   0.0000000e+00   7.7113000e-01   8.2249300e-01   2.5375812e+00   0.0000000e+00
   9.6000000e+01   0.0000000e+00   7.3221500e-01   8.2249300e-01   2.5375812e+00   1.0000000e+00
   9.7000000e+01   0.0000000e+00   9.3202800e-01   8.2249300e-01   2.5375812e+00   1.0000000e+00
   9.8000000e+01   0.0000000e+00   7.0756900e-01   8.2249300e-01   2.5375812e+00   0.0000000e+00
   9.9000000e+01   0.0000000e+00   4.4181500e-01   8.2249300e-01   2.5375812e+00   1.0000000e+00
   1.0000000e+02   1.0000000e+00   6.5759800e-01   8.2249300e-01   2.5375812e+00   0.0000000e+00
   1.0100000e+02   0.0000000e+00   6.2382700e-01   8.2249300e-01   2.5375812e+00   1.0000000e+00
   1.0200000e+02   0.0000000e+00   1.2326070e+00   8.2249300e-01   2.5375812e+00   0.0000000e+00
   1.0300000e+02   0.0000000e+00   5.9139600e-01   8.2249300e-01   2.5375812e+00   0.0000000e+00
   1.0400000e+02   1.0000000e+00   1.1319860e+00   8.2249300e-01   2.5375812e+00   0.0000000e+00
   1.0500000e+02   0.0000000e+00   4.7924400e-01   8.2249300e-01   2.5375812e+00   1.0000000e+00
   1.0600000e+02   0.0000000e+00   1.8459100e+00   8.2249300e-01   2.5375812e+00   1.0000000e+00
   1.0700000e+02   0.0000000e+00   1.3566510e+00   8.2249300e-01   2.5375812e+00   0.0000000e+00
   1.0800000e+02   0.0000000e+00   4.7712900e-01   8.2249300e-01   2.5375812e+00   1.0000000e+00
   1.0900000e+02   1.0000000e+00   5.8458500e-01   8.2249300e-01   2.5375812e+00   1.0000000e+00
   1.1000000e+02   0.0000000e+00   1.3658470e+00   8.2249300e-01   2.5375812e+00   0.0000000e+00
   1.1100000e+02   1.0000000e+00   1.2002960e+00   8.2249300e-01   2.5375812e+00   0.0000000e+00
   1.1200000e+02   0.0000000e+00   8.9252200e-01   8.2249300e-01   2.5375812e+00   1.0000000e+00
   1.1300000e+02   1.0000000e+00   6.6931900e-01   8.2249300e-01   2.5375812e+00   1.0000000e+00
   1.1400000e+02   0.0000000e+00   6.5070400e-01   8.2249300e-01   2.5375812e+00   1.0000000e+00
   1.1500000e+02   0.0000000e+00   5.0709800e-01   8.2249300e-01   2.5375812e+00   1.0000000e+00
   1.1600000e+02   0.0000000e+00   1.9779470e+00   8.2249300e-01   2.5375812e+00   1.0000000e+00
   1.1700000e+02   1.0000000e+00   7.7061900e-01   8.2249300e-01   2.5375812e+00   1.0000000e+00
   1.1800000e+02   0.0000000e+00   9.2740100e-01   8.2249300e-01   2.5375812e+00   1.0000000e+00
   1.1900000e+02   0.0000000e+00   5.0738300e-01   8.2249300e-01   2.5375812e+00   0.0000000e+00
   1.2000000e+02   0.0000000e+00   1.1522270e+00   8.2249300e-01   2.5375812e+00   1.0000000e+00
   1.2100000e+02   0.0000000e+00   5.6271200e-01   8.2249300e-01   2.5375812e+00   1.0000000e+00
   1.2200000e+02   0.0000000e+00   1.1744290e+00   8.2249300e-01   2.5375812e+00   1.0000000e+00
   1.2300000e+02   1.0000000e+00   5.9699500e-01   8.2249300e-01   2.5375812e+00   0.0000000e+00
   1.2400000e+02   0.0000000e+00   1.0416890e+00   8.2249300e-01   2.5375812e+00   1.0000000e+00
   1.2500000e+02   0.0000000e+00   1.2917500e+00   8.2249300e-01   2.5375812e+00   0.0000000e+00
   1.2600000e+02   0.0000000e+00   8.1074700e-01   8.2249300e-01   2.5375812e+00   0.0000000e+00
   1.2700000e+02   1.0000000e+00   9.1920900e-01   8.2249300e-01   2.5375812e+00   1.0000000e+00
   1.2800000e+02   0.0000000e+00   1.3122260e+00   8.2249300e-01   2.5375812e+00   0.0000000e+00
   1.2900000e+02   0.0000000e+00   5.9604400e-01   8.2249300e-01   2.5375812e+00   0.0000000e+00
   1.3000000e+02   1.0000000e+00   5.0912500e-01   8.2249300e-01   2.5375812e+00   0.0000000e+00
   1.3100000e+02   0.0000000e+00   6.2284100e-01   8.2249300e-01   2.5375812e+00   0.0000000e+00
   1.3200000e+02   0.0000000e+00   1.1392410e+00   8.2249300e-01   2.5375812e+00   0.0000000e+00
   1.3300000e+02   0.0000000e+00   7.8761400e-01   8.2249300e-01   2.5375812e+00   0.0000000e+00
   1.3400000e+02   0.0000000e+00   5.3617000e-01   8.2249300e-01   2.5375812e+00   0.0000000e+00
   1.3500000e+02   1.0000000e+00   5.1095400e-01   8.2249300e-01   2.5375812e+00   0.0000000e+00
   1.3600000e+02   1.0000000e+00   7.7119400e-01   8.2249300e-01   2.5375812e+00   1.0000000e+00
