   1.0000000e+00   0.0000000e+00   1.4909550e+00   8.2655900e-01   3.2686519e+00   1.0000000e+00
   2.0000000e+00   0.0000000e+00   6.9034600e-01   8.2655900e-01   3.2686519e+00   1.0000000e+00
   3.0000000e+00   0.0000000e+00   5.3021000e-01   8.2655900e-01   3.2686519e+00   0.0000000e+00
   4.0000000e+00   0.0000000e+00   2.4993100e+00   8.2655900e-01   3.2686519e+00   1.0000000e+00
   5.0000000e+00   0.0000000e+00   7.4243300e-01   8.2655900e-01   3.2686519e+00   1.0000000e+00
   6.0000000e+00   1.0000000e+00   4.9925500e-01   8.2655900e-01   3.2686519e+00   0.0000000e+00
   7.0000000e+00   0.0000000e+00   1.1982870e+00   8.2655900e-01   3.2686519e+00   1.0000000e+00
   8.0000000e+00   1.0000000e+00   6.7104000e-01   8.2655900e-01   3.2686519e+00   1.0000000e+00
   9.0000000e+00   0.0000000e+00   4.9214500e-01   8.2655900e-01   3.2686519e+00   0.0000000e+00
   1.0000000e+01   1.0000000e+00   2.3529940e+00   8.2655900e-01   3.2686519e+00   0.0000000e+00
   1.1000000e+01   0.0000000e+00   6.7586600e-01   8.2655900e-01   3.2686519e+00   0.0000000e+00
   1.2000000e+01   0.0000000e+00   8.4356000e-01   8.2655900e-01   3.2686519e+00   0.0000000e+00
   1.3000000e+01   0.0000000e+00   5.1545100e-01   8.2655900e-01   3.2686519e+00   1.0000000e+00
   1.4000000e+01   1.0000000e+00   2.4930980e+00   8.2655900e-01   3.2686519e+00   1.0000000e+00
   1.5000000e+01   0.0000000e+00   7.3589200e-01   8.2655900e-01   3.2686519e+00   0.0000000e+00
   1.6000000e+01   1.0000000e+00   4.9677500e-01   8.2655900e-01   3.2686519e+00   1.0000000e+00
   1.7000000e+01   0.0000000e+00   9.4201900e-01   8.2655900e-01   3.2686519e+00   0.0000000e+00
   1.8000000e+01   0.0000000e+00   9.2233300e-01   8.2655900e-01   3.2686519e+00   0.0000000e+00
   1.9000000e+01   0.0000000e+00   2.2924470e+00   8.2655900e-01   3.2686519e+00   1.0000000e+00
   2.0000000e+01   0.0000000e+00   8.0041600e-01   8.2655900e-01   3.2686519e+00   1.0000000e+00
   2.1000000e+01   1.0000000e+00   4.5106600e-01   8.2655900e-01   3.2686519e+00   0.0000000e+00
   2.2000000e+01   0.0000000e+00   1.1118190e+00   8.2655900e-01   3.2686519e+00   0.0000000e+00
   2.3000000e+01   0.0000000e+00   1.3898830e+00   8.2655900e-01   3.2686519e+00   1.0000000e+00
   2.4000000e+01   1.0000000e+00   4.6090400e-01   8.2655900e-01   3.2686519e+00   1.0000000e+00
   2.5000000e+01   0.0000000e+00   7.7616600e-01   8.2655900e-01   3.2686519e+00   1.0000000e+00
   2.6000000e+01   1.0000000e+00   6.3218700e-01   8.2655900e-01   3.2686519e+00   0.0000000e+00
   2.7000000e+01   0.0000000e+00   1.3909970e+00   8.2655900e-01   3.2686519e+00   1.0000000e+00
   2.8000000e+01   0.0000000e+00   7.3293300e-01   8.2655900e-01   3.2686519e+00   0.0000000e+00
   2.9000000e+01   1.0000000e+00   6.7647600e-01   8.2655900e-01   3.2686519e+00   1.0000000e+00
   3.0000000e+01   1.0000000e+00   1.0437650e+00   8.2655900e-01   3.2686519e+00   0.0000000e+00
   3.1000000e+01   0.0000000e+00   1.7720930e+00   8.2655900e-01   3.2686519e+00   0.0000000e+00
   3.2000000e+01   0.0000000e+00   5.2538500e-01   8.2655900e-01   3.2686519e+00   0.0000000e+00
   3.3000000e+01   0.0000000e+00   9.7724500e-01   8.2655900e-01   3.2686519e+00   1.0000000e+00
   3.4000000e+01   0.0000000e+00   7.9979700e-01   8.2655900e-01   3.2686519e+00   0.0000000e+00
   3.5000000e+01   0.0000000e+00   8.3965900e-01   8.2655900e-01   3.2686519e+00   0.0000000e+00
   3.6000000e+01   1.0000000e+00   1.0058890e+00   8.2655900e-01   3.2686519e+00   0.0000000e+00
   3.7000000e+01   0.0000000e+00   5.1413200e-01   8.2655900e-01   3.2686519e+00   0.0000000e+00
   3.8000000e+01   1.0000000e+00   6.1689900e-01   8.2655900e-01   3.2686519e+00   1.0000000e+00
   3.9000000e+01   0.0000000e+00   9.2855100e-01   8.2655900e-01   3.2686519e+00   0.0000000e+00
   4.0000000e+01   1.0000000e+00   1.0908550e+00   8.2655900e-01   3.2686519e+00   0.0000000e+00
   4.1000000e+01   0.0000000e+00   7.5972400e-01   8.2655900e-01   3.2686519e+00   0.0000000e+00
   4.2000000e+01   0.0000000e+00   4.7561000e-01   8.2655900e-01   3.2686519e+00   0.0000000e+00
   4.3000000e+01   1.0000000e+00   2.7903410e+00   8.2655900e-01   3.2686519e+00   1.0000000e+00
   4.4000000e+01   0.0000000e+00   1.5926870e+00   8.2655900e-01   3.2686519e+00   0.0000000e+00
   4.5000000e+01   0.0000000e+00   5.9207000e-01   8.2655900e-01   3.2686519e+00   1.0000000e+00
   4.6000000e+01   0.0000000e+00   5.2598200e-01   8.2655900e-01   3.2686519e+00   1.0000000e+00
   4.7000000e+01   0.0000000e+00   4.9674000e-01   8.2655900e-01   3.2686519e+00   1.0000000e+00
   4.8000000e+01   1.0000000e+00   6.0383000e-01   8.2655900e-01   3.2686519e+00   1.0000000e+00
   4.9000000e+01   0.0000000e+00   4.7729700e-01   8.2655900e-01   3.2686519e+00   0.0000000e+00
   5.0000000e+01   0.0000000e+00   5.9957600e-01   8.2655900e-01   3.2686519e+00   0.0000000e+00
   5.1000000e+01   0.0000000e+00   4.9464500e-01   8.2655900e-01   3.2686519e+00   1.0000000e+00
   5.2000000e+01   1.0000000e+00   9.2602100e-01   8.2655900e-01   3.2686519e+00   0.0000000e+00
   5.3000000e+01   0.0000000e+00   6.7153300e-01   8.2655900e-01   3.2686519e+00   1.0000000e+00
   5.4000000e+01   0.0000000e+00   1.0301980e+00   8.2655900e-01   3.2686519e+00   0.0000000e+00
   5.5000000e+01   0.0000000e+00   1.3358330e+00   8.2655900e-01   3.2686519e+00   1.0000000e+00
   5.6000000e+01   0.0000000e+00   5.6095400e-01   8.2655900e-01   3.2686519e+00   0.0000000e+00
   5.7000000e+01   1.0000000e+00   5.4377500e-01   8.2655900e-01   3.2686519e+00   1.0000000e+00
   5.8000000e+01   0.0000000e+00   1.8675060e+00   8.2655900e-01   3.2686519e+00   1.0000000e+00
   5.9000000e+01   1.0000000e+00   5.8496700e-01   8.2655900e-01   3.2686519e+00   0.0000000e+00
   6.0000000e+01   0.0000000e+00   1.0290770e+00   8.2655900e-01   3.2686519e+00   0.0000000e+00
   6.1000000e+01   0.0000000e+00   9.7521200e-01   8.2655900e-01   3.2686519e+00   0.0000000e+00
   6.2000000e+01   0.0000000e+00   7.5318500e-01   8.2655900e-01   3.2686519e+00   1.0000000e+00
   6.3000000e+01   0.0000000e+00   1.4921490e+00   8.2655900e-01   3.2686519e+00   1.0000000e+00
   6.4000000e+01   1.0000000e+00   5.0335400e-01   8.2655900e-01   3.2686519e+00   0.0000000e+00
   6.5000000e+01   1.0000000e+00   6.5973500e-01   8.2655900e-01   3.2686519e+00   1.0000000e+00
   6.6000000e+01   0.0000000e+00   4.4573500e-01   8.2655900e-01   3.2686519e+00   1.0000000e+00
   6.7000000e+01   0.0000000e+00   7.3984700e-01   8.2655900e-01   3.2686519e+00   1.0000000e+00
   6.8000000e+01   0.0000000e+00   1.2112130e+00   8.2655900e-01   3.2686519e+00   1.0000000e+00
   6.9000000e+01   1.0000000e+00   6.8300000e-01   8.2655900e-01   3.2686519e+00   1.0000000e+00
   7.0000000e+01   0.0000000e+00   9.3837600e-01   8.2655900e-01   3.2686519e+00   0.0000000e+00
   7.1000000e+01   0.0000000e+00   9.0309200e-01   8.2655900e-01   3.2686519e+00   1.0000000e+00
   7.2000000e+01   0.0000000e+00   4.4463000e-01   8.2655900e-01   3.2686519e+00   1.0000000e+00
   7.3000000e+01   1.0000000e+00   1.9004030e+00   8.2655900e-01   3.2686519e+00   0.0000000e+00
   7.4000000e+01   0.0000000e+00   2.3733770e+00   8.2655900e-01   3.2686519e+00   0.0000000e+00
   7.5000000e+01   0.0000000e+00   4.7591200e-01   8.2655900e-01   3.2686519e+00   1.0000000e+00
   7.6000000e+01   1.0000000e+00   6.3023800e-01   8.2655900e-01   3.2686519e+00   1.0000000e+00
   7.7000000e+01   0.0000000e+00   2.6523090e+00   8.2655900e-01   3.2686519e+00   0.0000000e+00
   7.8000000e+01   0.0000000e+00   8.8358900e-01   8.2655900e-01   3.2686519e+00   0.0000000e+00
   7.9000000e+01   1.0000000e+00   7.0467100e-01   8.2655900e-01   3.2686519e+00   0.0000000e+00
   8.0000000e+01   0.0000000e+00   6.8421300e-01   8.2655900e-01   3.2686519e+00   1.0000000e+00
   8.1000000e+01   1.0000000e+00   7.2818400e-01   8.2655900e-01   3.2686519e+00   0.0000000e+00
   8.2000000e+01   0.0000000e+00   1.0193990e+00   8.2655900e-01   3.2686519e+00   0.0000000e+00
   8.3000000e+01   0.0000000e+00   1.0553110e+00   8.2655900e-01   3.2686519e+00   0.0000000e+00
   8.4000000e+01   0.0000000e+00   4.8429700e-01   8.2655900e-01   3.2686519e+00   0.0000000e+00
   8.5000000e+01   0.0000000e+00   2.3921000e+00   8.2655900e-01   3.2686519e+00   1.0000000e+00
   8.6000000e+01   1.0000000e+00   5.0838100e-01   8.2655900e-01   3.2686519e+00   1.0000000e+00
   8.7000000e+01   0.0000000e+00   5.2819800e-01   8.2655900e-01   3.2686519e+00   0.0000000e+00
   8.8000000e+01   1.0000000e+00   5.6815900e-01   8.2655900e-01   3.2686519e+00   0.0000000e+00
   8.9000000e+01   0.0000000e+00   1.5864670e+00   8.2655900e-01   3.2686519e+00   1.0000000e+00
   9.0000000e+01   0.0000000e+00   8.9642600e-01   8.2655900e-01   3.2686519e+00   0.0000000e+00
   9.1000000e+01   1.0000000e+00   1.3915650e+00   8.2655900e-01   3.2686519e+00   1.0000000e+00
   9.2000000e+01   0.0000000e+00   8.9933500e-01   8.2655900e-01   3.2686519e+00   1.0000000e+00
   9.3000000e+01   0.0000000e+00   7.3126200e-01   8.2655900e-01   3.2686519e+00   1.0000000e+00
   9.4000000e+01   1.0000000e+00   5.9454400e-01   8.2655900e-01   3.2686519e+00   0.0000000e+00
   9.5000000e+01   0.0000000e+00   6.3179300e-01   8.2655900e-01   3.2686519e+00   0.0000000e+00
   9.6000000e+01   0.0000000e+00   9.9481200e-01   8.2655900e-01   3.2686519e+00   1.0000000e+00
   9.7000000e+01   0.0000000e+00   5.2406200e-01   8.2655900e-01   3.2686519e+00   1.0000000e+00
   9.8000000e+01   0.0000000e+00   6.0810000e-01   8.2655900e-01   3.2686519e+00   0.0000000e+00
   9.9000000e+01   0.0000000e+00   7.9329400e-01   8.2655900e-01   3.2686519e+00   1.0000000e+00
   1.0000000e+02   1.0000000e+00   6.7426800e-01   8.2655900e-01   3.2686519e+00   1.0000000e+00
   1.0100000e+02   0.0000000e+00   7.9128700e-01   8.2655900e-01   3.2686519e+00   1.0000000e+00
   1.0200000e+02   0.0000000e+00   6.6209400e-01   8.2655900e-01   3.2686519e+00   0.0000000e+00
   1.0300000e+02   0.0000000e+00   1.3559460e+00   8.2655900e-01   3.2686519e+00   0.0000000e+00
   1.0400000e+02   1.0000000e+00   9.1268100e-01   8.2655900e-01   3.2686519e+00   1.0000000e+00
   1.0500000e+02   0.0000000e+00   8.5252300e-01   8.2655900e-01   3.2686519e+00   1.0000000e+00
   1.0600000e+02   1.0000000e+00   1.3075680e+00   8.2655900e-01   3.2686519e+00   0.0000000e+00
   1.0700000e+02   0.0000000e+00   9.9042000e-01   8.2655900e-01   3.2686519e+00   0.0000000e+00
   1.0800000e+02   0.0000000e+00   4.4187900e-01   8.2655900e-01   3.2686519e+00   1.0000000e+00
   1.0900000e+02   0.0000000e+00   1.0920020e+00   8.2655900e-01   3.2686519e+00   1.0000000e+00
   1.1000000e+02   0.0000000e+00   5.9899500e-01   8.2655900e-01   3.2686519e+00   1.0000000e+00
   1.1100000e+02   0.0000000e+00   5.2179600e-01   8.2655900e-01   3.2686519e+00   1.0000000e+00
   1.1200000e+02   0.0000000e+00   2.6597310e+00   8.2655900e-01   3.2686519e+00   1.0000000e+00
   1.1300000e+02   0.0000000e+00   6.7231400e-01   8.2655900e-01   3.2686519e+00   0.0000000e+00
   1.1400000e+02   0.0000000e+00   5.9743400e-01   8.2655900e-01   3.2686519e+00   0.0000000e+00
   1.1500000e+02   0.0000000e+00   1.0370450e+00   8.2655900e-01   3.2686519e+00   1.0000000e+00
   1.1600000e+02   1.0000000e+00   1.1229770e+00   8.2655900e-01   3.2686519e+00   1.0000000e+00
   1.1700000e+02   0.0000000e+00   4.4521800e-01   8.2655900e-01   3.2686519e+00   1.0000000e+00
   1.1800000e+02   0.0000000e+00   1.5313500e+00   8.2655900e-01   3.2686519e+00   0.0000000e+00
   1.1900000e+02   0.0000000e+00   1.1935600e+00   8.2655900e-01   3.2686519e+00   0.0000000e+00
   1.2000000e+02   0.0000000e+00   4.6755800e-01   8.2655900e-01   3.2686519e+00   1.0000000e+00
   1.2100000e+02   0.0000000e+00   4.7209400e-01   8.2655900e-01   3.2686519e+00   1.0000000e+00
   1.2200000e+02   1.0000000e+00   8.2441800e-01   8.2655900e-01   3.2686519e+00   0.0000000e+00
   1.2300000e+02   1.0000000e+00   7.6954800e-01   8.2655900e-01   3.2686519e+00   0.0000000e+00
   1.2400000e+02   0.0000000e+00   5.3760500e-01   8.2655900e-01   3.2686519e+00   0.0000000e+00
   1.2500000e+02   1.0000000e+00   5.1114300e-01   8.2655900e-01   3.2686519e+00   1.0000000e+00
   1.2600000e+02   0.0000000e+00   8.9041500e-01   8.2655900e-01   3.2686519e+00   0.0000000e+00
   1.2700000e+02   1.0000000e+00   5.6021500e-01   8.2655900e-01   3.2686519e+00   0.0000000e+00
   1.2800000e+02   0.0000000e+00   7.7211300e-01   8.2655900e-01   3.2686519e+00   0.0000000e+00
   1.2900000e+02   0.0000000e+00   5.7840900e-01   8.2655900e-01   3.2686519e+00   1.0000000e+00
   1.3000000e+02   1.0000000e+00   1.0015850e+00   8.2655900e-01   3.2686519e+00   1.0000000e+00
   1.3100000e+02   0.0000000e+00   1.1892610e+00   8.2655900e-01   3.2686519e+00   0.0000000e+00
   1.3200000e+02   0.0000000e+00   1.8181440e+00   8.2655900e-01   3.2686519e+00   1.0000000e+00
   1.3300000e+02   0.0000000e+00   7.2883000e-01   8.2655900e-01   3.2686519e+00   0.0000000e+00
   1.3400000e+02   0.0000000e+00   8.5901700e-01   8.2655900e-01   3.2686519e+00   0.0000000e+00
   1.3500000e+02   1.0000000e+00   6.7690900e-01   8.2655900e-01   3.2686519e+00   1.0000000e+00
   1.3600000e+02   1.0000000e+00   4.7181600e-01   8.2655900e-01   3.2686519e+00   0.0000000e+00
