   1.0000000e+00   0.0000000e+00   8.0250800e-01   8.2601800e-01   2.8258078e+00   1.0000000e+00
   2.0000000e+00   0.0000000e+00   5.6526500e-01   8.2601800e-01   2.8258078e+00   1.0000000e+00
   3.0000000e+00   1.0000000e+00   6.4547000e-01   8.2601800e-01   2.8258078e+00   1.0000000e+00
   4.0000000e+00   0.0000000e+00   4.4881800e-01   8.2601800e-01   2.8258078e+00   1.0000000e+00
   5.0000000e+00   0.0000000e+00   5.0152200e-01   8.2601800e-01   2.8258078e+00   0.0000000e+00
   6.0000000e+00   0.0000000e+00   1.0033250e+00   8.2601800e-01   2.8258078e+00   0.0000000e+00
   7.0000000e+00   0.0000000e+00   6.5081500e-01   8.2601800e-01   2.8258078e+00   1.0000000e+00
   8.0000000e+00   0.0000000e+00   5.7635000e-01   8.2601800e-01   2.8258078e+00   1.0000000e+00
   9.0000000e+00   1.0000000e+00   4.4556300e-01   8.2601800e-01   2.8258078e+00   0.0000000e+00
   1.0000000e+01   0.0000000e+00   7.4893400e-01   8.2601800e-01   2.8258078e+00   1.0000000e+00
   1.1000000e+01   0.0000000e+00   9.3880500e-01   8.2601800e-01   2.8258078e+00   1.0000000e+00
   1.2000000e+01   0.0000000e+00   1.5507830e+00   8.2601800e-01   2.8258078e+00   1.0000000e+00
   1.3000000e+01   0.0000000e+00   4.7110900e-01   8.2601800e-01   2.8258078e+00   1.0000000e+00
   1.4000000e+01   0.0000000e+00   6.6740100e-01   8.2601800e-01   2.8258078e+00   0.0000000e+00
   1.5000000e+01   1.0000000e+00   1.0692800e+00   8.2601800e-01   2.8258078e+00   1.0000000e+00
   1.6000000e+01   0.0000000e+00   4.4692700e-01   8.2601800e-01   2.8258078e+00   1.0000000e+00
   1.7000000e+01   1.0000000e+00   4.8591600e-01   8.2601800e-01   2.8258078e+00   0.0000000e+00
   1.8000000e+01   0.0000000e+00   1.0760220e+00   8.2601800e-01   2.8258078e+00   0.0000000e+00
   1.9000000e+01   0.0000000e+00   1.2096180e+00   8.2601800e-01   2.8258078e+00   1.0000000e+00
   2.0000000e+01   1.0000000e+00   1.0309930e+00   8.2601800e-01   2.8258078e+00   0.0000000e+00
   2.1000000e+01   0.0000000e+00   4.7202900e-01   8.2601800e-01   2.8258078e+00   1.0000000e+00
   2.2000000e+01   1.0000000e+00   1.0156860e+00   8.2601800e-01   2.8258078e+00   1.0000000e+00
   2.3000000e+01   0.0000000e+00   5.3669000e-01   8.2601800e-01   2.8258078e+00   0.0000000e+00
   2.4000000e+01   1.0000000e+00   6.3494900e-01   8.2601800e-01   2.8258078e+00   0.0000000e+00
   2.5000000e+01   1.0000000e+00   5.1537200e-01   8.2601800e-01   2.8258078e+00   1.0000000e+00
   2.6000000e+01   0.0000000e+00   4.5086100e-01   8.2601800e-01   2.8258078e+00   0.0000000e+00
   2.7000000e+01   0.0000000e+00   1.3810870e+00   8.2601800e-01   2.8258078e+00   0.0000000e+00
   2.8000000e+01   0.0000000e+00   5.5808300e-01   8.2601800e-01   2.8258078e+00   1.0000000e+00
   2.9000000e+01   0.0000000e+00   5.3181800e-01   8.2601800e-01   2.8258078e+00   0.0000000e+00
   3.0000000e+01   0.0000000e+00   4.4493200e-01   8.2601800e-01   2.8258078e+00   0.0000000e+00
   3.1000000e+01   0.0000000e+00   1.0966710e+00   8.2601800e-01   2.8258078e+00   0.0000000e+00
   3.2000000e+01   1.0000000e+00   6.1923700e-01   8.2601800e-01   2.8258078e+00   0.0000000e+00
   3.3000000e+01   0.0000000e+00   8.1432900e-01   8.2601800e-01   2.8258078e+00   0.0000000e+00
   3.4000000e+01   0.0000000e+00   4.6451000e-01   8.2601800e-01   2.8258078e+00   0.0000000e+00
   3.5000000e+01   0.0000000e+00   1.0499160e+00   8.2601800e-01   2.8258078e+00   1.0000000e+00
   3.6000000e+01   1.0000000e+00   8.1587700e-01   8.2601800e-01   2.8258078e+00   1.0000000e+00
   3.7000000e+01   0.0000000e+00   1.3608530e+00   8.2601800e-01   2.8258078e+00   1.0000000e+00
   3.8000000e+01   0.0000000e+00   6.8944700e-01   8.2601800e-01   2.8258078e+00   0.0000000e+00
   3.9000000e+01   1.0000000e+00   9.3626700e-01   8.2601800e-01   2.8258078e+00   1.0000000e+00
   4.0000000e+01   0.0000000e+00   9.5150500e-01   8.2601800e-01   2.8258078e+00   1.0000000e+00
   4.1000000e+01   0.0000000e+00   1.2599600e+00   8.2601800e-01   2.8258078e+00   1.0000000e+00
   4.2000000e+01   0.0000000e+00   4.9370500e-01   8.2601800e-01   2.8258078e+00   0.0000000e+00
   4.3000000e+01   0.0000000e+00   4.7029600e-01   8.2601800e-01   2.8258078e+00   1.0000000e+00
   4.4000000e+01   1.0000000e+00   8.3919800e-01   8.2601800e-01   2.8258078e+00   0.0000000e+00
   4.5000000e+01   0.0000000e+00   9.1273900e-01   8.2601800e-01   2.8258078e+00   0.0000000e+00
   4.6000000e+01   0.0000000e+00   1.8787040e+00   8.2601800e-01   2.8258078e+00   0.0000000e+00
   4.7000000e+01   0.0000000e+00   6.2396000e-01   8.2601800e-01   2.8258078e+00   1.0000000e+00
   4.8000000e+01   0.0000000e+00   8.9778200e-01   8.2601800e-01   2.8258078e+00   0.0000000e+00
   4.9000000e+01   1.0000000e+00   6.6711600e-01   8.2601800e-01   2.8258078e+00   1.0000000e+00
   5.0000000e+01   0.0000000e+00   5.3575400e-01   8.2601800e-01   2.8258078e+00   0.0000000e+00
   5.1000000e+01   0.0000000e+00   8.2465200e-01   8.2601800e-01   2.8258078e+00   0.0000000e+00
   5.2000000e+01   1.0000000e+00   8.0550000e-01   8.2601800e-01   2.8258078e+00   0.0000000e+00
   5.3000000e+01   0.0000000e+00   5.5836300e-01   8.2601800e-01   2.8258078e+00   1.0000000e+00
   5.4000000e+01   1.0000000e+00   7.1241500e-01   8.2601800e-01   2.8258078e+00   0.0000000e+00
   5.5000000e+01   0.0000000e+00   7.8159700e-01   8.2601800e-01   2.8258078e+00   0.0000000e+00
   5.6000000e+01   1.0000000e+00   4.4203100e-01   8.2601800e-01   2.8258078e+00   1.0000000e+00
   5.7000000e+01   0.0000000e+00   5.2682800e-01   8.2601800e-01   2.8258078e+00   1.0000000e+00
   5.8000000e+01   0.0000000e+00   4.9684800e-01   8.2601800e-01   2.8258078e+00   0.0000000e+00
   5.9000000e+01   0.0000000e+00   1.3539240e+00   8.2601800e-01   2.8258078e+00   0.0000000e+00
   6.0000000e+01   1.0000000e+00   1.1285980e+00   8.2601800e-01   2.8258078e+00   0.0000000e+00
   6.1000000e+01   0.0000000e+00   2.6660430e+00   8.2601800e-01   2.8258078e+00   1.0000000e+00
   6.2000000e+01   1.0000000e+00   6.6211700e-01   8.2601800e-01   2.8258078e+00   1.0000000e+00
   6.3000000e+01   0.0000000e+00   7.3974100e-01   8.2601800e-01   2.8258078e+00   0.0000000e+00
   6.4000000e+01   0.0000000e+00   5.6282200e-01   8.2601800e-01   2.8258078e+00   0.0000000e+00
   6.5000000e+01   1.0000000e+00   4.9787700e-01   8.2601800e-01   2.8258078e+00   1.0000000e+00
   6.6000000e+01   0.0000000e+00   8.2345200e-01   8.2601800e-01   2.8258078e+00   0.0000000e+00
   6.7000000e+01   0.0000000e+00   5.6972800e-01   8.2601800e-01   2.8258078e+00   1.0000000e+00
   6.8000000e+01   0.0000000e+00   4.7094700e-01   8.2601800e-01   2.8258078e+00   1.0000000e+00
   6.9000000e+01   1.0000000e+00   1.0665760e+00   8.2601800e-01   2.8258078e+00   0.0000000e+00
   7.0000000e+01   1.0000000e+00   5.3500900e-01   8.2601800e-01   2.8258078e+00   0.0000000e+00
   7.1000000e+01   0.0000000e+00   8.0672100e-01   8.2601800e-01   2.8258078e+00   1.0000000e+00
   7.2000000e+01   0.0000000e+00   1.1666670e+00   8.2601800e-01   2.8258078e+00   0.0000000e+00
   7.3000000e+01   0.0000000e+00   1.0726590e+00   8.2601800e-01   2.8258078e+00   1.0000000e+00
   7.4000000e+01   0.0000000e+00   1.2345610e+00   8.2601800e-01   2.8258078e+00   0.0000000e+00
   7.5000000e+01   0.0000000e+00   1.6056810e+00   8.2601800e-01   2.8258078e+00   1.0000000e+00
   7.6000000e+01   0.0000000e+00   1.1088170e+00   8.2601800e-01   2.8258078e+00   1.0000000e+00
   7.7000000e+01   1.0000000e+00   1.1672800e+00   8.2601800e-01   2.8258078e+00   1.0000000e+00
   7.8000000e+01   0.0000000e+00   1.3331550e+00   8.2601800e-01   2.8258078e+00   0.0000000e+00
   7.9000000e+01   0.0000000e+00   1.7784350e+00   8.2601800e-01   2.8258078e+00   1.0000000e+00
   8.0000000e+01   0.0000000e+00   6.8731700e-01   8.2601800e-01   2.8258078e+00   0.0000000e+00
   8.1000000e+01   0.0000000e+00   4.9807800e-01   8.2601800e-01   2.8258078e+00   0.0000000e+00
   8.2000000e+01   1.0000000e+00   7.6051300e-01   8.2601800e-01   2.8258078e+00   0.0000000e+00
   8.3000000e+01   0.0000000e+00   8.6100300e-01   8.2601800e-01   2.8258078e+00   0.0000000e+00
   8.4000000e+01   1.0000000e+00   9.9387900e-01   8.2601800e-01   2.8258078e+00   1.0000000e+00
   8.5000000e+01   0.0000000e+00   8.5681800e-01   8.2601800e-01   2.8258078e+00   0.0000000e+00
   8.6000000e+01   0.0000000e+00   2.2346980e+00   8.2601800e-01   2.8258078e+00   1.0000000e+00
   8.7000000e+01   0.0000000e+00   6.0552900e-01   8.2601800e-01   2.8258078e+00   1.0000000e+00
   8.8000000e+01   1.0000000e+00   1.3623180e+00   8.2601800e-01   2.8258078e+00   1.0000000e+00
   8.9000000e+01   0.0000000e+00   9.6333200e-01   8.2601800e-01   2.8258078e+00   0.0000000e+00
   9.0000000e+01   1.0000000e+00   9.0892300e-01   8.2601800e-01   2.8258078e+00   0.0000000e+00
   9.1000000e+01   0.0000000e+00   8.5958700e-01   8.2601800e-01   2.8258078e+00   1.0000000e+00
   9.2000000e+01   0.0000000e+00   7.1052000e-01   8.2601800e-01   2.8258078e+00   0.0000000e+00
   9.3000000e+01   1.0000000e+00   7.5475900e-01   8.2601800e-01   2.8258078e+00   1.0000000e+00
   9.4000000e+01   0.0000000e+00   1.5559060e+00   8.2601800e-01   2.8258078e+00   1.0000000e+00
   9.5000000e+01   1.0000000e+00   7.3676000e-01   8.2601800e-01   2.8258078e+00   0.0000000e+00
   9.6000000e+01   0.0000000e+00   4.4774200e-01   8.2601800e-01   2.8258078e+00   0.0000000e+00
   9.7000000e+01   0.0000000e+00   1.2947920e+00   8.2601800e-01   2.8258078e+00   1.0000000e+00
   9.8000000e+01   0.0000000e+00   1.0045040e+00   8.2601800e-01   2.8258078e+00   1.0000000e+00
   9.9000000e+01   1.0000000e+00   8.1728200e-01   8.2601800e-01   2.8258078e+00   1.0000000e+00
   1.0000000e+02   0.0000000e+00   4.8409300e-01   8.2601800e-01   2.8258078e+00   0.0000000e+00
   1.0100000e+02   0.0000000e+00   5.8161700e-01   8.2601800e-01   2.8258078e+00   1.0000000e+00
   1.0200000e+02   1.0000000e+00   1.6987620e+00   8.2601800e-01   2.8258078e+00   0.0000000e+00
   1.0300000e+02   0.0000000e+00   5.0407300e-01   8.2601800e-01   2.8258078e+00   1.0000000e+00
   1.0400000e+02   0.0000000e+00   4.9558300e-01   8.2601800e-01   2.8258078e+00   0.0000000e+00
   1.0500000e+02   0.0000000e+00   8.4494000e-01   8.2601800e-01   2.8258078e+00   0.0000000e+00
   1.0600000e+02   1.0000000e+00   1.3180980e+00   8.2601800e-01   2.8258078e+00   0.0000000e+00
   1.0700000e+02   0.0000000e+00   5.7755800e-01   8.2601800e-01   2.8258078e+00   1.0000000e+00
   1.0800000e+02   0.0000000e+00   5.3074700e-01   8.2601800e-01   2.8258078e+00   0.0000000e+00
   1.0900000e+02   1.0000000e+00   1.7054660e+00   8.2601800e-01   2.8258078e+00   1.0000000e+00
   1.1000000e+02   0.0000000e+00   2.1789030e+00   8.2601800e-01   2.8258078e+00   1.0000000e+00
   1.1100000e+02   0.0000000e+00   4.5515500e-01   8.2601800e-01   2.8258078e+00   0.0000000e+00
   1.1200000e+02   0.0000000e+00   9.3098700e-01   8.2601800e-01   2.8258078e+00   0.0000000e+00
   1.1300000e+02   0.0000000e+00   9.2385000e-01   8.2601800e-01   2.8258078e+00   0.0000000e+00
   1.1400000e+02   1.0000000e+00   1.8458460e+00   8.2601800e-01   2.8258078e+00   0.0000000e+00
   1.1500000e+02   0.0000000e+00   5.2502400e-01   8.2601800e-01   2.8258078e+00   1.0000000e+00
   1.1600000e+02   1.0000000e+00   5.7665900e-01   8.2601800e-01   2.8258078e+00   1.0000000e+00
   1.1700000e+02   0.0000000e+00   8.6958000e-01   8.2601800e-01   2.8258078e+00   1.0000000e+00
   1.1800000e+02   1.0000000e+00   2.2326880e+00   8.2601800e-01   2.8258078e+00   1.0000000e+00
   1.1900000e+02   1.0000000e+00   1.0617360e+00   8.2601800e-01   2.8258078e+00   0.0000000e+00
   1.2000000e+02   0.0000000e+00   4.5923700e-01   8.2601800e-01   2.8258078e+00   1.0000000e+00
   1.2100000e+02   0.0000000e+00   1.1662640e+00   8.2601800e-01   2.8258078e+00   0.0000000e+00
   1.2200000e+02   0.0000000e+00   7.0126300e-01   8.2601800e-01   2.8258078e+00   0.0000000e+00
   1.2300000e+02   0.0000000e+00   1.2785430e+00   8.2601800e-01   2.8258078e+00   1.0000000e+00
   1.2400000e+02   0.0000000e+00   8.6772700e-01   8.2601800e-01   2.8258078e+00   0.0000000e+00
   1.2500000e+02   0.0000000e+00   1.1996560e+00   8.2601800e-01   2.8258078e+00   0.0000000e+00
   1.2600000e+02   0.0000000e+00   9.7096400e-01   8.2601800e-01   2.8258078e+00   0.0000000e+00
   1.2700000e+02   1.0000000e+00   1.9890460e+00   8.2601800e-01   2.8258078e+00   1.0000000e+00
   1.2800000e+02   0.0000000e+00   2.8024550e+00   8.2601800e-01   2.8258078e+00   1.0000000e+00
   1.2900000e+02   0.0000000e+00   2.3737990e+00   8.2601800e-01   2.8258078e+00   1.0000000e+00
   1.3000000e+02   1.0000000e+00   6.0330000e-01   8.2601800e-01   2.8258078e+00   0.0000000e+00
   1.3100000e+02   0.0000000e+00   1.1170520e+00   8.2601800e-01   2.8258078e+00   1.0000000e+00
   1.3200000e+02   0.0000000e+00   7.1526800e-01   8.2601800e-01   2.8258078e+00   0.0000000e+00
   1.3300000e+02   0.0000000e+00   5.1875700e-01   8.2601800e-01   2.8258078e+00   1.0000000e+00
   1.3400000e+02   0.0000000e+00   1.3497510e+00   8.2601800e-01   2.8258078e+00   1.0000000e+00
   1.3500000e+02   1.0000000e+00   2.2641810e+00   8.2601800e-01   2.8258078e+00   0.0000000e+00
   1.3600000e+02   1.0000000e+00   7.7330200e-01   8.2601800e-01   2.8258078e+00   1.0000000e+00
