   1.0000000e+00   0.0000000e+00   9.6131500e-01   8.2918600e-01   2.4768025e+00   0.0000000e+00
   2.0000000e+00   0.0000000e+00   6.9775600e-01   8.2918600e-01   2.4768025e+00   0.0000000e+00
   3.0000000e+00   1.0000000e+00   7.2232500e-01   8.2918600e-01   2.4768025e+00   0.0000000e+00
   4.0000000e+00   0.0000000e+00   7.9622300e-01   8.2918600e-01   2.4768025e+00   0.0000000e+00
   5.0000000e+00   1.0000000e+00   4.4081300e-01   8.2918600e-01   2.4768025e+00   1.0000000e+00
   6.0000000e+00   0.0000000e+00   8.1894500e-01   8.2918600e-01   2.4768025e+00   1.0000000e+00
   7.0000000e+00   1.0000000e+00   7.1627000e-01   8.2918600e-01   2.4768025e+00   0.0000000e+00
   8.0000000e+00   0.0000000e+00   4.4835800e-01   8.2918600e-01   2.4768025e+00   0.0000000e+00
   9.0000000e+00   0.0000000e+00   8.0999100e-01   8.2918600e-01   2.4768025e+00   1.0000000e+00
   1.0000000e+01   0.0000000e+00   8.8332700e-01   8.2918600e-01   2.4768025e+00   0.0000000e+00
   1.1000000e+01   1.0000000e+00   7.0449600e-01   8.2918600e-01   2.4768025e+00   1.0000000e+00
   1.2000000e+01   0.0000000e+00   7.9691800e-01   8.2918600e-01   2.4768025e+00   0.0000000e+00
   1.3000000e+01   1.0000000e+00   4.9676400e-01   8.2918600e-01   2.4768025e+00   1.0000000e+00
   1.4000000e+01   0.0000000e+00   6.2518200e-01   8.2918600e-01   2.4768025e+00   1.0000000e+00
   1.5000000e+01   1.0000000e+00   6.3001000e-01   8.2918600e-01   2.4768025e+00   0.0000000e+00
   1.6000000e+01   0.0000000e+00   9.2755300e-01   8.2918600e-01   2.4768025e+00   0.0000000e+00
   1.7000000e+01   0.0000000e+00   5.3882400e-01   8.2918600e-01   2.4768025e+00   1.0000000e+00
   1.8000000e+01   0.0000000e+00   1.4505250e+00   8.2918600e-01   2.4768025e+00   1.0000000e+00
   1.9000000e+01   0.0000000e+00   1.4275090e+00   8.2918600e-01   2.4768025e+00   1.0000000e+00
   2.0000000e+01   1.0000000e+00   4.4701900e-01   8.2918600e-01   2.4768025e+00   1.0000000e+00
   2.1000000e+01   1.0000000e+00   8.8247800e-01   8.2918600e-01   2.4768025e+00   0.0000000e+00
   2.2000000e+01   0.0000000e+00   1.2239710e+00   8.2918600e-01   2.4768025e+00   0.0000000e+00
   2.3000000e+01   0.0000000e+00   5.7553000e-01   8.2918600e-01   2.4768025e+00   1.0000000e+00
   2.4000000e+01   1.0000000e+00   6.5439600e-01   8.2918600e-01   2.4768025e+00   1.0000000e+00
   2.5000000e+01   0.0000000e+00   7.3122700e-01   8.2918600e-01   2.4768025e+00   0.0000000e+00
   2.6000000e+01   0.0000000e+00   5.7940600e-01   8.2918600e-01   2.4768025e+00   1.0000000e+00
   2.7000000e+01   0.0000000e+00   1.9521910e+00   8.2918600e-01   2.4768025e+00   1.0000000e+00
   2.8000000e+01   0.0000000e+00   1.9992200e+00   8.2918600e-01   2.4768025e+00   0.0000000e+00
   2.9000000e+01   0.0000000e+00   1.3160390e+00   8.2918600e-01   2.4768025e+00   0.0000000e+00
   3.0000000e+01   1.0000000e+00   4.9548900e-01   8.2918600e-01   2.4768025e+00   0.0000000e+00
   3.1000000e+01   0.0000000e+00   4.7073500e-01   8.2918600e-01   2.4768025e+00   0.0000000e+00
   3.2000000e+01   0.0000000e+00   1.0262710e+00   8.2918600e-01   2.4768025e+00   1.0000000e+00
   3.3000000e+01   0.0000000e+00   1.0562760e+00   8.2918600e-01   2.4768025e+00   1.0000000e+00
   3.4000000e+01   0.0000000e+00   4.4243900e-01   8.2918600e-01   2.4768025e+00   1.0000000e+00
   3.5000000e+01   0.0000000e+00   5.4747500e-01   8.2918600e-01   2.4768025e+00   0.0000000e+00
   3.6000000e+01   1.0000000e+00   1.7362490e+00   8.2918600e-01   2.4768025e+00   0.0000000e+00
   3.7000000e+01   0.0000000e+00   7.0289800e-01   8.2918600e-01   2.4768025e+00   1.0000000e+00
   3.8000000e+01   0.0000000e+00   7.5406900e-01   8.2918600e-01   2.4768025e+00   0.0000000e+00
   3.9000000e+01   1.0000000e+00   6.5596300e-01   8.2918600e-01   2.4768025e+00   1.0000000e+00
   4.0000000e+01   0.0000000e+00   1.0889330e+00   8.2918600e-01   2.4768025e+00   1.0000000e+00
   4.1000000e+01   0.0000000e+00   6.2564700e-01   8.2918600e-01   2.4768025e+00   1.0000000e+00
   4.2000000e+01   0.0000000e+00   1.3604200e+00   8.2918600e-01   2.4768025e+00   1.0000000e+00
   4.3000000e+01   1.0000000e+00   8.2084300e-01   8.2918600e-01   2.4768025e+00   0.0000000e+00
   4.4000000e+01   1.0000000e+00   4.3644400e-01   8.2918600e-01   2.4768025e+00   1.0000000e+00
   4.5000000e+01   0.0000000e+00   1.1341040e+00   8.2918600e-01   2.4768025e+00   0.0000000e+00
   4.6000000e+01   0.0000000e+00   1.1006060e+00   8.2918600e-01   2.4768025e+00   0.0000000e+00
   4.7000000e+01   1.0000000e+00   9.9568900e-01   8.2918600e-01   2.4768025e+00   1.0000000e+00
   4.8000000e+01   0.0000000e+00   7.7817100e-01   8.2918600e-01   2.4768025e+00   1.0000000e+00
   4.9000000e+01   1.0000000e+00   1.1524460e+00   8.2918600e-01   2.4768025e+00   0.0000000e+00
   5.0000000e+01   0.0000000e+00   6.4283100e-01   8.2918600e-01   2.4768025e+00   1.0000000e+00
   5.1000000e+01   0.0000000e+00   7.7584700e-01   8.2918600e-01   2.4768025e+00   0.0000000e+00
   5.2000000e+01   0.0000000e+00   9.0119400e-01   8.2918600e-01   2.4768025e+00   1.0000000e+00
   5.3000000e+01   0.0000000e+00   1.1667930e+00   8.2918600e-01   2.4768025e+00   1.0000000e+00
   5.4000000e+01   0.0000000e+00   5.1077300e-01   8.2918600e-01   2.4768025e+00   1.0000000e+00
   5.5000000e+01   0.0000000e+00   7.5078100e-01   8.2918600e-01   2.4768025e+00   0.0000000e+00
   5.6000000e+01   0.0000000e+00   6.4085000e-01   8.2918600e-01   2.4768025e+00   0.0000000e+00
   5.7000000e+01   0.0000000e+00   8.2845000e-01   8.2918600e-01   2.4768025e+00   0.0000000e+00
   5.8000000e+01   1.0000000e+00   1.6852250e+00   8.2918600e-01   2.4768025e+00   1.0000000e+00
   5.9000000e+01   0.0000000e+00   1.2581850e+00   8.2918600e-01   2.4768025e+00   0.0000000e+00
   6.0000000e+01   1.0000000e+00   7.3668100e-01   8.2918600e-01   2.4768025e+00   0.0000000e+00
   6.1000000e+01   0.0000000e+00   7.7045900e-01   8.2918600e-01   2.4768025e+00   1.0000000e+00
   6.2000000e+01   0.0000000e+00   8.3493700e-01   8.2918600e-01   2.4768025e+00   0.0000000e+00
   6.3000000e+01   0.0000000e+00   6.0775100e-01   8.2918600e-01   2.4768025e+00   1.0000000e+00
   6.4000000e+01   0.0000000e+00   4.8822000e-01   8.2918600e-01   2.4768025e+00   0.0000000e+00
   6.5000000e+01   1.0000000e+00   1.8109430e+00   8.2918600e-01   2.4768025e+00   0.0000000e+00
   6.6000000e+01   0.0000000e+00   7.3245500e-01   8.2918600e-01   2.4768025e+00   1.0000000e+00
   6.7000000e+01   1.0000000e+00   4.9178300e-01   8.2918600e-01   2.4768025e+00   1.0000000e+00
   6.8000000e+01   0.0000000e+00   4.9723300e-01   8.2918600e-01   2.4768025e+00   0.0000000e+00
   6.9000000e+01   0.0000000e+00   1.1059940e+00   8.2918600e-01   2.4768025e+00   0.0000000e+00
   7.0000000e+01   0.0000000e+00   7.2965400e-01   8.2918600e-01   2.4768025e+00   1.0000000e+00
   7.1000000e+01   0.0000000e+00   5.3110800e-01   8.2918600e-01   2.4768025e+00   0.0000000e+00
   7.2000000e+01   1.0000000e+00   1.6133740e+00   8.2918600e-01   2.4768025e+00   1.0000000e+00
   7.3000000e+01   0.0000000e+00   7.4034000e-01   8.2918600e-01   2.4768025e+00   0.0000000e+00
   7.4000000e+01   1.0000000e+00   4.8164100e-01   8.2918600e-01   2.4768025e+00   0.0000000e+00
   7.5000000e+01   0.0000000e+00   6.2474800e-01   8.2918600e-01   2.4768025e+00   1.0000000e+00
   7.6000000e+01   0.0000000e+00   6.1665500e-01   8.2918600e-01   2.4768025e+00   0.0000000e+00
   7.7000000e+01   0.0000000e+00   1.1170760e+00   8.2918600e-01   2.4768025e+00   1.0000000e+00
   7.8000000e+01   1.0000000e+00   1.2633270e+00   8.2918600e-01   2.4768025e+00   1.0000000e+00
   7.9000000e+01   0.0000000e+00   6.2559400e-01   8.2918600e-01   2.4768025e+00   1.0000000e+00
   8.0000000e+01   0.0000000e+00   4.4944400e-01   8.2918600e-01   2.4768025e+00   1.0000000e+00
   8.1000000e+01   0.0000000e+00   8.2591200e-01   8.2918600e-01   2.4768025e+00   0.0000000e+00
   8.2000000e+01   1.0000000e+00   2.7757180e+00   8.2918600e-01   2.4768025e+00   0.0000000e+00
   8.3000000e+01   0.0000000e+00   5.6734400e-01   8.2918600e-01   2.4768025e+00   1.0000000e+00
   8.4000000e+01   1.0000000e+00   7.9134600e-01   8.2918600e-01   2.4768025e+00   0.0000000e+00
   8.5000000e+01   0.0000000e+00   6.0295500e-01   8.2918600e-01   2.4768025e+00   0.0000000e+00
   8.6000000e+01   0.0000000e+00   7.6323600e-01   8.2918600e-01   2.4768025e+00   0.0000000e+00
   8.7000000e+01   1.0000000e+00   1.2027670e+00   8.2918600e-01   2.4768025e+00   1.0000000e+00
   8.8000000e+01   0.0000000e+00   9.2956300e-01   8.2918600e-01   2.4768025e+00   1.0000000e+00
   8.9000000e+01   0.0000000e+00   6.0695700e-01   8.2918600e-01   2.4768025e+00   0.0000000e+00
   9.0000000e+01   0.0000000e+00   5.2784600e-01   8.2918600e-01   2.4768025e+00   1.0000000e+00
   9.1000000e+01   1.0000000e+00   8.5694600e-01   8.2918600e-01   2.4768025e+00   0.0000000e+00
   9.2000000e+01   1.0000000e+00   1.3101940e+00   8.2918600e-01   2.4768025e+00   1.0000000e+00
   9.3000000e+01   0.0000000e+00   8.0574700e-01   8.2918600e-01   2.4768025e+00   1.0000000e+00
   9.4000000e+01   1.0000000e+00   1.2278430e+00   8.2918600e-01   2.4768025e+00   0.0000000e+00
   9.5000000e+01   0.0000000e+00   4.3997300e-01   8.2918600e-01   2.4768025e+00   0.0000000e+00
   9.6000000e+01   0.0000000e+00   1.3177180e+00   8.2918600e-01   2.4768025e+00   1.0000000e+00
   9.7000000e+01   0.0000000e+00   9.8936600e-01   8.2918600e-01   2.4768025e+00   0.0000000e+00
   9.8000000e+01   0.0000000e+00   1.2879790e+00   8.2918600e-01   2.4768025e+00   0.0000000e+00
   9.9000000e+01   1.0000000e+00   2.2110160e+00   8.2918600e-01   2.4768025e+00   1.0000000e+00
   1.0000000e+02   0.0000000e+00   7.5764700e-01   8.2918600e-01   2.4768025e+00   1.0000000e+00
   1.0100000e+02   0.0000000e+00   5.5644500e-01   8.2918600e-01   2.4768025e+00   0.0000000e+00
   1.0200000e+02   0.0000000e+00   6.5066200e-01   8.2918600e-01   2.4768025e+00   1.0000000e+00
   1.0300000e+02   0.0000000e+00   4.3926400e-01   8.2918600e-01   2.4768025e+00   1.0000000e+00
   1.0400000e+02   0.0000000e+00   9.7047600e-01   8.2918600e-01   2.4768025e+00   0.0000000e+00
   1.0500000e+02   1.0000000e+00   3.2077580e+00   8.2918600e-01   2.4768025e+00   1.0000000e+00
   1.0600000e+02   0.0000000e+00   2.2877670e+00   8.2918600e-01   2.4768025e+00   0.0000000e+00
   1.0700000e+02   0.0000000e+00   1.9740110e+00   8.2918600e-01   2.4768025e+00   1.0000000e+00
   1.0800000e+02   0.0000000e+00   1.1569270e+00   8.2918600e-01   2.4768025e+00   1.0000000e+00
   1.0900000e+02   1.0000000e+00   9.3781900e-01   8.2918600e-01   2.4768025e+00   0.0000000e+00
   1.1000000e+02   0.0000000e+00   1.1082860e+00   8.2918600e-01   2.4768025e+00   1.0000000e+00
   1.1100000e+02   1.0000000e+00   4.9967100e-01   8.2918600e-01   2.4768025e+00   1.0000000e+00
   1.1200000e+02   0.0000000e+00   5.7114300e-01   8.2918600e-01   2.4768025e+00   0.0000000e+00
   1.1300000e+02   1.0000000e+00   6.2560500e-01   8.2918600e-01   2.4768025e+00   0.0000000e+00
   1.1400000e+02   0.0000000e+00   1.0142650e+00   8.2918600e-01   2.4768025e+00   0.0000000e+00
   1.1500000e+02   1.0000000e+00   1.0232260e+00   8.2918600e-01   2.4768025e+00   0.0000000e+00
   1.1600000e+02   0.0000000e+00   7.7303000e-01   8.2918600e-01   2.4768025e+00   1.0000000e+00
   1.1700000e+02   0.0000000e+00   4.4225200e-01   8.2918600e-01   2.4768025e+00   0.0000000e+00
   1.1800000e+02   0.0000000e+00   4.7635800e-01   8.2918600e-01   2.4768025e+00   1.0000000e+00
   1.1900000e+02   0.0000000e+00   1.9246590e+00   8.2918600e-01   2.4768025e+00   1.0000000e+00
   1.2000000e+02   0.0000000e+00   1.5673640e+00   8.2918600e-01   2.4768025e+00   0.0000000e+00
   1.2100000e+02   0.0000000e+00   1.9038770e+00   8.2918600e-01   2.4768025e+00   1.0000000e+00
   1.2200000e+02   1.0000000e+00   5.2803000e-01   8.2918600e-01   2.4768025e+00   1.0000000e+00
   1.2300000e+02   0.0000000e+00   1.2373650e+00   8.2918600e-01   2.4768025e+00   1.0000000e+00
   1.2400000e+02   1.0000000e+00   1.5187900e+00   8.2918600e-01   2.4768025e+00   0.0000000e+00
   1.2500000e+02   0.0000000e+00   4.7250400e-01   8.2918600e-01   2.4768025e+00   1.0000000e+00
   1.2600000e+02   0.0000000e+00   5.1461700e-01   8.2918600e-01   2.4768025e+00   0.0000000e+00
   1.2700000e+02   1.0000000e+00   6.1968900e-01   8.2918600e-01   2.4768025e+00   1.0000000e+00
   1.2800000e+02   0.0000000e+00   8.2325600e-01   8.2918600e-01   2.4768025e+00   1.0000000e+00
   1.2900000e+02   0.0000000e+00   8.2841200e-01   8.2918600e-01   2.4768025e+00   0.0000000e+00
   1.3000000e+02   1.0000000e+00   6.5332100e-01   8.2918600e-01   2.4768025e+00   1.0000000e+00
   1.3100000e+02   0.0000000e+00   5.4847200e-01   8.2918600e-01   2.4768025e+00   0.0000000e+00
   1.3200000e+02   0.0000000e+00   1.5786190e+00   8.2918600e-01   2.4768025e+00   1.0000000e+00
   1.3300000e+02   0.0000000e+00   6.3509100e-01   8.2918600e-01   2.4768025e+00   0.0000000e+00
   1.3400000e+02   1.0000000e+00   5.7046400e-01   8.2918600e-01   2.4768025e+00   0.0000000e+00
   1.3500000e+02   0.0000000e+00   5.1804700e-01   8.2918600e-01   2.4768025e+00   0.0000000e+00
   1.3600000e+02   0.0000000e+00   2.5382920e+00   8.2918600e-01   2.4768025e+00   0.0000000e+00
