   1.0000000e+00   0.0000000e+00   2.1239700e+00   8.3335900e-01   2.9538921e+00   0.0000000e+00
   2.0000000e+00   0.0000000e+00   9.2038200e-01   8.3335900e-01   2.9538921e+00   0.0000000e+00
   3.0000000e+00   1.0000000e+00   7.3700600e-01   8.3335900e-01   2.9538921e+00   1.0000000e+00
   4.0000000e+00   0.0000000e+00   9.7085700e-01   8.3335900e-01   2.9538921e+00   0.0000000e+00
   5.0000000e+00   1.0000000e+00   9.6640000e-01   8.3335900e-01   2.9538921e+00   0.0000000e+00
   6.0000000e+00   0.0000000e+00   5.8265400e-01   8.3335900e-01   2.9538921e+00   1.0000000e+00
   7.0000000e+00   0.0000000e+00   1.2161040e+00   8.3335900e-01   2.9538921e+00   1.0000000e+00
   8.0000000e+00   1.0000000e+00   3.5657680e+00   8.3335900e-01   2.9538921e+00   1.0000000e+00
   9.0000000e+00   1.0000000e+00   1.1174180e+00   8.3335900e-01   2.9538921e+00   0.0000000e+00
   1.0000000e+01   0.0000000e+00   4.8087000e-01   8.3335900e-01   2.9538921e+00   0.0000000e+00
   1.1000000e+01   0.0000000e+00   9.8437400e-01   8.3335900e-01   2.9538921e+00   1.0000000e+00
   1.2000000e+01   0.0000000e+00   6.1134900e-01   8.3335900e-01   2.9538921e+00   0.0000000e+00
   1.3000000e+01   1.0000000e+00   1.7405200e+00   8.3335900e-01   2.9538921e+00   0.0000000e+00
   1.4000000e+01   0.0000000e+00   9.6088800e-01   8.3335900e-01   2.9538921e+00   0.0000000e+00
   1.5000000e+01   0.0000000e+00   7.2184300e-01   8.3335900e-01   2.9538921e+00   0.0000000e+00
   1.6000000e+01   0.0000000e+00   6.4074300e-01   8.3335900e-01   2.9538921e+00   1.0000000e+00
   1.7000000e+01   0.0000000e+00   5.9315500e-01   8.3335900e-01   2.9538921e+00   1.0000000e+00
   1.8000000e+01   0.0000000e+00   8.0277500e-01   8.3335900e-01   2.9538921e+00   1.0000000e+00
   1.9000000e+01   1.0000000e+00   7.9535900e-01   8.3335900e-01   2.9538921e+00   1.0000000e+00
   2.0000000e+01   1.0000000e+00   4.6204600e-01   8.3335900e-01   2.9538921e+00   0.0000000e+00
   2.1000000e+01   0.0000000e+00   4.3813600e-01   8.3335900e-01   2.9538921e+00   1.0000000e+00
   2.2000000e+01   1.0000000e+00   8.5161000e-01   8.3335900e-01   2.9538921e+00   1.0000000e+00
   2.3000000e+01   0.0000000e+00   1.8066280e+00   8.3335900e-01   2.9538921e+00   0.0000000e+00
   2.4000000e+01   0.0000000e+00   4.9699100e-01   8.3335900e-01   2.9538921e+00   0.0000000e+00
   2.5000000e+01   0.0000000e+00   1.5650560e+00   8.3335900e-01   2.9538921e+00   1.0000000e+00
   2.6000000e+01   0.0000000e+00   7.0415400e-01   8.3335900e-01   2.9538921e+00   1.0000000e+00
   2.7000000e+01   0.0000000e+00   4.4870900e-01   8.3335900e-01   2.9538921e+00   0.0000000e+00
   2.8000000e+01   0.0000000e+00   9.8386600e-01   8.3335900e-01   2.9538921e+00   1.0000000e+00
   2.9000000e+01   0.0000000e+00   1.0424910e+00   8.3335900e-01   2.9538921e+00   0.0000000e+00
   3.0000000e+01   1.0000000e+00   1.3146940e+00   8.3335900e-01   2.9538921e+00   0.0000000e+00
   3.1000000e+01   0.0000000e+00   1.2685200e+00   8.3335900e-01   2.9538921e+00   0.0000000e+00
   3.2000000e+01   1.0000000e+00   8.0185000e-01   8.3335900e-01   2.9538921e+00   1.0000000e+00
   3.3000000e+01   0.0000000e+00   1.1033920e+00   8.3335900e-01   2.9538921e+00   1.0000000e+00
   3.4000000e+01   1.0000000e+00   1.0792790e+00   8.3335900e-01   2.9538921e+00   1.0000000e+00
   3.5000000e+01   0.0000000e+00   1.6979140e+00   8.3335900e-01   2.9538921e+00   0.0000000e+00
   3.6000000e+01   0.0000000e+00   1.6514330e+00   8.3335900e-01   2.9538921e+00   0.0000000e+00
   3.7000000e+01   1.0000000e+00   4.7228800e-01   8.3335900e-01   2.9538921e+00   0.0000000e+00
   3.8000000e+01   0.0000000e+00   8.2858500e-01   8.3335900e-01   2.9538921e+00   0.0000000e+00
   3.9000000e+01   1.0000000e+00   6.9113700e-01   8.3335900e-01   2.9538921e+00   1.0000000e+00
   4.0000000e+01   0.0000000e+00   1.5406060e+00   8.3335900e-01   2.9538921e+00   0.0000000e+00
   4.1000000e+01   0.0000000e+00   7.7496200e-01   8.3335900e-01   2.9538921e+00   0.0000000e+00
   4.2000000e+01   0.0000000e+00   2.3327370e+00   8.3335900e-01   2.9538921e+00   0.0000000e+00
   4.3000000e+01   1.0000000e+00   1.1216720e+00   8.3335900e-01   2.9538921e+00   0.0000000e+00
   4.4000000e+01   0.0000000e+00   1.6686670e+00   8.3335900e-01   2.9538921e+00   1.0000000e+00
   4.5000000e+01   1.0000000e+00   7.7165800e-01   8.3335900e-01   2.9538921e+00   0.0000000e+00
   4.6000000e+01   0.0000000e+00   7.5958100e-01   8.3335900e-01   2.9538921e+00   1.0000000e+00
   4.7000000e+01   1.0000000e+00   6.0238900e-01   8.3335900e-01   2.9538921e+00   1.0000000e+00
   4.8000000e+01   0.0000000e+00   7.2552900e-01   8.3335900e-01   2.9538921e+00   1.0000000e+00
   4.9000000e+01   0.0000000e+00   5.0946600e-01   8.3335900e-01   2.9538921e+00   1.0000000e+00
   5.0000000e+01   0.0000000e+00   6.0283600e-01   8.3335900e-01   2.9538921e+00   0.0000000e+00
   5.1000000e+01   1.0000000e+00   6.7804500e-01   8.3335900e-01   2.9538921e+00   0.0000000e+00
   5.2000000e+01   1.0000000e+00   4.5570000e-01   8.3335900e-01   2.9538921e+00   1.0000000e+00
   5.3000000e+01   0.0000000e+00   4.7720700e-01   8.3335900e-01   2.9538921e+00   0.0000000e+00
   5.4000000e+01   1.0000000e+00   7.1326100e-01   8.3335900e-01   2.9538921e+00   1.0000000e+00
   5.5000000e+01   0.0000000e+00   1.0072670e+00   8.3335900e-01   2.9538921e+00   1.0000000e+00
   5.6000000e+01   0.0000000e+00   8.9522000e-01   8.3335900e-01   2.9538921e+00   1.0000000e+00
   5.7000000e+01   0.0000000e+00   4.6832200e-01   8.3335900e-01   2.9538921e+00   1.0000000e+00
   5.8000000e+01   0.0000000e+00   1.0402250e+00   8.3335900e-01   2.9538921e+00   1.0000000e+00
   5.9000000e+01   0.0000000e+00   1.0421550e+00   8.3335900e-01   2.9538921e+00   1.0000000e+00
   6.0000000e+01   0.0000000e+00   6.5334000e-01   8.3335900e-01   2.9538921e+00   1.0000000e+00
   6.1000000e+01   1.0000000e+00   1.0718980e+00   8.3335900e-01   2.9538921e+00   0.0000000e+00
   6.2000000e+01   0.0000000e+00   1.1726780e+00   8.3335900e-01   2.9538921e+00   1.0000000e+00
   6.3000000e+01   1.0000000e+00   9.5762500e-01   8.3335900e-01   2.9538921e+00   0.0000000e+00
   6.4000000e+01   0.0000000e+00   5.7949000e-01   8.3335900e-01   2.9538921e+00   1.0000000e+00
   6.5000000e+01   0.0000000e+00   1.0076880e+00   8.3335900e-01   2.9538921e+00   0.0000000e+00
   6.6000000e+01   1.0000000e+00   6.1797800e-01   8.3335900e-01   2.9538921e+00   1.0000000e+00
   6.7000000e+01   0.0000000e+00   5.1563700e-01   8.3335900e-01   2.9538921e+00   0.0000000e+00
   6.8000000e+01   0.0000000e+00   7.3501600e-01   8.3335900e-01   2.9538921e+00   0.0000000e+00
   6.9000000e+01   0.0000000e+00   7.2815600e-01   8.3335900e-01   2.9538921e+00   1.0000000e+00
   7.0000000e+01   0.0000000e+00   9.5493100e-01   8.3335900e-01   2.9538921e+00   0.0000000e+00
   7.1000000e+01   0.0000000e+00   1.3390510e+00   8.3335900e-01   2.9538921e+00   1.0000000e+00
   7.2000000e+01   0.0000000e+00   6.2214000e-01   8.3335900e-01   2.9538921e+00   1.0000000e+00
   7.3000000e+01   0.0000000e+00   8.2821600e-01   8.3335900e-01   2.9538921e+00   0.0000000e+00
   7.4000000e+01   1.0000000e+00   5.8905900e-01   8.3335900e-01   2.9538921e+00   0.0000000e+00
   7.5000000e+01   0.0000000e+00   5.5425300e-01   8.3335900e-01   2.9538921e+00   0.0000000e+00
   7.6000000e+01   1.0000000e+00   9.3377500e-01   8.3335900e-01   2.9538921e+00   1.0000000e+00
   7.7000000e+01   0.0000000e+00   9.6425900e-01   8.3335900e-01   2.9538921e+00   1.0000000e+00
   7.8000000e+01   0.0000000e+00   4.7283200e-01   8.3335900e-01   2.9538921e+00   1.0000000e+00
   7.9000000e+01   1.0000000e+00   2.8001050e+00   8.3335900e-01   2.9538921e+00   1.0000000e+00
   8.0000000e+01   0.0000000e+00   1.1340230e+00   8.3335900e-01   2.9538921e+00   1.0000000e+00
   8.1000000e+01   0.0000000e+00   5.0230200e-01   8.3335900e-01   2.9538921e+00   0.0000000e+00
   8.2000000e+01   0.0000000e+00   8.5334300e-01   8.3335900e-01   2.9538921e+00   0.0000000e+00
   8.3000000e+01   0.0000000e+00   5.6397100e-01   8.3335900e-01   2.9538921e+00   1.0000000e+00
   8.4000000e+01   1.0000000e+00   1.4512770e+00   8.3335900e-01   2.9538921e+00   0.0000000e+00
   8.5000000e+01   0.0000000e+00   1.8074830e+00   8.3335900e-01   2.9538921e+00   1.0000000e+00
   8.6000000e+01   1.0000000e+00   8.4663800e-01   8.3335900e-01   2.9538921e+00   1.0000000e+00
   8.7000000e+01   0.0000000e+00   6.9171500e-01   8.3335900e-01   2.9538921e+00   1.0000000e+00
   8.8000000e+01   0.0000000e+00   1.6986250e+00   8.3335900e-01   2.9538921e+00   0.0000000e+00
   8.9000000e+01   0.0000000e+00   6.8894100e-01   8.3335900e-01   2.9538921e+00   1.0000000e+00
   9.0000000e+01   1.0000000e+00   7.8647100e-01   8.3335900e-01   2.9538921e+00   0.0000000e+00
   9.1000000e+01   0.0000000e+00   5.5134400e-01   8.3335900e-01   2.9538921e+00   1.0000000e+00
   9.2000000e+01   0.0000000e+00   9.3450700e-01   8.3335900e-01   2.9538921e+00   0.0000000e+00
   9.3000000e+01   0.0000000e+00   1.0009040e+00   8.3335900e-01   2.9538921e+00   0.0000000e+00
   9.4000000e+01   0.0000000e+00   5.2892100e-01   8.3335900e-01   2.9538921e+00   1.0000000e+00
   9.5000000e+01   1.0000000e+00   8.4899000e-01   8.3335900e-01   2.9538921e+00   1.0000000e+00
   9.6000000e+01   0.0000000e+00   4.4252300e-01   8.3335900e-01   2.9538921e+00   0.0000000e+00
   9.7000000e+01   1.0000000e+00   8.3869700e-01   8.3335900e-01   2.9538921e+00   0.0000000e+00
   9.8000000e+01   0.0000000e+00   5.6169900e-01   8.3335900e-01   2.9538921e+00   0.0000000e+00
   9.9000000e+01   0.0000000e+00   6.0871400e-01   8.3335900e-01   2.9538921e+00   0.0000000e+00
   1.0000000e+02   0.0000000e+00   2.4789400e+00   8.3335900e-01   2.9538921e+00   0.0000000e+00
   1.0100000e+02   0.0000000e+00   1.0880860e+00   8.3335900e-01   2.9538921e+00   1.0000000e+00
   1.0200000e+02   1.0000000e+00   7.1222700e-01   8.3335900e-01   2.9538921e+00   0.0000000e+00
   1.0300000e+02   0.0000000e+00   1.4708200e+00   8.3335900e-01   2.9538921e+00   0.0000000e+00
   1.0400000e+02   0.0000000e+00   8.0009100e-01   8.3335900e-01   2.9538921e+00   0.0000000e+00
   1.0500000e+02   0.0000000e+00   4.6986900e-01   8.3335900e-01   2.9538921e+00   0.0000000e+00
   1.0600000e+02   1.0000000e+00   8.5684400e-01   8.3335900e-01   2.9538921e+00   1.0000000e+00
   1.0700000e+02   0.0000000e+00   4.4018000e-01   8.3335900e-01   2.9538921e+00   0.0000000e+00
   1.0800000e+02   0.0000000e+00   1.1791720e+00   8.3335900e-01   2.9538921e+00   1.0000000e+00
   1.0900000e+02   1.0000000e+00   1.1272690e+00   8.3335900e-01   2.9538921e+00   0.0000000e+00
   1.1000000e+02   0.0000000e+00   4.9882400e-01   8.3335900e-01   2.9538921e+00   0.0000000e+00
   1.1100000e+02   0.0000000e+00   5.4002400e-01   8.3335900e-01   2.9538921e+00   0.0000000e+00
   1.1200000e+02   0.0000000e+00   5.3412900e-01   8.3335900e-01   2.9538921e+00   0.0000000e+00
   1.1300000e+02   0.0000000e+00   1.7969070e+00   8.3335900e-01   2.9538921e+00   1.0000000e+00
   1.1400000e+02   0.0000000e+00   5.4354800e-01   8.3335900e-01   2.9538921e+00   0.0000000e+00
   1.1500000e+02   0.0000000e+00   5.6890500e-01   8.3335900e-01   2.9538921e+00   1.0000000e+00
   1.1600000e+02   0.0000000e+00   7.5558000e-01   8.3335900e-01   2.9538921e+00   0.0000000e+00
   1.1700000e+02   1.0000000e+00   7.1933800e-01   8.3335900e-01   2.9538921e+00   1.0000000e+00
   1.1800000e+02   0.0000000e+00   1.2659550e+00   8.3335900e-01   2.9538921e+00   1.0000000e+00
   1.1900000e+02   0.0000000e+00   1.4639210e+00   8.3335900e-01   2.9538921e+00   1.0000000e+00
   1.2000000e+02   0.0000000e+00   1.0326290e+00   8.3335900e-01   2.9538921e+00   1.0000000e+00
   1.2100000e+02   0.0000000e+00   4.8995200e-01   8.3335900e-01   2.9538921e+00   0.0000000e+00
   1.2200000e+02   1.0000000e+00   1.8999790e+00   8.3335900e-01   2.9538921e+00   1.0000000e+00
   1.2300000e+02   0.0000000e+00   4.7451100e-01   8.3335900e-01   2.9538921e+00   0.0000000e+00
   1.2400000e+02   0.0000000e+00   4.9884200e-01   8.3335900e-01   2.9538921e+00   1.0000000e+00
   1.2500000e+02   1.0000000e+00   4.8500100e-01   8.3335900e-01   2.9538921e+00   0.0000000e+00
   1.2600000e+02   0.0000000e+00   1.2044790e+00   8.3335900e-01   2.9538921e+00   1.0000000e+00
   1.2700000e+02   0.0000000e+00   4.4084300e-01   8.3335900e-01   2.9538921e+00   1.0000000e+00
   1.2800000e+02   0.0000000e+00   8.3737500e-01   8.3335900e-01   2.9538921e+00   0.0000000e+00
   1.2900000e+02   0.0000000e+00   7.3782500e-01   8.3335900e-01   2.9538921e+00   1.0000000e+00
   1.3000000e+02   0.0000000e+00   8.2101100e-01   8.3335900e-01   2.9538921e+00   0.0000000e+00
   1.3100000e+02   1.0000000e+00   6.4557100e-01   8.3335900e-01   2.9538921e+00   1.0000000e+00
   1.3200000e+02   0.0000000e+00   4.7089700e-01   8.3335900e-01   2.9538921e+00   1.0000000e+00
   1.3300000e+02   1.0000000e+00   5.6388000e-01   8.3335900e-01   2.9538921e+00   0.0000000e+00
   1.3400000e+02   0.0000000e+00   1.6289240e+00   8.3335900e-01   2.9538921e+00   1.0000000e+00
   1.3500000e+02   1.0000000e+00   1.2838710e+00   8.3335900e-01   2.9538921e+00   0.0000000e+00
   1.3600000e+02   1.0000000e+00   4.6585000e-01   8.3335900e-01   2.9538921e+00   1.0000000e+00
