   1.0000000e+00   0.0000000e+00   2.0652170e+00   8.2979600e-01   3.3577946e+00   1.0000000e+00
   2.0000000e+00   0.0000000e+00   4.7052100e-01   8.2979600e-01   3.3577946e+00   1.0000000e+00
   3.0000000e+00   0.0000000e+00   9.4143500e-01   8.2979600e-01   3.3577946e+00   0.0000000e+00
   4.0000000e+00   1.0000000e+00   1.7260370e+00   8.2979600e-01   3.3577946e+00   1.0000000e+00
   5.0000000e+00   1.0000000e+00   7.5070700e-01   8.2979600e-01   3.3577946e+00   0.0000000e+00
   6.0000000e+00   0.0000000e+00   8.3419600e-01   8.2979600e-01   3.3577946e+00   0.0000000e+00
   7.0000000e+00   1.0000000e+00   6.5664400e-01   8.2979600e-01   3.3577946e+00   1.0000000e+00
   8.0000000e+00   0.0000000e+00   1.1692160e+00   8.2979600e-01   3.3577946e+00   1.0000000e+00
   9.0000000e+00   0.0000000e+00   1.0547030e+00   8.2979600e-01   3.3577946e+00   0.0000000e+00
   1.0000000e+01   0.0000000e+00   5.1181200e-01   8.2979600e-01   3.3577946e+00   0.0000000e+00
   1.1000000e+01   1.0000000e+00   1.6986240e+00   8.2979600e-01   3.3577946e+00   0.0000000e+00
   1.2000000e+01   0.0000000e+00   1.9375520e+00   8.2979600e-01   3.3577946e+00   1.0000000e+00
   1.3000000e+01   1.0000000e+00   4.4408300e-01   8.2979600e-01   3.3577946e+00   0.0000000e+00
   1.4000000e+01   0.0000000e+00   7.6342700e-01   8.2979600e-01   3.3577946e+00   1.0000000e+00
   1.5000000e+01   0.0000000e+00   1.6933230e+00   8.2979600e-01   3.3577946e+00   1.0000000e+00
   1.6000000e+01   0.0000000e+00   8.8207500e-01   8.2979600e-01   3.3577946e+00   0.0000000e+00
   1.7000000e+01   1.0000000e+00   8.3623300e-01   8.2979600e-01   3.3577946e+00   1.0000000e+00
   1.8000000e+01   0.0000000e+00   9.2826500e-01   8.2979600e-01   3.3577946e+00   0.0000000e+00
   1.9000000e+01   1.0000000e+00   8.7675300e-01   8.2979600e-01   3.3577946e+00   0.0000000e+00
   2.0000000e+01   0.0000000e+00   5.9499800e-01   8.2979600e-01   3.3577946e+00   0.0000000e+00
   2.1000000e+01   0.0000000e+00   7.7260300e-01   8.2979600e-01   3.3577946e+00   0.0000000e+00
   2.2000000e+01   0.0000000e+00   2.3220220e+00   8.2979600e-01   3.3577946e+00   1.0000000e+00
   2.3000000e+01   0.0000000e+00   1.4090450e+00   8.2979600e-01   3.3577946e+00   1.0000000e+00
   2.4000000e+01   1.0000000e+00   5.0459600e-01   8.2979600e-01   3.3577946e+00   1.0000000e+00
   2.5000000e+01   0.0000000e+00   1.3506930e+00   8.2979600e-01   3.3577946e+00   1.0000000e+00
   2.6000000e+01   0.0000000e+00   6.8325400e-01   8.2979600e-01   3.3577946e+00   0.0000000e+00
   2.7000000e+01   0.0000000e+00   1.5062950e+00   8.2979600e-01   3.3577946e+00   1.0000000e+00
   2.8000000e+01   1.0000000e+00   6.8982400e-01   8.2979600e-01   3.3577946e+00   0.0000000e+00
   2.9000000e+01   0.0000000e+00   7.0693800e-01   8.2979600e-01   3.3577946e+00   1.0000000e+00
   3.0000000e+01   1.0000000e+00   1.9877580e+00   8.2979600e-01   3.3577946e+00   1.0000000e+00
   3.1000000e+01   0.0000000e+00   1.2457800e+00   8.2979600e-01   3.3577946e+00   0.0000000e+00
   3.2000000e+01   0.0000000e+00   5.4332800e-01   8.2979600e-01   3.3577946e+00   0.0000000e+00
   3.3000000e+01   0.0000000e+00   4.8818200e-01   8.2979600e-01   3.3577946e+00   0.0000000e+00
   3.4000000e+01   1.0000000e+00   7.1818900e-01   8.2979600e-01   3.3577946e+00   1.0000000e+00
   3.5000000e+01   0.0000000e+00   5.9240400e-01   8.2979600e-01   3.3577946e+00   0.0000000e+00
   3.6000000e+01   0.0000000e+00   5.7232400e-01   8.2979600e-01   3.3577946e+00   1.0000000e+00
   3.7000000e+01   1.0000000e+00   7.9267800e-01   8.2979600e-01   3.3577946e+00   0.0000000e+00
   3.8000000e+01   0.0000000e+00   1.3265580e+00   8.2979600e-01   3.3577946e+00   1.0000000e+00
   3.9000000e+01   0.0000000e+00   9.7023200e-01   8.2979600e-01   3.3577946e+00   1.0000000e+00
   4.0000000e+01   0.0000000e+00   6.9569700e-01   8.2979600e-01   3.3577946e+00   1.0000000e+00
   4.1000000e+01   1.0000000e+00   7.3703700e-01   8.2979600e-01   3.3577946e+00   1.0000000e+00
   4.2000000e+01   0.0000000e+00   1.2965120e+00   8.2979600e-01   3.3577946e+00   1.0000000e+00
   4.3000000e+01   0.0000000e+00   6.3832400e-01   8.2979600e-01   3.3577946e+00   0.0000000e+00
   4.4000000e+01   0.0000000e+00   9.1191800e-01   8.2979600e-01   3.3577946e+00   0.0000000e+00
   4.5000000e+01   0.0000000e+00   7.1046100e-01   8.2979600e-01   3.3577946e+00   0.0000000e+00
   4.6000000e+01   1.0000000e+00   4.9838100e-01   8.2979600e-01   3.3577946e+00   0.0000000e+00
   4.7000000e+01   0.0000000e+00   5.7642000e-01   8.2979600e-01   3.3577946e+00   0.0000000e+00
   4.8000000e+01   0.0000000e+00   1.1519220e+00   8.2979600e-01   3.3577946e+00   1.0000000e+00
   4.9000000e+01   0.0000000e+00   1.0028270e+00   8.2979600e-01   3.3577946e+00   0.0000000e+00
   5.0000000e+01   0.0000000e+00   8.0350500e-01   8.2979600e-01   3.3577946e+00   1.0000000e+00
   5.1000000e+01   0.0000000e+00   8.1831200e-01   8.2979600e-01   3.3577946e+00   0.0000000e+00
   5.2000000e+01   0.0000000e+00   9.6413700e-01   8.2979600e-01   3.3577946e+00   1.0000000e+00
   5.3000000e+01   1.0000000e+00   9.6469000e-01   8.2979600e-01   3.3577946e+00   0.0000000e+00
   5.4000000e+01   0.0000000e+00   1.1667540e+00   8.2979600e-01   3.3577946e+00   0.0000000e+00
   5.5000000e+01   1.0000000e+00   5.4149000e-01   8.2979600e-01   3.3577946e+00   1.0000000e+00
   5.6000000e+01   0.0000000e+00   4.4166500e-01   8.2979600e-01   3.3577946e+00   1.0000000e+00
   5.7000000e+01   0.0000000e+00   9.2238400e-01   8.2979600e-01   3.3577946e+00   1.0000000e+00
   5.8000000e+01   1.0000000e+00   4.4840000e-01   8.2979600e-01   3.3577946e+00   0.0000000e+00
   5.9000000e+01   0.0000000e+00   6.7442300e-01   8.2979600e-01   3.3577946e+00   1.0000000e+00
   6.0000000e+01   1.0000000e+00   8.4438000e-01   8.2979600e-01   3.3577946e+00   1.0000000e+00
   6.1000000e+01   0.0000000e+00   7.6252000e-01   8.2979600e-01   3.3577946e+00   0.0000000e+00
   6.2000000e+01   1.0000000e+00   4.4343200e-01   8.2979600e-01   3.3577946e+00   1.0000000e+00
   6.3000000e+01   0.0000000e+00   6.9599700e-01   8.2979600e-01   3.3577946e+00   0.0000000e+00
   6.4000000e+01   1.0000000e+00   6.6846800e-01   8.2979600e-01   3.3577946e+00   0.0000000e+00
   6.5000000e+01   0.0000000e+00   1.7540560e+00   8.2979600e-01   3.3577946e+00   1.0000000e+00
   6.6000000e+01   0.0000000e+00   1.1172200e+00   8.2979600e-01   3.3577946e+00   1.0000000e+00
   6.7000000e+01   0.0000000e+00   4.8633900e-01   8.2979600e-01   3.3577946e+00   0.0000000e+00
   6.8000000e+01   0.0000000e+00   1.0454040e+00   8.2979600e-01   3.3577946e+00   0.0000000e+00
   6.9000000e+01   1.0000000e+00   9.9699500e-01   8.2979600e-01   3.3577946e+00   0.0000000e+00
   7.0000000e+01   0.0000000e+00   1.0397020e+00   8.2979600e-01   3.3577946e+00   0.0000000e+00
   7.1000000e+01   0.0000000e+00   7.6377600e-01   8.2979600e-01   3.3577946e+00   0.0000000e+00
   7.2000000e+01   1.0000000e+00   4.5005500e-01   8.2979600e-01   3.3577946e+00   1.0000000e+00
   7.3000000e+01   0.0000000e+00   6.6035000e-01   8.2979600e-01   3.3577946e+00   0.0000000e+00
   7.4000000e+01   1.0000000e+00   6.1748000e-01   8.2979600e-01   3.3577946e+00   0.0000000e+00
   7.5000000e+01   0.0000000e+00   6.1622300e-01   8.2979600e-01   3.3577946e+00   1.0000000e+00
   7.6000000e+01   0.0000000e+00   1.1054750e+00   8.2979600e-01   3.3577946e+00   0.0000000e+00
   7.7000000e+01   1.0000000e+00   1.6681280e+00   8.2979600e-01   3.3577946e+00   1.0000000e+00
   7.8000000e+01   0.0000000e+00   1.0762450e+00   8.2979600e-01   3.3577946e+00   1.0000000e+00
   7.9000000e+01   0.0000000e+00   1.0416880e+00   8.2979600e-01   3.3577946e+00   0.0000000e+00
   8.0000000e+01   1.0000000e+00   5.3866300e-01   8.2979600e-01   3.3577946e+00   1.0000000e+00
   8.1000000e+01   0.0000000e+00   6.0291100e-01   8.2979600e-01   3.3577946e+00   0.0000000e+00
   8.2000000e+01   0.0000000e+00   7.6260400e-01   8.2979600e-01   3.3577946e+00   1.0000000e+00
   8.3000000e+01   0.0000000e+00   5.2007100e-01   8.2979600e-01   3.3577946e+00   0.0000000e+00
   8.4000000e+01   0.0000000e+00   6.1607800e-01   8.2979600e-01   3.3577946e+00   1.0000000e+00
   8.5000000e+01   0.0000000e+00   1.0999910e+00   8.2979600e-01   3.3577946e+00   1.0000000e+00
   8.6000000e+01   1.0000000e+00   7.8318300e-01   8.2979600e-01   3.3577946e+00   0.0000000e+00
   8.7000000e+01   0.0000000e+00   5.6384200e-01   8.2979600e-01   3.3577946e+00   1.0000000e+00
   8.8000000e+01   0.0000000e+00   1.1562510e+00   8.2979600e-01   3.3577946e+00   0.0000000e+00
   8.9000000e+01   0.0000000e+00   4.5345600e-01   8.2979600e-01   3.3577946e+00   0.0000000e+00
   9.0000000e+01   1.0000000e+00   5.0899500e-01   8.2979600e-01   3.3577946e+00   1.0000000e+00
   9.1000000e+01   0.0000000e+00   1.0904390e+00   8.2979600e-01   3.3577946e+00   1.0000000e+00
   9.2000000e+01   0.0000000e+00   8.7149500e-01   8.2979600e-01   3.3577946e+00   0.0000000e+00
   9.3000000e+01   0.0000000e+00   1.4700960e+00   8.2979600e-01   3.3577946e+00   1.0000000e+00
   9.4000000e+01   0.0000000e+00   8.3490900e-01   8.2979600e-01   3.3577946e+00   1.0000000e+00
   9.5000000e+01   0.0000000e+00   5.6663600e-01   8.2979600e-01   3.3577946e+00   0.0000000e+00
   9.6000000e+01   1.0000000e+00   1.7569040e+00   8.2979600e-01   3.3577946e+00   0.0000000e+00
   9.7000000e+01   0.0000000e+00   4.3544900e-01   8.2979600e-01   3.3577946e+00   1.0000000e+00
   9.8000000e+01   0.0000000e+00   1.1366350e+00   8.2979600e-01   3.3577946e+00   0.0000000e+00
   9.9000000e+01   1.0000000e+00   1.2130550e+00   8.2979600e-01   3.3577946e+00   1.0000000e+00
   1.0000000e+02   0.0000000e+00   6.6181800e-01   8.2979600e-01   3.3577946e+00   1.0000000e+00
   1.0100000e+02   0.0000000e+00   7.1640700e-01   8.2979600e-01   3.3577946e+00   0.0000000e+00
   1.0200000e+02   0.0000000e+00   9.6148200e-01   8.2979600e-01   3.3577946e+00   1.0000000e+00
   1.0300000e+02   1.0000000e+00   1.4478380e+00   8.2979600e-01   3.3577946e+00   0.0000000e+00
   1.0400000e+02   1.0000000e+00   6.9866400e-01   8.2979600e-01   3.3577946e+00   0.0000000e+00
   1.0500000e+02   0.0000000e+00   7.3333100e-01   8.2979600e-01   3.3577946e+00   1.0000000e+00
   1.0600000e+02   0.0000000e+00   1.4702840e+00   8.2979600e-01   3.3577946e+00   0.0000000e+00
   1.0700000e+02   0.0000000e+00   7.5854800e-01   8.2979600e-01   3.3577946e+00   1.0000000e+00
   1.0800000e+02   1.0000000e+00   1.5427800e+00   8.2979600e-01   3.3577946e+00   1.0000000e+00
   1.0900000e+02   0.0000000e+00   1.1581540e+00   8.2979600e-01   3.3577946e+00   0.0000000e+00
   1.1000000e+02   0.0000000e+00   2.6198550e+00   8.2979600e-01   3.3577946e+00   0.0000000e+00
   1.1100000e+02   1.0000000e+00   9.5469900e-01   8.2979600e-01   3.3577946e+00   0.0000000e+00
   1.1200000e+02   0.0000000e+00   1.2408340e+00   8.2979600e-01   3.3577946e+00   0.0000000e+00
   1.1300000e+02   0.0000000e+00   4.6257300e-01   8.2979600e-01   3.3577946e+00   0.0000000e+00
   1.1400000e+02   0.0000000e+00   4.5531800e-01   8.2979600e-01   3.3577946e+00   1.0000000e+00
   1.1500000e+02   0.0000000e+00   4.6486000e-01   8.2979600e-01   3.3577946e+00   0.0000000e+00
   1.1600000e+02   0.0000000e+00   8.5732200e-01   8.2979600e-01   3.3577946e+00   1.0000000e+00
   1.1700000e+02   0.0000000e+00   1.1414800e+00   8.2979600e-01   3.3577946e+00   0.0000000e+00
   1.1800000e+02   0.0000000e+00   2.0556380e+00   8.2979600e-01   3.3577946e+00   1.0000000e+00
   1.1900000e+02   1.0000000e+00   4.4462500e-01   8.2979600e-01   3.3577946e+00   1.0000000e+00
   1.2000000e+02   0.0000000e+00   1.1659420e+00   8.2979600e-01   3.3577946e+00   0.0000000e+00
   1.2100000e+02   0.0000000e+00   6.2666800e-01   8.2979600e-01   3.3577946e+00   1.0000000e+00
   1.2200000e+02   0.0000000e+00   5.2446900e-01   8.2979600e-01   3.3577946e+00   1.0000000e+00
   1.2300000e+02   1.0000000e+00   8.9032300e-01   8.2979600e-01   3.3577946e+00   1.0000000e+00
   1.2400000e+02   1.0000000e+00   8.2904000e-01   8.2979600e-01   3.3577946e+00   0.0000000e+00
   1.2500000e+02   0.0000000e+00   8.2808400e-01   8.2979600e-01   3.3577946e+00   0.0000000e+00
   1.2600000e+02   0.0000000e+00   6.4666400e-01   8.2979600e-01   3.3577946e+00   1.0000000e+00
   1.2700000e+02   1.0000000e+00   7.8960900e-01   8.2979600e-01   3.3577946e+00   1.0000000e+00
   1.2800000e+02   0.0000000e+00   1.0129170e+00   8.2979600e-01   3.3577946e+00   1.0000000e+00
   1.2900000e+02   0.0000000e+00   7.4207700e-01   8.2979600e-01   3.3577946e+00   1.0000000e+00
   1.3000000e+02   0.0000000e+00   1.6842200e+00   8.2979600e-01   3.3577946e+00   0.0000000e+00
   1.3100000e+02   0.0000000e+00   5.0769500e-01   8.2979600e-01   3.3577946e+00   0.0000000e+00
   1.3200000e+02   0.0000000e+00   1.3549990e+00   8.2979600e-01   3.3577946e+00   1.0000000e+00
   1.3300000e+02   1.0000000e+00   1.0526270e+00   8.2979600e-01   3.3577946e+00   0.0000000e+00
   1.3400000e+02   0.0000000e+00   1.1623570e+00   8.2979600e-01   3.3577946e+00   1.0000000e+00
   1.3500000e+02   1.0000000e+00   8.8564600e-01   8.2979600e-01   3.3577946e+00   0.0000000e+00
   1.3600000e+02   1.0000000e+00   7.9077600e-01   8.2979600e-01   3.3577946e+00   1.0000000e+00
