   1.0000000e+00   0.0000000e+00   2.3725790e+00   8.2568100e-01   2.7222817e+00   1.0000000e+00
   2.0000000e+00   0.0000000e+00   7.9199100e-01   8.2568100e-01   2.7222817e+00   1.0000000e+00
   3.0000000e+00   0.0000000e+00   1.3295410e+00   8.2568100e-01   2.7222817e+00   0.0000000e+00
   4.0000000e+00   1.0000000e+00   1.3648150e+00   8.2568100e-01   2.7222817e+00   1.0000000e+00
   5.0000000e+00   0.0000000e+00   3.0765450e+00   8.2568100e-01   2.7222817e+00   1.0000000e+00
   6.0000000e+00   0.0000000e+00   1.1103190e+00   8.2568100e-01   2.7222817e+00   1.0000000e+00
   7.0000000e+00   1.0000000e+00   6.4947800e-01   8.2568100e-01   2.7222817e+00   0.0000000e+00
   8.0000000e+00   0.0000000e+00   4.4105200e-01   8.2568100e-01   2.7222817e+00   1.0000000e+00
   9.0000000e+00   0.0000000e+00   1.2454930e+00   8.2568100e-01   2.7222817e+00   1.0000000e+00
   1.0000000e+01   1.0000000e+00   1.3817970e+00   8.2568100e-01   2.7222817e+00   1.0000000e+00
   1.1000000e+01   0.0000000e+00   1.6595900e+00   8.2568100e-01   2.7222817e+00   1.0000000e+00
   1.2000000e+01   1.0000000e+00   7.3980800e-01   8.2568100e-01   2.7222817e+00   0.0000000e+00
   1.3000000e+01   0.0000000e+00   5.5716000e-01   8.2568100e-01   2.7222817e+00   0.0000000e+00
   1.4000000e+01   0.0000000e+00   1.5442570e+00   8.2568100e-01   2.7222817e+00   1.0000000e+00
   1.5000000e+01   1.0000000e+00   2.0368960e+00   8.2568100e-01   2.7222817e+00   0.0000000e+00
   1.6000000e+01   0.0000000e+00   6.9056500e-01   8.2568100e-01   2.7222817e+00   0.0000000e+00
   1.7000000e+01   0.0000000e+00   7.1671300e-01   8.2568100e-01   2.7222817e+00   0.0000000e+00
   1.8000000e+01   0.0000000e+00   8.6208100e-01   8.2568100e-01   2.7222817e+00   0.0000000e+00
   1.9000000e+01   1.0000000e+00   1.5892050e+00   8.2568100e-01   2.7222817e+00   1.0000000e+00
   2.0000000e+01   0.0000000e+00   1.3194040e+00   8.2568100e-01   2.7222817e+00   1.0000000e+00
   2.1000000e+01   1.0000000e+00   7.2857300e-01   8.2568100e-01   2.7222817e+00   0.0000000e+00
   2.2000000e+01   0.0000000e+00   7.9693500e-01   8.2568100e-01   2.7222817e+00   0.0000000e+00
   2.3000000e+01   1.0000000e+00   5.4314500e-01   8.2568100e-01   2.7222817e+00   1.0000000e+00
   2.4000000e+01   0.0000000e+00   1.0538950e+00   8.2568100e-01   2.7222817e+00   1.0000000e+00
   2.5000000e+01   1.0000000e+00   5.4096100e-01   8.2568100e-01   2.7222817e+00   0.0000000e+00
   2.6000000e+01   0.0000000e+00   7.8383200e-01   8.2568100e-01   2.7222817e+00   0.0000000e+00
   2.7000000e+01   0.0000000e+00   5.1168100e-01   8.2568100e-01   2.7222817e+00   0.0000000e+00
   2.8000000e+01   0.0000000e+00   1.1843680e+00   8.2568100e-01   2.7222817e+00   0.0000000e+00
   2.9000000e+01   0.0000000e+00   1.4403440e+00   8.2568100e-01   2.7222817e+00   1.0000000e+00
   3.0000000e+01   1.0000000e+00   9.0651600e-01   8.2568100e-01   2.7222817e+00   1.0000000e+00
   3.1000000e+01   0.0000000e+00   1.5359390e+00   8.2568100e-01   2.7222817e+00   0.0000000e+00
   3.2000000e+01   0.0000000e+00   8.6630600e-01   8.2568100e-01   2.7222817e+00   0.0000000e+00
   3.3000000e+01   1.0000000e+00   8.6381300e-01   8.2568100e-01   2.7222817e+00   1.0000000e+00
   3.4000000e+01   0.0000000e+00   5.8292100e-01   8.2568100e-01   2.7222817e+00   0.0000000e+00
   3.5000000e+01   1.0000000e+00   6.9436000e-01   8.2568100e-01   2.7222817e+00   0.0000000e+00
   3.6000000e+01   0.0000000e+00   4.7385900e-01   8.2568100e-01   2.7222817e+00   0.0000000e+00
   3.7000000e+01   0.0000000e+00   1.4439100e+00   8.2568100e-01   2.7222817e+00   1.0000000e+00
   3.8000000e+01   1.0000000e+00   5.4862400e-01   8.2568100e-01   2.7222817e+00   1.0000000e+00
   3.9000000e+01   0.0000000e+00   1.4368500e+00   8.2568100e-01   2.7222817e+00   0.0000000e+00
   4.0000000e+01   1.0000000e+00   5.6330200e-01   8.2568100e-01   2.7222817e+00   0.0000000e+00
   4.1000000e+01   0.0000000e+00   7.5100500e-01   8.2568100e-01   2.7222817e+00   0.0000000e+00
   4.2000000e+01   0.0000000e+00   4.8152300e-01   8.2568100e-01   2.7222817e+00   1.0000000e+00
   4.3000000e+01   0.0000000e+00   9.1124700e-01   8.2568100e-01   2.7222817e+00   0.0000000e+00
   4.4000000e+01   0.0000000e+00   1.0200680e+00   8.2568100e-01   2.7222817e+00   1.0000000e+00
   4.5000000e+01   0.0000000e+00   4.6037900e-01   8.2568100e-01   2.7222817e+00   0.0000000e+00
   4.6000000e+01   1.0000000e+00   8.0931800e-01   8.2568100e-01   2.7222817e+00   0.0000000e+00
   4.7000000e+01   0.0000000e+00   1.0645310e+00   8.2568100e-01   2.7222817e+00   1.0000000e+00
   4.8000000e+01   0.0000000e+00   5.4580500e-01   8.2568100e-01   2.7222817e+00   1.0000000e+00
   4.9000000e+01   1.0000000e+00   1.0963000e+00   8.2568100e-01   2.7222817e+00   1.0000000e+00
   5.0000000e+01   0.0000000e+00   5.4248600e-01   8.2568100e-01   2.7222817e+00   1.0000000e+00
   5.1000000e+01   1.0000000e+00   1.1101990e+00   8.2568100e-01   2.7222817e+00   0.0000000e+00
   5.2000000e+01   0.0000000e+00   5.5194700e-01   8.2568100e-01   2.7222817e+00   1.0000000e+00
   5.3000000e+01   0.0000000e+00   6.1423400e-01   8.2568100e-01   2.7222817e+00   1.0000000e+00
   5.4000000e+01   0.0000000e+00   8.1930800e-01   8.2568100e-01   2.7222817e+00   0.0000000e+00
   5.5000000e+01   0.0000000e+00   4.9789400e-01   8.2568100e-01   2.7222817e+00   0.0000000e+00
   5.6000000e+01   0.0000000e+00   1.2756560e+00   8.2568100e-01   2.7222817e+00   1.0000000e+00
   5.7000000e+01   1.0000000e+00   9.9690100e-01   8.2568100e-01   2.7222817e+00   1.0000000e+00
   5.8000000e+01   1.0000000e+00   8.8338100e-01   8.2568100e-01   2.7222817e+00   1.0000000e+00
   5.9000000e+01   0.0000000e+00   6.2748800e-01   8.2568100e-01   2.7222817e+00   1.0000000e+00
   6.0000000e+01   1.0000000e+00   6.3859100e-01   8.2568100e-01   2.7222817e+00   0.0000000e+00
   6.1000000e+01   0.0000000e+00   1.5172060e+00   8.2568100e-01   2.7222817e+00   0.0000000e+00
   6.2000000e+01   0.0000000e+00   8.0721900e-01   8.2568100e-01   2.7222817e+00   1.0000000e+00
   6.3000000e+01   1.0000000e+00   7.8375700e-01   8.2568100e-01   2.7222817e+00   0.0000000e+00
   6.4000000e+01   0.0000000e+00   1.1098070e+00   8.2568100e-01   2.7222817e+00   0.0000000e+00
   6.5000000e+01   1.0000000e+00   1.2474930e+00   8.2568100e-01   2.7222817e+00   1.0000000e+00
   6.6000000e+01   0.0000000e+00   6.5541700e-01   8.2568100e-01   2.7222817e+00   1.0000000e+00
   6.7000000e+01   0.0000000e+00   8.4819900e-01   8.2568100e-01   2.7222817e+00   0.0000000e+00
   6.8000000e+01   0.0000000e+00   3.6796850e+00   8.2568100e-01   2.7222817e+00   0.0000000e+00
   6.9000000e+01   0.0000000e+00   5.4388100e-01   8.2568100e-01   2.7222817e+00   1.0000000e+00
   7.0000000e+01   1.0000000e+00   7.2557200e-01   8.2568100e-01   2.7222817e+00   0.0000000e+00
   7.1000000e+01   0.0000000e+00   9.8754800e-01   8.2568100e-01   2.7222817e+00   0.0000000e+00
   7.2000000e+01   1.0000000e+00   5.4906100e-01   8.2568100e-01   2.7222817e+00   1.0000000e+00
   7.3000000e+01   0.0000000e+00   5.8712100e-01   8.2568100e-01   2.7222817e+00   0.0000000e+00
   7.4000000e+01   0.0000000e+00   5.2745400e-01   8.2568100e-01   2.7222817e+00   0.0000000e+00
   7.5000000e+01   1.0000000e+00   1.0217190e+00   8.2568100e-01   2.7222817e+00   1.0000000e+00
   7.6000000e+01   0.0000000e+00   4.3717800e-01   8.2568100e-01   2.7222817e+00   1.0000000e+00
   7.7000000e+01   1.0000000e+00   1.3914350e+00   8.2568100e-01   2.7222817e+00   0.0000000e+00
   7.8000000e+01   0.0000000e+00   5.7288800e-01   8.2568100e-01   2.7222817e+00   1.0000000e+00
   7.9000000e+01   1.0000000e+00   5.1225100e-01   8.2568100e-01   2.7222817e+00   1.0000000e+00
   8.0000000e+01   0.0000000e+00   5.1760900e-01   8.2568100e-01   2.7222817e+00   1.0000000e+00
   8.1000000e+01   0.0000000e+00   1.4410840e+00   8.2568100e-01   2.7222817e+00   0.0000000e+00
   8.2000000e+01   0.0000000e+00   5.4089000e-01   8.2568100e-01   2.7222817e+00   1.0000000e+00
   8.3000000e+01   0.0000000e+00   5.4823600e-01   8.2568100e-01   2.7222817e+00   0.0000000e+00
   8.4000000e+01   1.0000000e+00   4.5338500e-01   8.2568100e-01   2.7222817e+00   0.0000000e+00
   8.5000000e+01   0.0000000e+00   7.8032700e-01   8.2568100e-01   2.7222817e+00   0.0000000e+00
   8.6000000e+01   0.0000000e+00   5.0145400e-01   8.2568100e-01   2.7222817e+00   0.0000000e+00
   8.7000000e+01   0.0000000e+00   7.7717400e-01   8.2568100e-01   2.7222817e+00   0.0000000e+00
   8.8000000e+01   0.0000000e+00   1.1949220e+00   8.2568100e-01   2.7222817e+00   1.0000000e+00
   8.9000000e+01   0.0000000e+00   7.1259700e-01   8.2568100e-01   2.7222817e+00   1.0000000e+00
   9.0000000e+01   0.0000000e+00   6.7194800e-01   8.2568100e-01   2.7222817e+00   1.0000000e+00
   9.1000000e+01   0.0000000e+00   7.4293800e-01   8.2568100e-01   2.7222817e+00   1.0000000e+00
   9.2000000e+01   1.0000000e+00   8.0532300e-01   8.2568100e-01   2.7222817e+00   1.0000000e+00
   9.3000000e+01   0.0000000e+00   1.1414600e+00   8.2568100e-01   2.7222817e+00   1.0000000e+00
   9.4000000e+01   1.0000000e+00   7.9955200e-01   8.2568100e-01   2.7222817e+00   0.0000000e+00
   9.5000000e+01   0.0000000e+00   9.7026700e-01   8.2568100e-01   2.7222817e+00   0.0000000e+00
   9.6000000e+01   0.0000000e+00   1.4565660e+00   8.2568100e-01   2.7222817e+00   1.0000000e+00
   9.7000000e+01   0.0000000e+00   5.4577300e-01   8.2568100e-01   2.7222817e+00   1.0000000e+00
   9.8000000e+01   1.0000000e+00   5.6868300e-01   8.2568100e-01   2.7222817e+00   0.0000000e+00
   9.9000000e+01   0.0000000e+00   5.0184800e-01   8.2568100e-01   2.7222817e+00   0.0000000e+00
   1.0000000e+02   0.0000000e+00   6.5685700e-01   8.2568100e-01   2.7222817e+00   0.0000000e+00
   1.0100000e+02   0.0000000e+00   1.2412710e+00   8.2568100e-01   2.7222817e+00   0.0000000e+00
   1.0200000e+02   0.0000000e+00   1.0061950e+00   8.2568100e-01   2.7222817e+00   1.0000000e+00
   1.0300000e+02   1.0000000e+00   2.1743630e+00   8.2568100e-01   2.7222817e+00   1.0000000e+00
   1.0400000e+02   1.0000000e+00   6.9581300e-01   8.2568100e-01   2.7222817e+00   0.0000000e+00
   1.0500000e+02   0.0000000e+00   1.1598320e+00   8.2568100e-01   2.7222817e+00   1.0000000e+00
   1.0600000e+02   0.0000000e+00   9.7946100e-01   8.2568100e-01   2.7222817e+00   0.0000000e+00
   1.0700000e+02   0.0000000e+00   7.9461500e-01   8.2568100e-01   2.7222817e+00   0.0000000e+00
   1.0800000e+02   0.0000000e+00   1.2893150e+00   8.2568100e-01   2.7222817e+00   1.0000000e+00
   1.0900000e+02   0.0000000e+00   1.8557300e+00   8.2568100e-01   2.7222817e+00   1.0000000e+00
   1.1000000e+02   0.0000000e+00   4.3621700e-01   8.2568100e-01   2.7222817e+00   0.0000000e+00
   1.1100000e+02   0.0000000e+00   6.9634700e-01   8.2568100e-01   2.7222817e+00   0.0000000e+00
   1.1200000e+02   0.0000000e+00   9.8533300e-01   8.2568100e-01   2.7222817e+00   0.0000000e+00
   1.1300000e+02   0.0000000e+00   5.7823600e-01   8.2568100e-01   2.7222817e+00   0.0000000e+00
   1.1400000e+02   1.0000000e+00   8.0653300e-01   8.2568100e-01   2.7222817e+00   1.0000000e+00
   1.1500000e+02   0.0000000e+00   7.7262700e-01   8.2568100e-01   2.7222817e+00   0.0000000e+00
   1.1600000e+02   0.0000000e+00   1.6551720e+00   8.2568100e-01   2.7222817e+00   1.0000000e+00
   1.1700000e+02   0.0000000e+00   7.5185800e-01   8.2568100e-01   2.7222817e+00   1.0000000e+00
   1.1800000e+02   1.0000000e+00   1.0680940e+00   8.2568100e-01   2.7222817e+00   1.0000000e+00
   1.1900000e+02   0.0000000e+00   4.3560900e-01   8.2568100e-01   2.7222817e+00   1.0000000e+00
   1.2000000e+02   0.0000000e+00   1.9430700e+00   8.2568100e-01   2.7222817e+00   0.0000000e+00
   1.2100000e+02   0.0000000e+00   1.3218240e+00   8.2568100e-01   2.7222817e+00   1.0000000e+00
   1.2200000e+02   0.0000000e+00   8.2944600e-01   8.2568100e-01   2.7222817e+00   0.0000000e+00
   1.2300000e+02   0.0000000e+00   4.8716200e-01   8.2568100e-01   2.7222817e+00   0.0000000e+00
   1.2400000e+02   0.0000000e+00   1.0309040e+00   8.2568100e-01   2.7222817e+00   0.0000000e+00
   1.2500000e+02   0.0000000e+00   9.1727500e-01   8.2568100e-01   2.7222817e+00   1.0000000e+00
   1.2600000e+02   1.0000000e+00   5.5352600e-01   8.2568100e-01   2.7222817e+00   0.0000000e+00
   1.2700000e+02   1.0000000e+00   9.6335000e-01   8.2568100e-01   2.7222817e+00   1.0000000e+00
   1.2800000e+02   0.0000000e+00   6.7921900e-01   8.2568100e-01   2.7222817e+00   1.0000000e+00
   1.2900000e+02   0.0000000e+00   8.0775800e-01   8.2568100e-01   2.7222817e+00   0.0000000e+00
   1.3000000e+02   0.0000000e+00   6.1056800e-01   8.2568100e-01   2.7222817e+00   0.0000000e+00
   1.3100000e+02   1.0000000e+00   7.5003700e-01   8.2568100e-01   2.7222817e+00   0.0000000e+00
   1.3200000e+02   0.0000000e+00   6.7560300e-01   8.2568100e-01   2.7222817e+00   1.0000000e+00
   1.3300000e+02   0.0000000e+00   6.4459000e-01   8.2568100e-01   2.7222817e+00   1.0000000e+00
   1.3400000e+02   0.0000000e+00   9.5289200e-01   8.2568100e-01   2.7222817e+00   1.0000000e+00
   1.3500000e+02   1.0000000e+00   5.2735000e-01   8.2568100e-01   2.7222817e+00   0.0000000e+00
   1.3600000e+02   1.0000000e+00   5.7134300e-01   8.2568100e-01   2.7222817e+00   1.0000000e+00
