   1.0000000e+00   0.0000000e+00   1.8500910e+00   8.2865500e-01   3.0394482e+00   1.0000000e+00
   2.0000000e+00   0.0000000e+00   5.2430700e-01   8.2865500e-01   3.0394482e+00   0.0000000e+00
   3.0000000e+00   1.0000000e+00   6.1098200e-01   8.2865500e-01   3.0394482e+00   0.0000000e+00
   4.0000000e+00   0.0000000e+00   5.2344400e-01   8.2865500e-01   3.0394482e+00   0.0000000e+00
   5.0000000e+00   0.0000000e+00   4.7835600e-01   8.2865500e-01   3.0394482e+00   1.0000000e+00
   6.0000000e+00   0.0000000e+00   7.1279900e-01   8.2865500e-01   3.0394482e+00   1.0000000e+00
   7.0000000e+00   0.0000000e+00   1.2761980e+00   8.2865500e-01   3.0394482e+00   1.0000000e+00
   8.0000000e+00   0.0000000e+00   7.0967600e-01   8.2865500e-01   3.0394482e+00   0.0000000e+00
   9.0000000e+00   0.0000000e+00   4.8719400e-01   8.2865500e-01   3.0394482e+00   1.0000000e+00
   1.0000000e+01   0.0000000e+00   5.8045100e-01   8.2865500e-01   3.0394482e+00   0.0000000e+00
   1.1000000e+01   1.0000000e+00   1.2769310e+00   8.2865500e-01   3.0394482e+00   1.0000000e+00
   1.2000000e+01   0.0000000e+00   7.7466900e-01   8.2865500e-01   3.0394482e+00   0.0000000e+00
   1.3000000e+01   1.0000000e+00   1.4721500e+00   8.2865500e-01   3.0394482e+00   0.0000000e+00
   1.4000000e+01   0.0000000e+00   5.5998900e-01   8.2865500e-01   3.0394482e+00   1.0000000e+00
   1.5000000e+01   1.0000000e+00   8.4252700e-01   8.2865500e-01   3.0394482e+00   1.0000000e+00
   1.6000000e+01   0.0000000e+00   6.0496100e-01   8.2865500e-01   3.0394482e+00   1.0000000e+00
   1.7000000e+01   0.0000000e+00   7.8832500e-01   8.2865500e-01   3.0394482e+00   0.0000000e+00
   1.8000000e+01   0.0000000e+00   7.2200200e-01   8.2865500e-01   3.0394482e+00   0.0000000e+00
   1.9000000e+01   1.0000000e+00   4.8064400e-01   8.2865500e-01   3.0394482e+00   1.0000000e+00
   2.0000000e+01   0.0000000e+00   5.3909600e-01   8.2865500e-01   3.0394482e+00   0.0000000e+00
   2.1000000e+01   0.0000000e+00   6.8307800e-01   8.2865500e-01   3.0394482e+00   1.0000000e+00
   2.2000000e+01   1.0000000e+00   1.1232490e+00   8.2865500e-01   3.0394482e+00   0.0000000e+00
   2.3000000e+01   0.0000000e+00   1.0117790e+00   8.2865500e-01   3.0394482e+00   0.0000000e+00
   2.4000000e+01   1.0000000e+00   4.6697100e-01   8.2865500e-01   3.0394482e+00   1.0000000e+00
   2.5000000e+01   0.0000000e+00   1.1642550e+00   8.2865500e-01   3.0394482e+00   0.0000000e+00
   2.6000000e+01   0.0000000e+00   4.5983500e-01   8.2865500e-01   3.0394482e+00   0.0000000e+00
   2.7000000e+01   0.0000000e+00   4.9558700e-01   8.2865500e-01   3.0394482e+00   0.0000000e+00
   2.8000000e+01   0.0000000e+00   9.0903200e-01   8.2865500e-01   3.0394482e+00   1.0000000e+00
   2.9000000e+01   0.0000000e+00   8.2143700e-01   8.2865500e-01   3.0394482e+00   0.0000000e+00
   3.0000000e+01   0.0000000e+00   8.8895000e-01   8.2865500e-01   3.0394482e+00   1.0000000e+00
   3.1000000e+01   0.0000000e+00   4.7287500e-01   8.2865500e-01   3.0394482e+00   1.0000000e+00
   3.2000000e+01   1.0000000e+00   5.8872500e-01   8.2865500e-01   3.0394482e+00   0.0000000e+00
   3.3000000e+01   0.0000000e+00   4.6491200e-01   8.2865500e-01   3.0394482e+00   1.0000000e+00
   3.4000000e+01   1.0000000e+00   1.9616140e+00   8.2865500e-01   3.0394482e+00   1.0000000e+00
   3.5000000e+01   0.0000000e+00   1.1365180e+00   8.2865500e-01   3.0394482e+00   1.0000000e+00
   3.6000000e+01   1.0000000e+00   8.0882100e-01   8.2865500e-01   3.0394482e+00   0.0000000e+00
   3.7000000e+01   0.0000000e+00   7.9802700e-01   8.2865500e-01   3.0394482e+00   0.0000000e+00
   3.8000000e+01   0.0000000e+00   2.4112150e+00   8.2865500e-01   3.0394482e+00   1.0000000e+00
   3.9000000e+01   1.0000000e+00   1.1353980e+00   8.2865500e-01   3.0394482e+00   0.0000000e+00
   4.0000000e+01   0.0000000e+00   1.4495890e+00   8.2865500e-01   3.0394482e+00   0.0000000e+00
   4.1000000e+01   0.0000000e+00   1.2590460e+00   8.2865500e-01   3.0394482e+00   0.0000000e+00
   4.2000000e+01   0.0000000e+00   5.9368800e-01   8.2865500e-01   3.0394482e+00   1.0000000e+00
   4.3000000e+01   0.0000000e+00   9.8242600e-01   8.2865500e-01   3.0394482e+00   1.0000000e+00
   4.4000000e+01   0.0000000e+00   6.0426900e-01   8.2865500e-01   3.0394482e+00   1.0000000e+00
   4.5000000e+01   1.0000000e+00   1.2745430e+00   8.2865500e-01   3.0394482e+00   1.0000000e+00
   4.6000000e+01   0.0000000e+00   5.4860700e-01   8.2865500e-01   3.0394482e+00   0.0000000e+00
   4.7000000e+01   0.0000000e+00   9.1001600e-01   8.2865500e-01   3.0394482e+00   0.0000000e+00
   4.8000000e+01   1.0000000e+00   4.8505800e-01   8.2865500e-01   3.0394482e+00   0.0000000e+00
   4.9000000e+01   0.0000000e+00   1.3252600e+00   8.2865500e-01   3.0394482e+00   1.0000000e+00
   5.0000000e+01   0.0000000e+00   8.7424100e-01   8.2865500e-01   3.0394482e+00   0.0000000e+00
   5.1000000e+01   0.0000000e+00   8.1889800e-01   8.2865500e-01   3.0394482e+00   0.0000000e+00
   5.2000000e+01   0.0000000e+00   1.5113730e+00   8.2865500e-01   3.0394482e+00   1.0000000e+00
   5.3000000e+01   1.0000000e+00   1.3022230e+00   8.2865500e-01   3.0394482e+00   1.0000000e+00
   5.4000000e+01   1.0000000e+00   9.4911000e-01   8.2865500e-01   3.0394482e+00   1.0000000e+00
   5.5000000e+01   0.0000000e+00   4.8089000e-01   8.2865500e-01   3.0394482e+00   1.0000000e+00
   5.6000000e+01   0.0000000e+00   2.1742810e+00   8.2865500e-01   3.0394482e+00   0.0000000e+00
   5.7000000e+01   1.0000000e+00   1.4234290e+00   8.2865500e-01   3.0394482e+00   0.0000000e+00
   5.8000000e+01   0.0000000e+00   5.5184400e-01   8.2865500e-01   3.0394482e+00   1.0000000e+00
   5.9000000e+01   0.0000000e+00   1.1000820e+00   8.2865500e-01   3.0394482e+00   0.0000000e+00
   6.0000000e+01   0.0000000e+00   1.1708500e+00   8.2865500e-01   3.0394482e+00   1.0000000e+00
   6.1000000e+01   0.0000000e+00   7.0064000e-01   8.2865500e-01   3.0394482e+00   1.0000000e+00
   6.2000000e+01   1.0000000e+00   1.1581630e+00   8.2865500e-01   3.0394482e+00   1.0000000e+00
   6.3000000e+01   0.0000000e+00   8.8386800e-01   8.2865500e-01   3.0394482e+00   1.0000000e+00
   6.4000000e+01   1.0000000e+00   7.6851200e-01   8.2865500e-01   3.0394482e+00   0.0000000e+00
   6.5000000e+01   0.0000000e+00   5.6093100e-01   8.2865500e-01   3.0394482e+00   1.0000000e+00
   6.6000000e+01   0.0000000e+00   4.7232600e-01   8.2865500e-01   3.0394482e+00   0.0000000e+00
   6.7000000e+01   1.0000000e+00   1.5914580e+00   8.2865500e-01   3.0394482e+00   0.0000000e+00
   6.8000000e+01   0.0000000e+00   2.9400890e+00   8.2865500e-01   3.0394482e+00   0.0000000e+00
   6.9000000e+01   0.0000000e+00   1.7014630e+00   8.2865500e-01   3.0394482e+00   1.0000000e+00
   7.0000000e+01   0.0000000e+00   9.2316200e-01   8.2865500e-01   3.0394482e+00   0.0000000e+00
   7.1000000e+01   0.0000000e+00   5.4473900e-01   8.2865500e-01   3.0394482e+00   0.0000000e+00
   7.2000000e+01   0.0000000e+00   1.1469020e+00   8.2865500e-01   3.0394482e+00   0.0000000e+00
   7.3000000e+01   1.0000000e+00   4.7872300e-01   8.2865500e-01   3.0394482e+00   1.0000000e+00
   7.4000000e+01   0.0000000e+00   6.5778900e-01   8.2865500e-01   3.0394482e+00   0.0000000e+00
   7.5000000e+01   1.0000000e+00   5.0077200e-01   8.2865500e-01   3.0394482e+00   1.0000000e+00
   7.6000000e+01   0.0000000e+00   1.0510420e+00   8.2865500e-01   3.0394482e+00   0.0000000e+00
   7.7000000e+01   0.0000000e+00   5.2521800e-01   8.2865500e-01   3.0394482e+00   1.0000000e+00
   7.8000000e+01   1.0000000e+00   1.1454140e+00   8.2865500e-01   3.0394482e+00   0.0000000e+00
   7.9000000e+01   0.0000000e+00   1.0964440e+00   8.2865500e-01   3.0394482e+00   0.0000000e+00
   8.0000000e+01   0.0000000e+00   5.8899300e-01   8.2865500e-01   3.0394482e+00   1.0000000e+00
   8.1000000e+01   1.0000000e+00   4.6757800e-01   8.2865500e-01   3.0394482e+00   1.0000000e+00
   8.2000000e+01   0.0000000e+00   6.2550800e-01   8.2865500e-01   3.0394482e+00   1.0000000e+00
   8.3000000e+01   1.0000000e+00   6.9887100e-01   8.2865500e-01   3.0394482e+00   0.0000000e+00
   8.4000000e+01   0.0000000e+00   6.2800800e-01   8.2865500e-01   3.0394482e+00   0.0000000e+00
   8.5000000e+01   0.0000000e+00   7.5450900e-01   8.2865500e-01   3.0394482e+00   0.0000000e+00
   8.6000000e+01   0.0000000e+00   5.9168800e-01   8.2865500e-01   3.0394482e+00   1.0000000e+00
   8.7000000e+01   0.0000000e+00   8.5053900e-01   8.2865500e-01   3.0394482e+00   1.0000000e+00
   8.8000000e+01   1.0000000e+00   5.3830700e-01   8.2865500e-01   3.0394482e+00   0.0000000e+00
   8.9000000e+01   0.0000000e+00   6.0341100e-01   8.2865500e-01   3.0394482e+00   1.0000000e+00
   9.0000000e+01   1.0000000e+00   4.7315600e-01   8.2865500e-01   3.0394482e+00   1.0000000e+00
   9.1000000e+01   1.0000000e+00   6.1997700e-01   8.2865500e-01   3.0394482e+00   0.0000000e+00
   9.2000000e+01   0.0000000e+00   1.4497760e+00   8.2865500e-01   3.0394482e+00   1.0000000e+00
   9.3000000e+01   0.0000000e+00   4.3681800e-01   8.2865500e-01   3.0394482e+00   1.0000000e+00
   9.4000000e+01   1.0000000e+00   1.8064060e+00   8.2865500e-01   3.0394482e+00   1.0000000e+00
   9.5000000e+01   0.0000000e+00   2.5227720e+00   8.2865500e-01   3.0394482e+00   1.0000000e+00
   9.6000000e+01   1.0000000e+00   9.1785100e-01   8.2865500e-01   3.0394482e+00   0.0000000e+00
   9.7000000e+01   0.0000000e+00   8.9572600e-01   8.2865500e-01   3.0394482e+00   0.0000000e+00
   9.8000000e+01   0.0000000e+00   4.8911000e-01   8.2865500e-01   3.0394482e+00   0.0000000e+00
   9.9000000e+01   0.0000000e+00   6.3958600e-01   8.2865500e-01   3.0394482e+00   1.0000000e+00
   1.0000000e+02   0.0000000e+00   1.6402880e+00   8.2865500e-01   3.0394482e+00   0.0000000e+00
   1.0100000e+02   0.0000000e+00   1.0350210e+00   8.2865500e-01   3.0394482e+00   0.0000000e+00
   1.0200000e+02   1.0000000e+00   1.5529020e+00   8.2865500e-01   3.0394482e+00   1.0000000e+00
   1.0300000e+02   0.0000000e+00   1.4415740e+00   8.2865500e-01   3.0394482e+00   0.0000000e+00
   1.0400000e+02   0.0000000e+00   9.9829300e-01   8.2865500e-01   3.0394482e+00   1.0000000e+00
   1.0500000e+02   0.0000000e+00   6.3906700e-01   8.2865500e-01   3.0394482e+00   0.0000000e+00
   1.0600000e+02   1.0000000e+00   6.2783700e-01   8.2865500e-01   3.0394482e+00   1.0000000e+00
   1.0700000e+02   0.0000000e+00   7.2086600e-01   8.2865500e-01   3.0394482e+00   1.0000000e+00
   1.0800000e+02   0.0000000e+00   1.2257010e+00   8.2865500e-01   3.0394482e+00   1.0000000e+00
   1.0900000e+02   0.0000000e+00   5.7850000e-01   8.2865500e-01   3.0394482e+00   0.0000000e+00
   1.1000000e+02   0.0000000e+00   4.6765700e-01   8.2865500e-01   3.0394482e+00   1.0000000e+00
   1.1100000e+02   0.0000000e+00   8.1621000e-01   8.2865500e-01   3.0394482e+00   1.0000000e+00
   1.1200000e+02   0.0000000e+00   8.0922000e-01   8.2865500e-01   3.0394482e+00   0.0000000e+00
   1.1300000e+02   0.0000000e+00   1.0282260e+00   8.2865500e-01   3.0394482e+00   1.0000000e+00
   1.1400000e+02   0.0000000e+00   1.5177360e+00   8.2865500e-01   3.0394482e+00   1.0000000e+00
   1.1500000e+02   1.0000000e+00   7.8440200e-01   8.2865500e-01   3.0394482e+00   0.0000000e+00
   1.1600000e+02   0.0000000e+00   1.2203850e+00   8.2865500e-01   3.0394482e+00   1.0000000e+00
   1.1700000e+02   0.0000000e+00   5.6044300e-01   8.2865500e-01   3.0394482e+00   0.0000000e+00
   1.1800000e+02   0.0000000e+00   1.3055450e+00   8.2865500e-01   3.0394482e+00   1.0000000e+00
   1.1900000e+02   1.0000000e+00   1.2942630e+00   8.2865500e-01   3.0394482e+00   1.0000000e+00
   1.2000000e+02   0.0000000e+00   5.0954500e-01   8.2865500e-01   3.0394482e+00   0.0000000e+00
   1.2100000e+02   1.0000000e+00   8.0742900e-01   8.2865500e-01   3.0394482e+00   0.0000000e+00
   1.2200000e+02   0.0000000e+00   1.5203800e+00   8.2865500e-01   3.0394482e+00   1.0000000e+00
   1.2300000e+02   1.0000000e+00   6.5978800e-01   8.2865500e-01   3.0394482e+00   0.0000000e+00
   1.2400000e+02   0.0000000e+00   7.2142300e-01   8.2865500e-01   3.0394482e+00   1.0000000e+00
   1.2500000e+02   0.0000000e+00   2.2295670e+00   8.2865500e-01   3.0394482e+00   0.0000000e+00
   1.2600000e+02   0.0000000e+00   2.8025910e+00   8.2865500e-01   3.0394482e+00   0.0000000e+00
   1.2700000e+02   1.0000000e+00   5.4195000e-01   8.2865500e-01   3.0394482e+00   1.0000000e+00
   1.2800000e+02   1.0000000e+00   7.0889400e-01   8.2865500e-01   3.0394482e+00   0.0000000e+00
   1.2900000e+02   0.0000000e+00   7.3961600e-01   8.2865500e-01   3.0394482e+00   0.0000000e+00
   1.3000000e+02   0.0000000e+00   5.5179800e-01   8.2865500e-01   3.0394482e+00   1.0000000e+00
   1.3100000e+02   0.0000000e+00   7.8025300e-01   8.2865500e-01   3.0394482e+00   0.0000000e+00
   1.3200000e+02   0.0000000e+00   6.8098500e-01   8.2865500e-01   3.0394482e+00   0.0000000e+00
   1.3300000e+02   1.0000000e+00   6.6162300e-01   8.2865500e-01   3.0394482e+00   1.0000000e+00
   1.3400000e+02   0.0000000e+00   9.4045200e-01   8.2865500e-01   3.0394482e+00   0.0000000e+00
   1.3500000e+02   1.0000000e+00   6.3525600e-01   8.2865500e-01   3.0394482e+00   1.0000000e+00
   1.3600000e+02   1.0000000e+00   5.5127300e-01   8.2865500e-01   3.0394482e+00   0.0000000e+00
