   1.0000000e+00   0.0000000e+00   2.2551400e+00   8.4027500e-01   3.2410870e+00   0.0000000e+00
   2.0000000e+00   0.0000000e+00   9.1437700e-01   8.4027500e-01   3.2410870e+00   0.0000000e+00
   3.0000000e+00   1.0000000e+00   1.6784710e+00   8.4027500e-01   3.2410870e+00   0.0000000e+00
   4.0000000e+00   1.0000000e+00   6.0167600e-01   8.4027500e-01   3.2410870e+00   1.0000000e+00
   5.0000000e+00   0.0000000e+00   6.7719100e-01   8.4027500e-01   3.2410870e+00   0.0000000e+00
   6.0000000e+00   1.0000000e+00   5.3629200e-01   8.4027500e-01   3.2410870e+00   0.0000000e+00
   7.0000000e+00   0.0000000e+00   1.0873200e+00   8.4027500e-01   3.2410870e+00   1.0000000e+00
   8.0000000e+00   1.0000000e+00   1.3548850e+00   8.4027500e-01   3.2410870e+00   1.0000000e+00
   9.0000000e+00   0.0000000e+00   1.9005250e+00   8.4027500e-01   3.2410870e+00   1.0000000e+00
   1.0000000e+01   1.0000000e+00   5.7251500e-01   8.4027500e-01   3.2410870e+00   1.0000000e+00
   1.1000000e+01   0.0000000e+00   6.5276200e-01   8.4027500e-01   3.2410870e+00   0.0000000e+00
   1.2000000e+01   0.0000000e+00   1.6435120e+00   8.4027500e-01   3.2410870e+00   1.0000000e+00
   1.3000000e+01   1.0000000e+00   7.1975800e-01   8.4027500e-01   3.2410870e+00   0.0000000e+00
   1.4000000e+01   0.0000000e+00   8.4884800e-01   8.4027500e-01   3.2410870e+00   0.0000000e+00
   1.5000000e+01   1.0000000e+00   2.2126090e+00   8.4027500e-01   3.2410870e+00   1.0000000e+00
   1.6000000e+01   0.0000000e+00   3.1756320e+00   8.4027500e-01   3.2410870e+00   0.0000000e+00
   1.7000000e+01   0.0000000e+00   6.2045000e-01   8.4027500e-01   3.2410870e+00   1.0000000e+00
   1.8000000e+01   1.0000000e+00   5.0727200e-01   8.4027500e-01   3.2410870e+00   0.0000000e+00
   1.9000000e+01   0.0000000e+00   6.2727600e-01   8.4027500e-01   3.2410870e+00   0.0000000e+00
   2.0000000e+01   0.0000000e+00   6.5195300e-01   8.4027500e-01   3.2410870e+00   0.0000000e+00
   2.1000000e+01   0.0000000e+00   5.5274300e-01   8.4027500e-01   3.2410870e+00   0.0000000e+00
   2.2000000e+01   1.0000000e+00   9.5343400e-01   8.4027500e-01   3.2410870e+00   1.0000000e+00
   2.3000000e+01   0.0000000e+00   6.5706600e-01   8.4027500e-01   3.2410870e+00   1.0000000e+00
   2.4000000e+01   1.0000000e+00   5.4770300e-01   8.4027500e-01   3.2410870e+00   0.0000000e+00
   2.5000000e+01   0.0000000e+00   8.2656500e-01   8.4027500e-01   3.2410870e+00   1.0000000e+00
   2.6000000e+01   1.0000000e+00   6.8568500e-01   8.4027500e-01   3.2410870e+00   0.0000000e+00
   2.7000000e+01   1.0000000e+00   5.0373700e-01   8.4027500e-01   3.2410870e+00   1.0000000e+00
   2.8000000e+01   0.0000000e+00   5.8675600e-01   8.4027500e-01   3.2410870e+00   1.0000000e+00
   2.9000000e+01   0.0000000e+00   4.9486900e-01   8.4027500e-01   3.2410870e+00   1.0000000e+00
   3.0000000e+01   0.0000000e+00   5.1256200e-01   8.4027500e-01   3.2410870e+00   1.0000000e+00
   3.1000000e+01   0.0000000e+00   9.9199800e-01   8.4027500e-01   3.2410870e+00   1.0000000e+00
   3.2000000e+01   0.0000000e+00   1.0709550e+00   8.4027500e-01   3.2410870e+00   0.0000000e+00
   3.3000000e+01   1.0000000e+00   1.5741830e+00   8.4027500e-01   3.2410870e+00   0.0000000e+00
   3.4000000e+01   0.0000000e+00   4.5329400e-01   8.4027500e-01   3.2410870e+00   1.0000000e+00
   3.5000000e+01   0.0000000e+00   1.2509650e+00   8.4027500e-01   3.2410870e+00   1.0000000e+00
   3.6000000e+01   0.0000000e+00   1.0173990e+00   8.4027500e-01   3.2410870e+00   0.0000000e+00
   3.7000000e+01   0.0000000e+00   6.4984600e-01   8.4027500e-01   3.2410870e+00   0.0000000e+00
   3.8000000e+01   0.0000000e+00   7.5885200e-01   8.4027500e-01   3.2410870e+00   1.0000000e+00
   3.9000000e+01   1.0000000e+00   5.6472800e-01   8.4027500e-01   3.2410870e+00   1.0000000e+00
   4.0000000e+01   0.0000000e+00   4.8526200e-01   8.4027500e-01   3.2410870e+00   0.0000000e+00
   4.1000000e+01   1.0000000e+00   8.3073500e-01   8.4027500e-01   3.2410870e+00   1.0000000e+00
   4.2000000e+01   0.0000000e+00   5.5826000e-01   8.4027500e-01   3.2410870e+00   1.0000000e+00
   4.3000000e+01   0.0000000e+00   7.4780300e-01   8.4027500e-01   3.2410870e+00   0.0000000e+00
   4.4000000e+01   0.0000000e+00   1.2310340e+00   8.4027500e-01   3.2410870e+00   1.0000000e+00
   4.5000000e+01   0.0000000e+00   6.1742100e-01   8.4027500e-01   3.2410870e+00   1.0000000e+00
   4.6000000e+01   1.0000000e+00   5.4673400e-01   8.4027500e-01   3.2410870e+00   0.0000000e+00
   4.7000000e+01   0.0000000e+00   7.7553800e-01   8.4027500e-01   3.2410870e+00   0.0000000e+00
   4.8000000e+01   1.0000000e+00   1.0724880e+00   8.4027500e-01   3.2410870e+00   1.0000000e+00
   4.9000000e+01   0.0000000e+00   2.3765920e+00   8.4027500e-01   3.2410870e+00   1.0000000e+00
   5.0000000e+01   0.0000000e+00   1.0858620e+00   8.4027500e-01   3.2410870e+00   0.0000000e+00
   5.1000000e+01   1.0000000e+00   4.6368500e-01   8.4027500e-01   3.2410870e+00   0.0000000e+00
   5.2000000e+01   0.0000000e+00   8.9895600e-01   8.4027500e-01   3.2410870e+00   1.0000000e+00
   5.3000000e+01   0.0000000e+00   7.2572500e-01   8.4027500e-01   3.2410870e+00   0.0000000e+00
   5.4000000e+01   1.0000000e+00   8.8622800e-01   8.4027500e-01   3.2410870e+00   0.0000000e+00
   5.5000000e+01   0.0000000e+00   1.1631200e+00   8.4027500e-01   3.2410870e+00   1.0000000e+00
   5.6000000e+01   1.0000000e+00   4.6854200e-01   8.4027500e-01   3.2410870e+00   1.0000000e+00
   5.7000000e+01   0.0000000e+00   7.4207600e-01   8.4027500e-01   3.2410870e+00   0.0000000e+00
   5.8000000e+01   0.0000000e+00   5.0799000e-01   8.4027500e-01   3.2410870e+00   0.0000000e+00
   5.9000000e+01   0.0000000e+00   4.8422100e-01   8.4027500e-01   3.2410870e+00   1.0000000e+00
   6.0000000e+01   0.0000000e+00   5.0985400e-01   8.4027500e-01   3.2410870e+00   1.0000000e+00
   6.1000000e+01   0.0000000e+00   9.3963500e-01   8.4027500e-01   3.2410870e+00   0.0000000e+00
   6.2000000e+01   1.0000000e+00   8.4799400e-01   8.4027500e-01   3.2410870e+00   1.0000000e+00
   6.3000000e+01   0.0000000e+00   2.0139420e+00   8.4027500e-01   3.2410870e+00   0.0000000e+00
   6.4000000e+01   0.0000000e+00   7.6215500e-01   8.4027500e-01   3.2410870e+00   0.0000000e+00
   6.5000000e+01   1.0000000e+00   1.3913490e+00   8.4027500e-01   3.2410870e+00   0.0000000e+00
   6.6000000e+01   0.0000000e+00   2.6822100e+00   8.4027500e-01   3.2410870e+00   1.0000000e+00
   6.7000000e+01   0.0000000e+00   4.9860100e-01   8.4027500e-01   3.2410870e+00   0.0000000e+00
   6.8000000e+01   0.0000000e+00   5.4875600e-01   8.4027500e-01   3.2410870e+00   1.0000000e+00
   6.9000000e+01   0.0000000e+00   7.2138000e-01   8.4027500e-01   3.2410870e+00   0.0000000e+00
   7.0000000e+01   1.0000000e+00   7.6352800e-01   8.4027500e-01   3.2410870e+00   1.0000000e+00
   7.1000000e+01   0.0000000e+00   1.1851360e+00   8.4027500e-01   3.2410870e+00   0.0000000e+00
   7.2000000e+01   0.0000000e+00   5.0172200e-01   8.4027500e-01   3.2410870e+00   0.0000000e+00
   7.3000000e+01   0.0000000e+00   6.7792200e-01   8.4027500e-01   3.2410870e+00   1.0000000e+00
   7.4000000e+01   0.0000000e+00   1.2050230e+00   8.4027500e-01   3.2410870e+00   0.0000000e+00
   7.5000000e+01   0.0000000e+00   4.7296200e-01   8.4027500e-01   3.2410870e+00   0.0000000e+00
   7.6000000e+01   1.0000000e+00   8.2848200e-01   8.4027500e-01   3.2410870e+00   0.0000000e+00
   7.7000000e+01   0.0000000e+00   6.5651800e-01   8.4027500e-01   3.2410870e+00   1.0000000e+00
   7.8000000e+01   0.0000000e+00   2.2815260e+00   8.4027500e-01   3.2410870e+00   0.0000000e+00
   7.9000000e+01   1.0000000e+00   1.0493140e+00   8.4027500e-01   3.2410870e+00   0.0000000e+00
   8.0000000e+01   0.0000000e+00   8.3406500e-01   8.4027500e-01   3.2410870e+00   1.0000000e+00
   8.1000000e+01   0.0000000e+00   1.0278340e+00   8.4027500e-01   3.2410870e+00   1.0000000e+00
   8.2000000e+01   0.0000000e+00   5.3781700e-01   8.4027500e-01   3.2410870e+00   1.0000000e+00
   8.3000000e+01   1.0000000e+00   7.3484500e-01   8.4027500e-01   3.2410870e+00   1.0000000e+00
   8.4000000e+01   0.0000000e+00   5.6576200e-01   8.4027500e-01   3.2410870e+00   1.0000000e+00
   8.5000000e+01   0.0000000e+00   5.2411600e-01   8.4027500e-01   3.2410870e+00   1.0000000e+00
   8.6000000e+01   0.0000000e+00   6.5996200e-01   8.4027500e-01   3.2410870e+00   0.0000000e+00
   8.7000000e+01   1.0000000e+00   7.4235800e-01   8.4027500e-01   3.2410870e+00   0.0000000e+00
   8.8000000e+01   0.0000000e+00   5.0436000e-01   8.4027500e-01   3.2410870e+00   0.0000000e+00
   8.9000000e+01   0.0000000e+00   7.7998900e-01   8.4027500e-01   3.2410870e+00   0.0000000e+00
   9.0000000e+01   0.0000000e+00   7.8099200e-01   8.4027500e-01   3.2410870e+00   0.0000000e+00
   9.1000000e+01   0.0000000e+00   1.1730240e+00   8.4027500e-01   3.2410870e+00   0.0000000e+00
   9.2000000e+01   1.0000000e+00   1.0850390e+00   8.4027500e-01   3.2410870e+00   1.0000000e+00
   9.3000000e+01   0.0000000e+00   2.0659040e+00   8.4027500e-01   3.2410870e+00   1.0000000e+00
   9.4000000e+01   1.0000000e+00   6.5721600e-01   8.4027500e-01   3.2410870e+00   0.0000000e+00
   9.5000000e+01   0.0000000e+00   1.4646400e+00   8.4027500e-01   3.2410870e+00   1.0000000e+00
   9.6000000e+01   1.0000000e+00   6.2513700e-01   8.4027500e-01   3.2410870e+00   1.0000000e+00
   9.7000000e+01   0.0000000e+00   1.0900150e+00   8.4027500e-01   3.2410870e+00   0.0000000e+00
   9.8000000e+01   0.0000000e+00   6.8492200e-01   8.4027500e-01   3.2410870e+00   0.0000000e+00
   9.9000000e+01   0.0000000e+00   5.1547900e-01   8.4027500e-01   3.2410870e+00   1.0000000e+00
   1.0000000e+02   1.0000000e+00   7.6537500e-01   8.4027500e-01   3.2410870e+00   1.0000000e+00
   1.0100000e+02   0.0000000e+00   2.8720170e+00   8.4027500e-01   3.2410870e+00   1.0000000e+00
   1.0200000e+02   0.0000000e+00   5.7300100e-01   8.4027500e-01   3.2410870e+00   1.0000000e+00
   1.0300000e+02   0.0000000e+00   1.3191130e+00   8.4027500e-01   3.2410870e+00   1.0000000e+00
   1.0400000e+02   0.0000000e+00   1.1790300e+00   8.4027500e-01   3.2410870e+00   1.0000000e+00
   1.0500000e+02   0.0000000e+00   9.8192100e-01   8.4027500e-01   3.2410870e+00   1.0000000e+00
   1.0600000e+02   1.0000000e+00   7.2771500e-01   8.4027500e-01   3.2410870e+00   0.0000000e+00
   1.0700000e+02   1.0000000e+00   6.8783700e-01   8.4027500e-01   3.2410870e+00   1.0000000e+00
   1.0800000e+02   0.0000000e+00   1.5287030e+00   8.4027500e-01   3.2410870e+00   1.0000000e+00
   1.0900000e+02   0.0000000e+00   4.9964800e-01   8.4027500e-01   3.2410870e+00   1.0000000e+00
   1.1000000e+02   0.0000000e+00   7.6423100e-01   8.4027500e-01   3.2410870e+00   0.0000000e+00
   1.1100000e+02   0.0000000e+00   4.5917600e-01   8.4027500e-01   3.2410870e+00   1.0000000e+00
   1.1200000e+02   0.0000000e+00   5.4043700e-01   8.4027500e-01   3.2410870e+00   0.0000000e+00
   1.1300000e+02   1.0000000e+00   1.5253060e+00   8.4027500e-01   3.2410870e+00   0.0000000e+00
   1.1400000e+02   0.0000000e+00   8.1093700e-01   8.4027500e-01   3.2410870e+00   1.0000000e+00
   1.1500000e+02   0.0000000e+00   4.4651300e-01   8.4027500e-01   3.2410870e+00   0.0000000e+00
   1.1600000e+02   0.0000000e+00   1.1895290e+00   8.4027500e-01   3.2410870e+00   0.0000000e+00
   1.1700000e+02   0.0000000e+00   9.3698600e-01   8.4027500e-01   3.2410870e+00   1.0000000e+00
   1.1800000e+02   0.0000000e+00   5.3526500e-01   8.4027500e-01   3.2410870e+00   1.0000000e+00
   1.1900000e+02   0.0000000e+00   6.4310600e-01   8.4027500e-01   3.2410870e+00   1.0000000e+00
   1.2000000e+02   1.0000000e+00   7.1867200e-01   8.4027500e-01   3.2410870e+00   0.0000000e+00
   1.2100000e+02   0.0000000e+00   4.4960800e-01   8.4027500e-01   3.2410870e+00   1.0000000e+00
   1.2200000e+02   0.0000000e+00   6.9086100e-01   8.4027500e-01   3.2410870e+00   1.0000000e+00
   1.2300000e+02   0.0000000e+00   1.4381140e+00   8.4027500e-01   3.2410870e+00   0.0000000e+00
   1.2400000e+02   1.0000000e+00   1.9640370e+00   8.4027500e-01   3.2410870e+00   1.0000000e+00
   1.2500000e+02   0.0000000e+00   6.5952800e-01   8.4027500e-01   3.2410870e+00   0.0000000e+00
   1.2600000e+02   0.0000000e+00   8.3862300e-01   8.4027500e-01   3.2410870e+00   0.0000000e+00
   1.2700000e+02   0.0000000e+00   6.5674400e-01   8.4027500e-01   3.2410870e+00   0.0000000e+00
   1.2800000e+02   1.0000000e+00   1.0777360e+00   8.4027500e-01   3.2410870e+00   0.0000000e+00
   1.2900000e+02   0.0000000e+00   8.6520800e-01   8.4027500e-01   3.2410870e+00   0.0000000e+00
   1.3000000e+02   1.0000000e+00   7.8655100e-01   8.4027500e-01   3.2410870e+00   1.0000000e+00
   1.3100000e+02   0.0000000e+00   1.4891280e+00   8.4027500e-01   3.2410870e+00   0.0000000e+00
   1.3200000e+02   0.0000000e+00   1.1217150e+00   8.4027500e-01   3.2410870e+00   1.0000000e+00
   1.3300000e+02   0.0000000e+00   1.1416760e+00   8.4027500e-01   3.2410870e+00   0.0000000e+00
   1.3400000e+02   0.0000000e+00   6.1845200e-01   8.4027500e-01   3.2410870e+00   0.0000000e+00
   1.3500000e+02   1.0000000e+00   8.0818700e-01   8.4027500e-01   3.2410870e+00   1.0000000e+00
   1.3600000e+02   1.0000000e+00   6.9775100e-01   8.4027500e-01   3.2410870e+00   0.0000000e+00
