   1.0000000e+00   0.0000000e+00   1.2515530e+00   8.2482300e-01   2.8642340e+00   1.0000000e+00
   2.0000000e+00   0.0000000e+00   7.5681300e-01   8.2482300e-01   2.8642340e+00   0.0000000e+00
   3.0000000e+00   0.0000000e+00   1.2261290e+00   8.2482300e-01   2.8642340e+00   0.0000000e+00
   4.0000000e+00   1.0000000e+00   6.0752200e-01   8.2482300e-01   2.8642340e+00   1.0000000e+00
   5.0000000e+00   0.0000000e+00   4.8343600e-01   8.2482300e-01   2.8642340e+00   0.0000000e+00
   6.0000000e+00   0.0000000e+00   5.1565000e-01   8.2482300e-01   2.8642340e+00   0.0000000e+00
   7.0000000e+00   0.0000000e+00   8.3702900e-01   8.2482300e-01   2.8642340e+00   1.0000000e+00
   8.0000000e+00   1.0000000e+00   8.0181800e-01   8.2482300e-01   2.8642340e+00   0.0000000e+00
   9.0000000e+00   0.0000000e+00   1.0719970e+00   8.2482300e-01   2.8642340e+00   0.0000000e+00
   1.0000000e+01   0.0000000e+00   6.7263400e-01   8.2482300e-01   2.8642340e+00   0.0000000e+00
   1.1000000e+01   1.0000000e+00   1.1805680e+00   8.2482300e-01   2.8642340e+00   1.0000000e+00
   1.2000000e+01   0.0000000e+00   8.6048700e-01   8.2482300e-01   2.8642340e+00   0.0000000e+00
   1.3000000e+01   0.0000000e+00   1.8411450e+00   8.2482300e-01   2.8642340e+00   1.0000000e+00
   1.4000000e+01   0.0000000e+00   9.0797400e-01   8.2482300e-01   2.8642340e+00   1.0000000e+00
   1.5000000e+01   0.0000000e+00   6.7047800e-01   8.2482300e-01   2.8642340e+00   0.0000000e+00
   1.6000000e+01   0.0000000e+00   5.3011700e-01   8.2482300e-01   2.8642340e+00   1.0000000e+00
   1.7000000e+01   0.0000000e+00   6.2388000e-01   8.2482300e-01   2.8642340e+00   1.0000000e+00
   1.8000000e+01   1.0000000e+00   1.1332850e+00   8.2482300e-01   2.8642340e+00   0.0000000e+00
   1.9000000e+01   0.0000000e+00   1.2398010e+00   8.2482300e-01   2.8642340e+00   1.0000000e+00
   2.0000000e+01   1.0000000e+00   8.9889000e-01   8.2482300e-01   2.8642340e+00   0.0000000e+00
   2.1000000e+01   0.0000000e+00   4.3958900e-01   8.2482300e-01   2.8642340e+00   1.0000000e+00
   2.2000000e+01   0.0000000e+00   9.1423300e-01   8.2482300e-01   2.8642340e+00   1.0000000e+00
   2.3000000e+01   0.0000000e+00   9.9876400e-01   8.2482300e-01   2.8642340e+00   1.0000000e+00
   2.4000000e+01   0.0000000e+00   5.1622300e-01   8.2482300e-01   2.8642340e+00   0.0000000e+00
   2.5000000e+01   1.0000000e+00   7.6008400e-01   8.2482300e-01   2.8642340e+00   1.0000000e+00
   2.6000000e+01   0.0000000e+00   1.4038680e+00   8.2482300e-01   2.8642340e+00   1.0000000e+00
   2.7000000e+01   0.0000000e+00   4.9947200e-01   8.2482300e-01   2.8642340e+00   1.0000000e+00
   2.8000000e+01   0.0000000e+00   6.4976000e-01   8.2482300e-01   2.8642340e+00   1.0000000e+00
   2.9000000e+01   1.0000000e+00   4.6766700e-01   8.2482300e-01   2.8642340e+00   0.0000000e+00
   3.0000000e+01   0.0000000e+00   7.8959500e-01   8.2482300e-01   2.8642340e+00   0.0000000e+00
   3.1000000e+01   0.0000000e+00   9.4092800e-01   8.2482300e-01   2.8642340e+00   0.0000000e+00
   3.2000000e+01   1.0000000e+00   5.1078400e-01   8.2482300e-01   2.8642340e+00   1.0000000e+00
   3.3000000e+01   0.0000000e+00   6.5767200e-01   8.2482300e-01   2.8642340e+00   0.0000000e+00
   3.4000000e+01   1.0000000e+00   5.5365600e-01   8.2482300e-01   2.8642340e+00   0.0000000e+00
   3.5000000e+01   1.0000000e+00   4.5371300e-01   8.2482300e-01   2.8642340e+00   1.0000000e+00
   3.6000000e+01   0.0000000e+00   7.3140200e-01   8.2482300e-01   2.8642340e+00   1.0000000e+00
   3.7000000e+01   0.0000000e+00   7.5817900e-01   8.2482300e-01   2.8642340e+00   0.0000000e+00
   3.8000000e+01   0.0000000e+00   1.0368740e+00   8.2482300e-01   2.8642340e+00   0.0000000e+00
   3.9000000e+01   0.0000000e+00   8.3172600e-01   8.2482300e-01   2.8642340e+00   0.0000000e+00
   4.0000000e+01   1.0000000e+00   1.0068260e+00   8.2482300e-01   2.8642340e+00   1.0000000e+00
   4.1000000e+01   0.0000000e+00   4.8041100e-01   8.2482300e-01   2.8642340e+00   1.0000000e+00
   4.2000000e+01   1.0000000e+00   4.6278700e-01   8.2482300e-01   2.8642340e+00   0.0000000e+00
   4.3000000e+01   0.0000000e+00   5.8104400e-01   8.2482300e-01   2.8642340e+00   0.0000000e+00
   4.4000000e+01   0.0000000e+00   8.8401800e-01   8.2482300e-01   2.8642340e+00   1.0000000e+00
   4.5000000e+01   0.0000000e+00   2.1472180e+00   8.2482300e-01   2.8642340e+00   0.0000000e+00
   4.6000000e+01   1.0000000e+00   4.4450900e-01   8.2482300e-01   2.8642340e+00   1.0000000e+00
   4.7000000e+01   0.0000000e+00   2.4092630e+00   8.2482300e-01   2.8642340e+00   0.0000000e+00
   4.8000000e+01   0.0000000e+00   1.3475280e+00   8.2482300e-01   2.8642340e+00   1.0000000e+00
   4.9000000e+01   1.0000000e+00   7.1503500e-01   8.2482300e-01   2.8642340e+00   0.0000000e+00
   5.0000000e+01   0.0000000e+00   6.4739600e-01   8.2482300e-01   2.8642340e+00   1.0000000e+00
   5.1000000e+01   1.0000000e+00   6.8070500e-01   8.2482300e-01   2.8642340e+00   0.0000000e+00
   5.2000000e+01   0.0000000e+00   8.6764200e-01   8.2482300e-01   2.8642340e+00   0.0000000e+00
   5.3000000e+01   0.0000000e+00   9.8033900e-01   8.2482300e-01   2.8642340e+00   0.0000000e+00
   5.4000000e+01   0.0000000e+00   7.9051700e-01   8.2482300e-01   2.8642340e+00   1.0000000e+00
   5.5000000e+01   1.0000000e+00   1.2905840e+00   8.2482300e-01   2.8642340e+00   1.0000000e+00
   5.6000000e+01   0.0000000e+00   8.7790800e-01   8.2482300e-01   2.8642340e+00   0.0000000e+00
   5.7000000e+01   0.0000000e+00   7.7043000e-01   8.2482300e-01   2.8642340e+00   0.0000000e+00
   5.8000000e+01   1.0000000e+00   4.8803300e-01   8.2482300e-01   2.8642340e+00   0.0000000e+00
   5.9000000e+01   0.0000000e+00   5.6188900e-01   8.2482300e-01   2.8642340e+00   1.0000000e+00
   6.0000000e+01   1.0000000e+00   9.0828400e-01   8.2482300e-01   2.8642340e+00   1.0000000e+00
   6.1000000e+01   1.0000000e+00   6.6617500e-01   8.2482300e-01   2.8642340e+00   1.0000000e+00
   6.2000000e+01   0.0000000e+00   1.0241300e+00   8.2482300e-01   2.8642340e+00   0.0000000e+00
   6.3000000e+01   0.0000000e+00   2.8377620e+00   8.2482300e-01   2.8642340e+00   0.0000000e+00
   6.4000000e+01   0.0000000e+00   5.7390500e-01   8.2482300e-01   2.8642340e+00   1.0000000e+00
   6.5000000e+01   0.0000000e+00   1.5716360e+00   8.2482300e-01   2.8642340e+00   1.0000000e+00
   6.6000000e+01   0.0000000e+00   5.4559300e-01   8.2482300e-01   2.8642340e+00   1.0000000e+00
   6.7000000e+01   0.0000000e+00   5.5513100e-01   8.2482300e-01   2.8642340e+00   1.0000000e+00
   6.8000000e+01   0.0000000e+00   6.0911800e-01   8.2482300e-01   2.8642340e+00   0.0000000e+00
   6.9000000e+01   1.0000000e+00   1.1064370e+00   8.2482300e-01   2.8642340e+00   0.0000000e+00
   7.0000000e+01   0.0000000e+00   4.9414800e-01   8.2482300e-01   2.8642340e+00   0.0000000e+00
   7.1000000e+01   0.0000000e+00   8.4544200e-01   8.2482300e-01   2.8642340e+00   0.0000000e+00
   7.2000000e+01   1.0000000e+00   1.7669740e+00   8.2482300e-01   2.8642340e+00   0.0000000e+00
   7.3000000e+01   0.0000000e+00   1.6284430e+00   8.2482300e-01   2.8642340e+00   0.0000000e+00
   7.4000000e+01   1.0000000e+00   1.1788920e+00   8.2482300e-01   2.8642340e+00   1.0000000e+00
   7.5000000e+01   0.0000000e+00   1.1239280e+00   8.2482300e-01   2.8642340e+00   0.0000000e+00
   7.6000000e+01   0.0000000e+00   4.9029600e-01   8.2482300e-01   2.8642340e+00   1.0000000e+00
   7.7000000e+01   0.0000000e+00   5.4138300e-01   8.2482300e-01   2.8642340e+00   1.0000000e+00
   7.8000000e+01   0.0000000e+00   8.2502800e-01   8.2482300e-01   2.8642340e+00   1.0000000e+00
   7.9000000e+01   1.0000000e+00   1.5760660e+00   8.2482300e-01   2.8642340e+00   0.0000000e+00
   8.0000000e+01   0.0000000e+00   9.7795500e-01   8.2482300e-01   2.8642340e+00   1.0000000e+00
   8.1000000e+01   0.0000000e+00   1.6062520e+00   8.2482300e-01   2.8642340e+00   1.0000000e+00
   8.2000000e+01   0.0000000e+00   5.8849400e-01   8.2482300e-01   2.8642340e+00   0.0000000e+00
   8.3000000e+01   0.0000000e+00   1.2196180e+00   8.2482300e-01   2.8642340e+00   1.0000000e+00
   8.4000000e+01   1.0000000e+00   1.9911400e+00   8.2482300e-01   2.8642340e+00   1.0000000e+00
   8.5000000e+01   0.0000000e+00   7.7131000e-01   8.2482300e-01   2.8642340e+00   1.0000000e+00
   8.6000000e+01   0.0000000e+00   5.3968500e-01   8.2482300e-01   2.8642340e+00   0.0000000e+00
   8.7000000e+01   0.0000000e+00   1.5483720e+00   8.2482300e-01   2.8642340e+00   1.0000000e+00
   8.8000000e+01   1.0000000e+00   8.0104000e-01   8.2482300e-01   2.8642340e+00   1.0000000e+00
   8.9000000e+01   0.0000000e+00   5.1073000e-01   8.2482300e-01   2.8642340e+00   0.0000000e+00
   9.0000000e+01   0.0000000e+00   8.2102800e-01   8.2482300e-01   2.8642340e+00   0.0000000e+00
   9.1000000e+01   0.0000000e+00   5.9203400e-01   8.2482300e-01   2.8642340e+00   1.0000000e+00
   9.2000000e+01   0.0000000e+00   6.8697800e-01   8.2482300e-01   2.8642340e+00   0.0000000e+00
   9.3000000e+01   1.0000000e+00   5.3412100e-01   8.2482300e-01   2.8642340e+00   0.0000000e+00
   9.4000000e+01   0.0000000e+00   7.9522200e-01   8.2482300e-01   2.8642340e+00   1.0000000e+00
   9.5000000e+01   0.0000000e+00   4.6822000e-01   8.2482300e-01   2.8642340e+00   1.0000000e+00
   9.6000000e+01   0.0000000e+00   4.6980800e-01   8.2482300e-01   2.8642340e+00   1.0000000e+00
   9.7000000e+01   0.0000000e+00   1.4795150e+00   8.2482300e-01   2.8642340e+00   0.0000000e+00
   9.8000000e+01   1.0000000e+00   9.9227800e-01   8.2482300e-01   2.8642340e+00   1.0000000e+00
   9.9000000e+01   0.0000000e+00   8.9074700e-01   8.2482300e-01   2.8642340e+00   0.0000000e+00
   1.0000000e+02   0.0000000e+00   5.2386600e-01   8.2482300e-01   2.8642340e+00   0.0000000e+00
   1.0100000e+02   1.0000000e+00   9.4668700e-01   8.2482300e-01   2.8642340e+00   0.0000000e+00
   1.0200000e+02   1.0000000e+00   6.1008200e-01   8.2482300e-01   2.8642340e+00   1.0000000e+00
   1.0300000e+02   0.0000000e+00   7.0761400e-01   8.2482300e-01   2.8642340e+00   1.0000000e+00
   1.0400000e+02   0.0000000e+00   1.0942840e+00   8.2482300e-01   2.8642340e+00   0.0000000e+00
   1.0500000e+02   0.0000000e+00   8.3722600e-01   8.2482300e-01   2.8642340e+00   1.0000000e+00
   1.0600000e+02   1.0000000e+00   8.2768500e-01   8.2482300e-01   2.8642340e+00   0.0000000e+00
   1.0700000e+02   0.0000000e+00   1.3242630e+00   8.2482300e-01   2.8642340e+00   0.0000000e+00
   1.0800000e+02   0.0000000e+00   5.4518100e-01   8.2482300e-01   2.8642340e+00   0.0000000e+00
   1.0900000e+02   0.0000000e+00   7.7784700e-01   8.2482300e-01   2.8642340e+00   1.0000000e+00
   1.1000000e+02   0.0000000e+00   1.8970190e+00   8.2482300e-01   2.8642340e+00   1.0000000e+00
   1.1100000e+02   1.0000000e+00   1.7227420e+00   8.2482300e-01   2.8642340e+00   0.0000000e+00
   1.1200000e+02   0.0000000e+00   4.4266400e-01   8.2482300e-01   2.8642340e+00   1.0000000e+00
   1.1300000e+02   1.0000000e+00   1.4703290e+00   8.2482300e-01   2.8642340e+00   1.0000000e+00
   1.1400000e+02   0.0000000e+00   5.4911500e-01   8.2482300e-01   2.8642340e+00   0.0000000e+00
   1.1500000e+02   1.0000000e+00   9.9581300e-01   8.2482300e-01   2.8642340e+00   0.0000000e+00
   1.1600000e+02   0.0000000e+00   1.6224260e+00   8.2482300e-01   2.8642340e+00   1.0000000e+00
   1.1700000e+02   0.0000000e+00   6.4913300e-01   8.2482300e-01   2.8642340e+00   0.0000000e+00
   1.1800000e+02   0.0000000e+00   7.7890000e-01   8.2482300e-01   2.8642340e+00   0.0000000e+00
   1.1900000e+02   1.0000000e+00   3.7859900e+00   8.2482300e-01   2.8642340e+00   1.0000000e+00
   1.2000000e+02   0.0000000e+00   7.1073200e-01   8.2482300e-01   2.8642340e+00   0.0000000e+00
   1.2100000e+02   1.0000000e+00   6.3950600e-01   8.2482300e-01   2.8642340e+00   1.0000000e+00
   1.2200000e+02   0.0000000e+00   1.5574520e+00   8.2482300e-01   2.8642340e+00   0.0000000e+00
   1.2300000e+02   1.0000000e+00   9.0886500e-01   8.2482300e-01   2.8642340e+00   0.0000000e+00
   1.2400000e+02   0.0000000e+00   1.0004100e+00   8.2482300e-01   2.8642340e+00   1.0000000e+00
   1.2500000e+02   0.0000000e+00   4.7064400e-01   8.2482300e-01   2.8642340e+00   0.0000000e+00
   1.2600000e+02   0.0000000e+00   6.3158500e-01   8.2482300e-01   2.8642340e+00   1.0000000e+00
   1.2700000e+02   0.0000000e+00   1.5512550e+00   8.2482300e-01   2.8642340e+00   1.0000000e+00
   1.2800000e+02   1.0000000e+00   7.9448600e-01   8.2482300e-01   2.8642340e+00   1.0000000e+00
   1.2900000e+02   0.0000000e+00   7.3339700e-01   8.2482300e-01   2.8642340e+00   0.0000000e+00
   1.3000000e+02   1.0000000e+00   1.2139250e+00   8.2482300e-01   2.8642340e+00   0.0000000e+00
   1.3100000e+02   0.0000000e+00   1.3520730e+00   8.2482300e-01   2.8642340e+00   1.0000000e+00
   1.3200000e+02   0.0000000e+00   4.8857600e-01   8.2482300e-01   2.8642340e+00   1.0000000e+00
   1.3300000e+02   0.0000000e+00   1.2413640e+00   8.2482300e-01   2.8642340e+00   0.0000000e+00
   1.3400000e+02   0.0000000e+00   6.0659200e-01   8.2482300e-01   2.8642340e+00   1.0000000e+00
   1.3500000e+02   1.0000000e+00   9.2836000e-01   8.2482300e-01   2.8642340e+00   0.0000000e+00
   1.3600000e+02   1.0000000e+00   6.0911600e-01   8.2482300e-01   2.8642340e+00   1.0000000e+00
