   1.0000000e+00   0.0000000e+00   6.5874400e-01   8.2875000e-01   3.5748007e+00   0.0000000e+00
   2.0000000e+00   0.0000000e+00   4.8725100e-01   8.2875000e-01   3.5748007e+00   0.0000000e+00
   3.0000000e+00   0.0000000e+00   1.0711040e+00   8.2875000e-01   3.5748007e+00   1.0000000e+00
   4.0000000e+00   0.0000000e+00   1.0399060e+00   8.2875000e-01   3.5748007e+00   0.0000000e+00
   5.0000000e+00   0.0000000e+00   7.1535400e-01   8.2875000e-01   3.5748007e+00   0.0000000e+00
   6.0000000e+00   1.0000000e+00   1.0707400e+00   8.2875000e-01   3.5748007e+00   1.0000000e+00
   7.0000000e+00   1.0000000e+00   9.7085400e-01   8.2875000e-01   3.5748007e+00   0.0000000e+00
   8.0000000e+00   0.0000000e+00   6.9852600e-01   8.2875000e-01   3.5748007e+00   0.0000000e+00
   9.0000000e+00   1.0000000e+00   4.4601700e-01   8.2875000e-01   3.5748007e+00   1.0000000e+00
   1.0000000e+01   0.0000000e+00   4.7926600e-01   8.2875000e-01   3.5748007e+00   0.0000000e+00
   1.1000000e+01   0.0000000e+00   1.4198490e+00   8.2875000e-01   3.5748007e+00   0.0000000e+00
   1.2000000e+01   0.0000000e+00   1.7086670e+00   8.2875000e-01   3.5748007e+00   1.0000000e+00
   1.3000000e+01   0.0000000e+00   9.2198500e-01   8.2875000e-01   3.5748007e+00   0.0000000e+00
   1.4000000e+01   1.0000000e+00   9.1619300e-01   8.2875000e-01   3.5748007e+00   0.0000000e+00
   1.5000000e+01   0.0000000e+00   7.9995300e-01   8.2875000e-01   3.5748007e+00   1.0000000e+00
   1.6000000e+01   0.0000000e+00   5.6986400e-01   8.2875000e-01   3.5748007e+00   0.0000000e+00
   1.7000000e+01   1.0000000e+00   1.5569640e+00   8.2875000e-01   3.5748007e+00   0.0000000e+00
   1.8000000e+01   0.0000000e+00   4.5594300e-01   8.2875000e-01   3.5748007e+00   0.0000000e+00
   1.9000000e+01   1.0000000e+00   8.3622500e-01   8.2875000e-01   3.5748007e+00   1.0000000e+00
   2.0000000e+01   0.0000000e+00   9.2311900e-01   8.2875000e-01   3.5748007e+00   1.0000000e+00
   2.1000000e+01   0.0000000e+00   4.7161300e-01   8.2875000e-01   3.5748007e+00   1.0000000e+00
   2.2000000e+01   0.0000000e+00   4.3524500e-01   8.2875000e-01   3.5748007e+00   0.0000000e+00
   2.3000000e+01   0.0000000e+00   6.0593300e-01   8.2875000e-01   3.5748007e+00   1.0000000e+00
   2.4000000e+01   0.0000000e+00   5.1628000e-01   8.2875000e-01   3.5748007e+00   1.0000000e+00
   2.5000000e+01   0.0000000e+00   7.0262300e-01   8.2875000e-01   3.5748007e+00   1.0000000e+00
   2.6000000e+01   0.0000000e+00   8.0327100e-01   8.2875000e-01   3.5748007e+00   1.0000000e+00
   2.7000000e+01   1.0000000e+00   8.2222500e-01   8.2875000e-01   3.5748007e+00   0.0000000e+00
   2.8000000e+01   0.0000000e+00   1.0525700e+00   8.2875000e-01   3.5748007e+00   1.0000000e+00
   2.9000000e+01   0.0000000e+00   6.0501900e-01   8.2875000e-01   3.5748007e+00   1.0000000e+00
   3.0000000e+01   0.0000000e+00   5.1866800e-01   8.2875000e-01   3.5748007e+00   0.0000000e+00
   3.1000000e+01   1.0000000e+00   5.2407000e-01   8.2875000e-01   3.5748007e+00   1.0000000e+00
   3.2000000e+01   1.0000000e+00   5.3920200e-01   8.2875000e-01   3.5748007e+00   0.0000000e+00
   3.3000000e+01   0.0000000e+00   1.2228070e+00   8.2875000e-01   3.5748007e+00   1.0000000e+00
   3.4000000e+01   0.0000000e+00   6.4718500e-01   8.2875000e-01   3.5748007e+00   1.0000000e+00
   3.5000000e+01   0.0000000e+00   6.8164100e-01   8.2875000e-01   3.5748007e+00   1.0000000e+00
   3.6000000e+01   0.0000000e+00   7.7009000e-01   8.2875000e-01   3.5748007e+00   0.0000000e+00
   3.7000000e+01   0.0000000e+00   4.5785000e-01   8.2875000e-01   3.5748007e+00   0.0000000e+00
   3.8000000e+01   1.0000000e+00   1.5189310e+00   8.2875000e-01   3.5748007e+00   1.0000000e+00
   3.9000000e+01   0.0000000e+00   4.7552200e-01   8.2875000e-01   3.5748007e+00   0.0000000e+00
   4.0000000e+01   0.0000000e+00   1.0103590e+00   8.2875000e-01   3.5748007e+00   1.0000000e+00
   4.1000000e+01   0.0000000e+00   7.6502900e-01   8.2875000e-01   3.5748007e+00   1.0000000e+00
   4.2000000e+01   1.0000000e+00   2.3840350e+00   8.2875000e-01   3.5748007e+00   1.0000000e+00
   4.3000000e+01   0.0000000e+00   5.8398500e-01   8.2875000e-01   3.5748007e+00   0.0000000e+00
   4.4000000e+01   0.0000000e+00   7.9830400e-01   8.2875000e-01   3.5748007e+00   0.0000000e+00
   4.5000000e+01   0.0000000e+00   1.2183350e+00   8.2875000e-01   3.5748007e+00   1.0000000e+00
   4.6000000e+01   0.0000000e+00   5.8312700e-01   8.2875000e-01   3.5748007e+00   1.0000000e+00
   4.7000000e+01   0.0000000e+00   9.1554400e-01   8.2875000e-01   3.5748007e+00   0.0000000e+00
   4.8000000e+01   1.0000000e+00   1.3807470e+00   8.2875000e-01   3.5748007e+00   0.0000000e+00
   4.9000000e+01   0.0000000e+00   6.7914100e-01   8.2875000e-01   3.5748007e+00   0.0000000e+00
   5.0000000e+01   0.0000000e+00   7.2844500e-01   8.2875000e-01   3.5748007e+00   0.0000000e+00
   5.1000000e+01   1.0000000e+00   4.8709900e-01   8.2875000e-01   3.5748007e+00   1.0000000e+00
   5.2000000e+01   0.0000000e+00   9.1593800e-01   8.2875000e-01   3.5748007e+00   0.0000000e+00
   5.3000000e+01   1.0000000e+00   7.7505300e-01   8.2875000e-01   3.5748007e+00   0.0000000e+00
   5.4000000e+01   0.0000000e+00   4.8685200e-01   8.2875000e-01   3.5748007e+00   0.0000000e+00
   5.5000000e+01   1.0000000e+00   6.0018600e-01   8.2875000e-01   3.5748007e+00   0.0000000e+00
   5.6000000e+01   0.0000000e+00   7.3965300e-01   8.2875000e-01   3.5748007e+00   1.0000000e+00
   5.7000000e+01   0.0000000e+00   1.5010100e+00   8.2875000e-01   3.5748007e+00   1.0000000e+00
   5.8000000e+01   0.0000000e+00   6.8141900e-01   8.2875000e-01   3.5748007e+00   1.0000000e+00
   5.9000000e+01   0.0000000e+00   5.3372500e-01   8.2875000e-01   3.5748007e+00   0.0000000e+00
   6.0000000e+01   1.0000000e+00   5.4778100e-01   8.2875000e-01   3.5748007e+00   1.0000000e+00
   6.1000000e+01   0.0000000e+00   4.4951400e-01   8.2875000e-01   3.5748007e+00   1.0000000e+00
   6.2000000e+01   0.0000000e+00   6.5840600e-01   8.2875000e-01   3.5748007e+00   1.0000000e+00
   6.3000000e+01   1.0000000e+00   1.7550750e+00   8.2875000e-01   3.5748007e+00   0.0000000e+00
   6.4000000e+01   0.0000000e+00   1.3699200e+00   8.2875000e-01   3.5748007e+00   0.0000000e+00
   6.5000000e+01   0.0000000e+00   9.8993200e-01   8.2875000e-01   3.5748007e+00   0.0000000e+00
   6.6000000e+01   0.0000000e+00   1.5414260e+00   8.2875000e-01   3.5748007e+00   1.0000000e+00
   6.7000000e+01   1.0000000e+00   7.7801100e-01   8.2875000e-01   3.5748007e+00   1.0000000e+00
   6.8000000e+01   0.0000000e+00   5.1638400e-01   8.2875000e-01   3.5748007e+00   1.0000000e+00
   6.9000000e+01   1.0000000e+00   8.1265000e-01   8.2875000e-01   3.5748007e+00   1.0000000e+00
   7.0000000e+01   0.0000000e+00   1.7884490e+00   8.2875000e-01   3.5748007e+00   1.0000000e+00
   7.1000000e+01   0.0000000e+00   4.5236800e-01   8.2875000e-01   3.5748007e+00   1.0000000e+00
   7.2000000e+01   0.0000000e+00   1.3657800e+00   8.2875000e-01   3.5748007e+00   0.0000000e+00
   7.3000000e+01   0.0000000e+00   7.7022300e-01   8.2875000e-01   3.5748007e+00   0.0000000e+00
   7.4000000e+01   0.0000000e+00   2.0478080e+00   8.2875000e-01   3.5748007e+00   1.0000000e+00
   7.5000000e+01   1.0000000e+00   6.9245200e-01   8.2875000e-01   3.5748007e+00   0.0000000e+00
   7.6000000e+01   0.0000000e+00   8.2074200e-01   8.2875000e-01   3.5748007e+00   0.0000000e+00
   7.7000000e+01   0.0000000e+00   1.6080540e+00   8.2875000e-01   3.5748007e+00   0.0000000e+00
   7.8000000e+01   0.0000000e+00   1.4838290e+00   8.2875000e-01   3.5748007e+00   1.0000000e+00
   7.9000000e+01   1.0000000e+00   2.1013470e+00   8.2875000e-01   3.5748007e+00   0.0000000e+00
   8.0000000e+01   0.0000000e+00   5.8618300e-01   8.2875000e-01   3.5748007e+00   0.0000000e+00
   8.1000000e+01   1.0000000e+00   1.7501660e+00   8.2875000e-01   3.5748007e+00   1.0000000e+00
   8.2000000e+01   0.0000000e+00   4.6309000e-01   8.2875000e-01   3.5748007e+00   1.0000000e+00
   8.3000000e+01   1.0000000e+00   7.5302300e-01   8.2875000e-01   3.5748007e+00   0.0000000e+00
   8.4000000e+01   0.0000000e+00   1.5717240e+00   8.2875000e-01   3.5748007e+00   1.0000000e+00
   8.5000000e+01   1.0000000e+00   6.4272000e-01   8.2875000e-01   3.5748007e+00   1.0000000e+00
   8.6000000e+01   0.0000000e+00   2.2813860e+00   8.2875000e-01   3.5748007e+00   0.0000000e+00
   8.7000000e+01   0.0000000e+00   6.7556400e-01   8.2875000e-01   3.5748007e+00   1.0000000e+00
   8.8000000e+01   0.0000000e+00   1.3298090e+00   8.2875000e-01   3.5748007e+00   0.0000000e+00
   8.9000000e+01   0.0000000e+00   1.2826380e+00   8.2875000e-01   3.5748007e+00   0.0000000e+00
   9.0000000e+01   0.0000000e+00   3.6563190e+00   8.2875000e-01   3.5748007e+00   1.0000000e+00
   9.1000000e+01   1.0000000e+00   4.6286200e-01   8.2875000e-01   3.5748007e+00   1.0000000e+00
   9.2000000e+01   0.0000000e+00   6.0863100e-01   8.2875000e-01   3.5748007e+00   0.0000000e+00
   9.3000000e+01   1.0000000e+00   8.5022100e-01   8.2875000e-01   3.5748007e+00   0.0000000e+00
   9.4000000e+01   0.0000000e+00   8.0541300e-01   8.2875000e-01   3.5748007e+00   0.0000000e+00
   9.5000000e+01   0.0000000e+00   4.5821900e-01   8.2875000e-01   3.5748007e+00   1.0000000e+00
   9.6000000e+01   1.0000000e+00   2.2215000e+00   8.2875000e-01   3.5748007e+00   1.0000000e+00
   9.7000000e+01   0.0000000e+00   8.9217900e-01   8.2875000e-01   3.5748007e+00   1.0000000e+00
   9.8000000e+01   1.0000000e+00   5.7538700e-01   8.2875000e-01   3.5748007e+00   0.0000000e+00
   9.9000000e+01   0.0000000e+00   5.3076800e-01   8.2875000e-01   3.5748007e+00   0.0000000e+00
   1.0000000e+02   0.0000000e+00   7.2546900e-01   8.2875000e-01   3.5748007e+00   0.0000000e+00
   1.0100000e+02   0.0000000e+00   1.3064970e+00   8.2875000e-01   3.5748007e+00   1.0000000e+00
   1.0200000e+02   1.0000000e+00   1.1606030e+00   8.2875000e-01   3.5748007e+00   1.0000000e+00
   1.0300000e+02   0.0000000e+00   5.6204700e-01   8.2875000e-01   3.5748007e+00   0.0000000e+00
   1.0400000e+02   1.0000000e+00   1.3328110e+00   8.2875000e-01   3.5748007e+00   0.0000000e+00
   1.0500000e+02   0.0000000e+00   7.4269300e-01   8.2875000e-01   3.5748007e+00   0.0000000e+00
   1.0600000e+02   1.0000000e+00   5.5871500e-01   8.2875000e-01   3.5748007e+00   0.0000000e+00
   1.0700000e+02   0.0000000e+00   7.6749200e-01   8.2875000e-01   3.5748007e+00   0.0000000e+00
   1.0800000e+02   0.0000000e+00   1.2010690e+00   8.2875000e-01   3.5748007e+00   0.0000000e+00
   1.0900000e+02   1.0000000e+00   1.0721200e+00   8.2875000e-01   3.5748007e+00   1.0000000e+00
   1.1000000e+02   0.0000000e+00   9.3377800e-01   8.2875000e-01   3.5748007e+00   0.0000000e+00
   1.1100000e+02   0.0000000e+00   4.6604500e-01   8.2875000e-01   3.5748007e+00   1.0000000e+00
   1.1200000e+02   0.0000000e+00   5.5644800e-01   8.2875000e-01   3.5748007e+00   0.0000000e+00
   1.1300000e+02   0.0000000e+00   7.1117500e-01   8.2875000e-01   3.5748007e+00   1.0000000e+00
   1.1400000e+02   1.0000000e+00   1.1037680e+00   8.2875000e-01   3.5748007e+00   0.0000000e+00
   1.1500000e+02   0.0000000e+00   1.8084860e+00   8.2875000e-01   3.5748007e+00   0.0000000e+00
   1.1600000e+02   0.0000000e+00   5.5756000e-01   8.2875000e-01   3.5748007e+00   0.0000000e+00
   1.1700000e+02   0.0000000e+00   7.8472400e-01   8.2875000e-01   3.5748007e+00   1.0000000e+00
   1.1800000e+02   0.0000000e+00   6.4279100e-01   8.2875000e-01   3.5748007e+00   1.0000000e+00
   1.1900000e+02   1.0000000e+00   1.0271180e+00   8.2875000e-01   3.5748007e+00   1.0000000e+00
   1.2000000e+02   1.0000000e+00   9.7185100e-01   8.2875000e-01   3.5748007e+00   1.0000000e+00
   1.2100000e+02   0.0000000e+00   1.0304510e+00   8.2875000e-01   3.5748007e+00   0.0000000e+00
   1.2200000e+02   0.0000000e+00   6.0578200e-01   8.2875000e-01   3.5748007e+00   0.0000000e+00
   1.2300000e+02   0.0000000e+00   2.1308470e+00   8.2875000e-01   3.5748007e+00   1.0000000e+00
   1.2400000e+02   1.0000000e+00   4.7323000e-01   8.2875000e-01   3.5748007e+00   0.0000000e+00
   1.2500000e+02   0.0000000e+00   5.7363500e-01   8.2875000e-01   3.5748007e+00   1.0000000e+00
   1.2600000e+02   0.0000000e+00   5.8523700e-01   8.2875000e-01   3.5748007e+00   1.0000000e+00
   1.2700000e+02   0.0000000e+00   8.0863800e-01   8.2875000e-01   3.5748007e+00   0.0000000e+00
   1.2800000e+02   0.0000000e+00   6.1575100e-01   8.2875000e-01   3.5748007e+00   1.0000000e+00
   1.2900000e+02   1.0000000e+00   5.4380000e-01   8.2875000e-01   3.5748007e+00   1.0000000e+00
   1.3000000e+02   0.0000000e+00   1.0003490e+00   8.2875000e-01   3.5748007e+00   1.0000000e+00
   1.3100000e+02   0.0000000e+00   5.0183300e-01   8.2875000e-01   3.5748007e+00   1.0000000e+00
   1.3200000e+02   0.0000000e+00   1.2495610e+00   8.2875000e-01   3.5748007e+00   1.0000000e+00
   1.3300000e+02   1.0000000e+00   9.5192500e-01   8.2875000e-01   3.5748007e+00   0.0000000e+00
   1.3400000e+02   0.0000000e+00   5.6600300e-01   8.2875000e-01   3.5748007e+00   1.0000000e+00
   1.3500000e+02   1.0000000e+00   1.7065000e+00   8.2875000e-01   3.5748007e+00   0.0000000e+00
   1.3600000e+02   1.0000000e+00   9.8998700e-01   8.2875000e-01   3.5748007e+00   1.0000000e+00
