   1.0000000e+00   0.0000000e+00   1.2601610e+00   8.2843100e-01   3.0107204e+00   0.0000000e+00
   2.0000000e+00   0.0000000e+00   1.0005450e+00   8.2843100e-01   3.0107204e+00   0.0000000e+00
   3.0000000e+00   0.0000000e+00   1.0545990e+00   8.2843100e-01   3.0107204e+00   0.0000000e+00
   4.0000000e+00   0.0000000e+00   1.6498470e+00   8.2843100e-01   3.0107204e+00   1.0000000e+00
   5.0000000e+00   0.0000000e+00   6.9106700e-01   8.2843100e-01   3.0107204e+00   0.0000000e+00
   6.0000000e+00   1.0000000e+00   1.0594320e+00   8.2843100e-01   3.0107204e+00   0.0000000e+00
   7.0000000e+00   0.0000000e+00   1.0667400e+00   8.2843100e-01   3.0107204e+00   1.0000000e+00
   8.0000000e+00   1.0000000e+00   9.8535900e-01   8.2843100e-01   3.0107204e+00   1.0000000e+00
   9.0000000e+00   0.0000000e+00   1.0776540e+00   8.2843100e-01   3.0107204e+00   1.0000000e+00
   1.0000000e+01   1.0000000e+00   6.7479200e-01   8.2843100e-01   3.0107204e+00   0.0000000e+00
   1.1000000e+01   0.0000000e+00   6.2906100e-01   8.2843100e-01   3.0107204e+00   1.0000000e+00
   1.2000000e+01   1.0000000e+00   4.5563800e-01   8.2843100e-01   3.0107204e+00   1.0000000e+00
   1.3000000e+01   0.0000000e+00   5.4019200e-01   8.2843100e-01   3.0107204e+00   0.0000000e+00
   1.4000000e+01   0.0000000e+00   9.6616700e-01   8.2843100e-01   3.0107204e+00   0.0000000e+00
   1.5000000e+01   0.0000000e+00   1.5406220e+00   8.2843100e-01   3.0107204e+00   1.0000000e+00
   1.6000000e+01   0.0000000e+00   9.1964300e-01   8.2843100e-01   3.0107204e+00   0.0000000e+00
   1.7000000e+01   1.0000000e+00   8.0993500e-01   8.2843100e-01   3.0107204e+00   1.0000000e+00
   1.8000000e+01   0.0000000e+00   1.0907330e+00   8.2843100e-01   3.0107204e+00   0.0000000e+00
   1.9000000e+01   0.0000000e+00   5.4282800e-01   8.2843100e-01   3.0107204e+00   1.0000000e+00
   2.0000000e+01   0.0000000e+00   6.2665500e-01   8.2843100e-01   3.0107204e+00   0.0000000e+00
   2.1000000e+01   0.0000000e+00   1.0150870e+00   8.2843100e-01   3.0107204e+00   1.0000000e+00
   2.2000000e+01   0.0000000e+00   1.6233590e+00   8.2843100e-01   3.0107204e+00   0.0000000e+00
   2.3000000e+01   0.0000000e+00   6.9044600e-01   8.2843100e-01   3.0107204e+00   1.0000000e+00
   2.4000000e+01   0.0000000e+00   1.1034510e+00   8.2843100e-01   3.0107204e+00   1.0000000e+00
   2.5000000e+01   1.0000000e+00   8.2286600e-01   8.2843100e-01   3.0107204e+00   0.0000000e+00
   2.6000000e+01   0.0000000e+00   8.7947500e-01   8.2843100e-01   3.0107204e+00   1.0000000e+00
   2.7000000e+01   0.0000000e+00   1.2169570e+00   8.2843100e-01   3.0107204e+00   0.0000000e+00
   2.8000000e+01   0.0000000e+00   9.3577000e-01   8.2843100e-01   3.0107204e+00   1.0000000e+00
   2.9000000e+01   0.0000000e+00   6.3998200e-01   8.2843100e-01   3.0107204e+00   1.0000000e+00
   3.0000000e+01   0.0000000e+00   2.6173560e+00   8.2843100e-01   3.0107204e+00   0.0000000e+00
   3.1000000e+01   1.0000000e+00   4.8029200e-01   8.2843100e-01   3.0107204e+00   1.0000000e+00
   3.2000000e+01   0.0000000e+00   8.1314300e-01   8.2843100e-01   3.0107204e+00   0.0000000e+00
   3.3000000e+01   1.0000000e+00   5.2446100e-01   8.2843100e-01   3.0107204e+00   0.0000000e+00
   3.4000000e+01   1.0000000e+00   1.3924240e+00   8.2843100e-01   3.0107204e+00   1.0000000e+00
   3.5000000e+01   0.0000000e+00   5.1277300e-01   8.2843100e-01   3.0107204e+00   0.0000000e+00
   3.6000000e+01   0.0000000e+00   4.9522000e-01   8.2843100e-01   3.0107204e+00   1.0000000e+00
   3.7000000e+01   0.0000000e+00   1.9821730e+00   8.2843100e-01   3.0107204e+00   1.0000000e+00
   3.8000000e+01   0.0000000e+00   9.8579300e-01   8.2843100e-01   3.0107204e+00   1.0000000e+00
   3.9000000e+01   0.0000000e+00   4.5822100e-01   8.2843100e-01   3.0107204e+00   1.0000000e+00
   4.0000000e+01   1.0000000e+00   7.3037300e-01   8.2843100e-01   3.0107204e+00   0.0000000e+00
   4.1000000e+01   0.0000000e+00   4.5165100e-01   8.2843100e-01   3.0107204e+00   0.0000000e+00
   4.2000000e+01   0.0000000e+00   9.8531100e-01   8.2843100e-01   3.0107204e+00   0.0000000e+00
   4.3000000e+01   0.0000000e+00   6.5266000e-01   8.2843100e-01   3.0107204e+00   1.0000000e+00
   4.4000000e+01   0.0000000e+00   1.8969970e+00   8.2843100e-01   3.0107204e+00   0.0000000e+00
   4.5000000e+01   0.0000000e+00   1.9107220e+00   8.2843100e-01   3.0107204e+00   1.0000000e+00
   4.6000000e+01   1.0000000e+00   1.1885770e+00   8.2843100e-01   3.0107204e+00   0.0000000e+00
   4.7000000e+01   0.0000000e+00   1.0319560e+00   8.2843100e-01   3.0107204e+00   1.0000000e+00
   4.8000000e+01   1.0000000e+00   6.6127600e-01   8.2843100e-01   3.0107204e+00   1.0000000e+00
   4.9000000e+01   0.0000000e+00   9.0178800e-01   8.2843100e-01   3.0107204e+00   0.0000000e+00
   5.0000000e+01   1.0000000e+00   1.6731800e+00   8.2843100e-01   3.0107204e+00   0.0000000e+00
   5.1000000e+01   0.0000000e+00   4.4267500e-01   8.2843100e-01   3.0107204e+00   1.0000000e+00
   5.2000000e+01   1.0000000e+00   2.6350670e+00   8.2843100e-01   3.0107204e+00   1.0000000e+00
   5.3000000e+01   0.0000000e+00   1.3423780e+00   8.2843100e-01   3.0107204e+00   1.0000000e+00
   5.4000000e+01   0.0000000e+00   7.0183400e-01   8.2843100e-01   3.0107204e+00   0.0000000e+00
   5.5000000e+01   0.0000000e+00   9.6121100e-01   8.2843100e-01   3.0107204e+00   0.0000000e+00
   5.6000000e+01   0.0000000e+00   1.0741740e+00   8.2843100e-01   3.0107204e+00   0.0000000e+00
   5.7000000e+01   1.0000000e+00   5.2234400e-01   8.2843100e-01   3.0107204e+00   1.0000000e+00
   5.8000000e+01   0.0000000e+00   7.6916700e-01   8.2843100e-01   3.0107204e+00   1.0000000e+00
   5.9000000e+01   0.0000000e+00   9.7501800e-01   8.2843100e-01   3.0107204e+00   1.0000000e+00
   6.0000000e+01   0.0000000e+00   5.0983500e-01   8.2843100e-01   3.0107204e+00   0.0000000e+00
   6.1000000e+01   1.0000000e+00   1.0723810e+00   8.2843100e-01   3.0107204e+00   0.0000000e+00
   6.2000000e+01   0.0000000e+00   7.3754700e-01   8.2843100e-01   3.0107204e+00   0.0000000e+00
   6.3000000e+01   1.0000000e+00   1.2676470e+00   8.2843100e-01   3.0107204e+00   1.0000000e+00
   6.4000000e+01   0.0000000e+00   8.3956800e-01   8.2843100e-01   3.0107204e+00   0.0000000e+00
   6.5000000e+01   0.0000000e+00   4.7503900e-01   8.2843100e-01   3.0107204e+00   1.0000000e+00
   6.6000000e+01   1.0000000e+00   5.5130000e-01   8.2843100e-01   3.0107204e+00   0.0000000e+00
   6.7000000e+01   0.0000000e+00   1.4393720e+00   8.2843100e-01   3.0107204e+00   0.0000000e+00
   6.8000000e+01   0.0000000e+00   1.5895200e+00   8.2843100e-01   3.0107204e+00   1.0000000e+00
   6.9000000e+01   0.0000000e+00   5.1896900e-01   8.2843100e-01   3.0107204e+00   0.0000000e+00
   7.0000000e+01   0.0000000e+00   1.0259540e+00   8.2843100e-01   3.0107204e+00   0.0000000e+00
   7.1000000e+01   0.0000000e+00   7.5347600e-01   8.2843100e-01   3.0107204e+00   0.0000000e+00
   7.2000000e+01   0.0000000e+00   4.9777200e-01   8.2843100e-01   3.0107204e+00   1.0000000e+00
   7.3000000e+01   0.0000000e+00   4.7869900e-01   8.2843100e-01   3.0107204e+00   0.0000000e+00
   7.4000000e+01   1.0000000e+00   5.0767700e-01   8.2843100e-01   3.0107204e+00   0.0000000e+00
   7.5000000e+01   0.0000000e+00   9.3810100e-01   8.2843100e-01   3.0107204e+00   0.0000000e+00
   7.6000000e+01   0.0000000e+00   6.0115300e-01   8.2843100e-01   3.0107204e+00   0.0000000e+00
   7.7000000e+01   0.0000000e+00   1.0107980e+00   8.2843100e-01   3.0107204e+00   1.0000000e+00
   7.8000000e+01   0.0000000e+00   5.7071100e-01   8.2843100e-01   3.0107204e+00   1.0000000e+00
   7.9000000e+01   1.0000000e+00   7.3220400e-01   8.2843100e-01   3.0107204e+00   1.0000000e+00
   8.0000000e+01   0.0000000e+00   8.2737000e-01   8.2843100e-01   3.0107204e+00   1.0000000e+00
   8.1000000e+01   0.0000000e+00   1.9284700e+00   8.2843100e-01   3.0107204e+00   0.0000000e+00
   8.2000000e+01   1.0000000e+00   4.8674300e-01   8.2843100e-01   3.0107204e+00   1.0000000e+00
   8.3000000e+01   0.0000000e+00   7.3181500e-01   8.2843100e-01   3.0107204e+00   1.0000000e+00
   8.4000000e+01   1.0000000e+00   5.3874400e-01   8.2843100e-01   3.0107204e+00   0.0000000e+00
   8.5000000e+01   0.0000000e+00   8.4790900e-01   8.2843100e-01   3.0107204e+00   1.0000000e+00
   8.6000000e+01   0.0000000e+00   2.0231570e+00   8.2843100e-01   3.0107204e+00   1.0000000e+00
   8.7000000e+01   0.0000000e+00   7.9677100e-01   8.2843100e-01   3.0107204e+00   1.0000000e+00
   8.8000000e+01   0.0000000e+00   4.8841400e-01   8.2843100e-01   3.0107204e+00   1.0000000e+00
   8.9000000e+01   1.0000000e+00   7.3517200e-01   8.2843100e-01   3.0107204e+00   1.0000000e+00
   9.0000000e+01   0.0000000e+00   5.9667100e-01   8.2843100e-01   3.0107204e+00   1.0000000e+00
   9.1000000e+01   1.0000000e+00   6.6418700e-01   8.2843100e-01   3.0107204e+00   0.0000000e+00
   9.2000000e+01   0.0000000e+00   5.2332700e-01   8.2843100e-01   3.0107204e+00   0.0000000e+00
   9.3000000e+01   0.0000000e+00   6.8534200e-01   8.2843100e-01   3.0107204e+00   1.0000000e+00
   9.4000000e+01   1.0000000e+00   1.8853010e+00   8.2843100e-01   3.0107204e+00   0.0000000e+00
   9.5000000e+01   0.0000000e+00   1.0937740e+00   8.2843100e-01   3.0107204e+00   0.0000000e+00
   9.6000000e+01   0.0000000e+00   1.2461830e+00   8.2843100e-01   3.0107204e+00   0.0000000e+00
   9.7000000e+01   0.0000000e+00   4.4031500e-01   8.2843100e-01   3.0107204e+00   0.0000000e+00
   9.8000000e+01   1.0000000e+00   1.8416100e+00   8.2843100e-01   3.0107204e+00   1.0000000e+00
   9.9000000e+01   1.0000000e+00   4.6113800e-01   8.2843100e-01   3.0107204e+00   0.0000000e+00
   1.0000000e+02   0.0000000e+00   5.6440400e-01   8.2843100e-01   3.0107204e+00   1.0000000e+00
   1.0100000e+02   1.0000000e+00   9.1345600e-01   8.2843100e-01   3.0107204e+00   1.0000000e+00
   1.0200000e+02   0.0000000e+00   7.8633600e-01   8.2843100e-01   3.0107204e+00   0.0000000e+00
   1.0300000e+02   0.0000000e+00   1.2421720e+00   8.2843100e-01   3.0107204e+00   1.0000000e+00
   1.0400000e+02   1.0000000e+00   8.7077000e-01   8.2843100e-01   3.0107204e+00   0.0000000e+00
   1.0500000e+02   0.0000000e+00   8.5435900e-01   8.2843100e-01   3.0107204e+00   0.0000000e+00
   1.0600000e+02   1.0000000e+00   4.4709400e-01   8.2843100e-01   3.0107204e+00   1.0000000e+00
   1.0700000e+02   0.0000000e+00   8.8530700e-01   8.2843100e-01   3.0107204e+00   1.0000000e+00
   1.0800000e+02   0.0000000e+00   9.8605400e-01   8.2843100e-01   3.0107204e+00   1.0000000e+00
   1.0900000e+02   0.0000000e+00   6.0111700e-01   8.2843100e-01   3.0107204e+00   1.0000000e+00
   1.1000000e+02   1.0000000e+00   5.3281700e-01   8.2843100e-01   3.0107204e+00   1.0000000e+00
   1.1100000e+02   0.0000000e+00   1.0502360e+00   8.2843100e-01   3.0107204e+00   1.0000000e+00
   1.1200000e+02   0.0000000e+00   7.0605600e-01   8.2843100e-01   3.0107204e+00   1.0000000e+00
   1.1300000e+02   0.0000000e+00   7.3437300e-01   8.2843100e-01   3.0107204e+00   1.0000000e+00
   1.1400000e+02   1.0000000e+00   1.5425600e+00   8.2843100e-01   3.0107204e+00   0.0000000e+00
   1.1500000e+02   0.0000000e+00   1.1218690e+00   8.2843100e-01   3.0107204e+00   1.0000000e+00
   1.1600000e+02   1.0000000e+00   6.9665000e-01   8.2843100e-01   3.0107204e+00   1.0000000e+00
   1.1700000e+02   0.0000000e+00   1.2210580e+00   8.2843100e-01   3.0107204e+00   0.0000000e+00
   1.1800000e+02   1.0000000e+00   1.0670750e+00   8.2843100e-01   3.0107204e+00   0.0000000e+00
   1.1900000e+02   0.0000000e+00   4.6082700e-01   8.2843100e-01   3.0107204e+00   0.0000000e+00
   1.2000000e+02   0.0000000e+00   2.2368820e+00   8.2843100e-01   3.0107204e+00   0.0000000e+00
   1.2100000e+02   0.0000000e+00   8.3069700e-01   8.2843100e-01   3.0107204e+00   0.0000000e+00
   1.2200000e+02   1.0000000e+00   6.6668100e-01   8.2843100e-01   3.0107204e+00   0.0000000e+00
   1.2300000e+02   1.0000000e+00   1.0435630e+00   8.2843100e-01   3.0107204e+00   1.0000000e+00
   1.2400000e+02   0.0000000e+00   6.3172500e-01   8.2843100e-01   3.0107204e+00   0.0000000e+00
   1.2500000e+02   0.0000000e+00   4.9428400e-01   8.2843100e-01   3.0107204e+00   1.0000000e+00
   1.2600000e+02   1.0000000e+00   6.6988200e-01   8.2843100e-01   3.0107204e+00   0.0000000e+00
   1.2700000e+02   0.0000000e+00   4.9921400e-01   8.2843100e-01   3.0107204e+00   1.0000000e+00
   1.2800000e+02   0.0000000e+00   1.1125160e+00   8.2843100e-01   3.0107204e+00   0.0000000e+00
   1.2900000e+02   0.0000000e+00   5.7734900e-01   8.2843100e-01   3.0107204e+00   0.0000000e+00
   1.3000000e+02   1.0000000e+00   4.4432700e-01   8.2843100e-01   3.0107204e+00   1.0000000e+00
   1.3100000e+02   0.0000000e+00   5.3719500e-01   8.2843100e-01   3.0107204e+00   0.0000000e+00
   1.3200000e+02   0.0000000e+00   1.5979690e+00   8.2843100e-01   3.0107204e+00   0.0000000e+00
   1.3300000e+02   0.0000000e+00   4.9585000e-01   8.2843100e-01   3.0107204e+00   1.0000000e+00
   1.3400000e+02   0.0000000e+00   1.2654220e+00   8.2843100e-01   3.0107204e+00   0.0000000e+00
   1.3500000e+02   1.0000000e+00   1.8531110e+00   8.2843100e-01   3.0107204e+00   1.0000000e+00
   1.3600000e+02   1.0000000e+00   6.1933300e-01   8.2843100e-01   3.0107204e+00   0.0000000e+00
