   1.0000000e+00   0.0000000e+00   1.9159950e+00   8.3605900e-01   2.5592445e+00   1.0000000e+00
   2.0000000e+00   0.0000000e+00   1.3117390e+00   8.3605900e-01   2.5592445e+00   0.0000000e+00
   3.0000000e+00   0.0000000e+00   5.7253200e-01   8.3605900e-01   2.5592445e+00   1.0000000e+00
   4.0000000e+00   0.0000000e+00   4.5725200e-01   8.3605900e-01   2.5592445e+00   0.0000000e+00
   5.0000000e+00   1.0000000e+00   5.1752100e-01   8.3605900e-01   2.5592445e+00   1.0000000e+00
   6.0000000e+00   0.0000000e+00   5.9974200e-01   8.3605900e-01   2.5592445e+00   1.0000000e+00
   7.0000000e+00   1.0000000e+00   6.5865600e-01   8.3605900e-01   2.5592445e+00   0.0000000e+00
   8.0000000e+00   0.0000000e+00   2.2733330e+00   8.3605900e-01   2.5592445e+00   1.0000000e+00
   9.0000000e+00   1.0000000e+00   4.8962700e-01   8.3605900e-01   2.5592445e+00   1.0000000e+00
   1.0000000e+01   0.0000000e+00   7.5554700e-01   8.3605900e-01   2.5592445e+00   1.0000000e+00
   1.1000000e+01   0.0000000e+00   1.6371430e+00   8.3605900e-01   2.5592445e+00   1.0000000e+00
   1.2000000e+01   0.0000000e+00   1.0221830e+00   8.3605900e-01   2.5592445e+00   0.0000000e+00
   1.3000000e+01   0.0000000e+00   1.2234550e+00   8.3605900e-01   2.5592445e+00   1.0000000e+00
   1.4000000e+01   0.0000000e+00   1.5415140e+00   8.3605900e-01   2.5592445e+00   0.0000000e+00
   1.5000000e+01   0.0000000e+00   1.4800010e+00   8.3605900e-01   2.5592445e+00   1.0000000e+00
   1.6000000e+01   1.0000000e+00   5.9778900e-01   8.3605900e-01   2.5592445e+00   0.0000000e+00
   1.7000000e+01   0.0000000e+00   4.7970200e-01   8.3605900e-01   2.5592445e+00   1.0000000e+00
   1.8000000e+01   1.0000000e+00   6.2362100e-01   8.3605900e-01   2.5592445e+00   0.0000000e+00
   1.9000000e+01   0.0000000e+00   7.4577200e-01   8.3605900e-01   2.5592445e+00   0.0000000e+00
   2.0000000e+01   1.0000000e+00   1.1777830e+00   8.3605900e-01   2.5592445e+00   1.0000000e+00
   2.1000000e+01   0.0000000e+00   6.9094900e-01   8.3605900e-01   2.5592445e+00   0.0000000e+00
   2.2000000e+01   0.0000000e+00   1.4587030e+00   8.3605900e-01   2.5592445e+00   1.0000000e+00
   2.3000000e+01   0.0000000e+00   5.3318200e-01   8.3605900e-01   2.5592445e+00   0.0000000e+00
   2.4000000e+01   1.0000000e+00   6.8685200e-01   8.3605900e-01   2.5592445e+00   0.0000000e+00
   2.5000000e+01   0.0000000e+00   4.5776900e-01   8.3605900e-01   2.5592445e+00   0.0000000e+00
   2.6000000e+01   1.0000000e+00   6.7114000e-01   8.3605900e-01   2.5592445e+00   1.0000000e+00
   2.7000000e+01   0.0000000e+00   1.4373200e+00   8.3605900e-01   2.5592445e+00   1.0000000e+00
   2.8000000e+01   0.0000000e+00   1.0672420e+00   8.3605900e-01   2.5592445e+00   0.0000000e+00
   2.9000000e+01   0.0000000e+00   7.5074600e-01   8.3605900e-01   2.5592445e+00   0.0000000e+00
   3.0000000e+01   0.0000000e+00   7.8138700e-01   8.3605900e-01   2.5592445e+00   0.0000000e+00
   3.1000000e+01   0.0000000e+00   1.7041740e+00   8.3605900e-01   2.5592445e+00   1.0000000e+00
   3.2000000e+01   1.0000000e+00   1.1227550e+00   8.3605900e-01   2.5592445e+00   0.0000000e+00
   3.3000000e+01   0.0000000e+00   1.3427370e+00   8.3605900e-01   2.5592445e+00   0.0000000e+00
   3.4000000e+01   1.0000000e+00   5.5607800e-01   8.3605900e-01   2.5592445e+00   1.0000000e+00
   3.5000000e+01   0.0000000e+00   5.4238300e-01   8.3605900e-01   2.5592445e+00   0.0000000e+00
   3.6000000e+01   0.0000000e+00   1.2044310e+00   8.3605900e-01   2.5592445e+00   0.0000000e+00
   3.7000000e+01   1.0000000e+00   1.7743990e+00   8.3605900e-01   2.5592445e+00   1.0000000e+00
   3.8000000e+01   0.0000000e+00   1.7167710e+00   8.3605900e-01   2.5592445e+00   0.0000000e+00
   3.9000000e+01   1.0000000e+00   8.9543900e-01   8.3605900e-01   2.5592445e+00   0.0000000e+00
   4.0000000e+01   1.0000000e+00   5.0680900e-01   8.3605900e-01   2.5592445e+00   1.0000000e+00
   4.1000000e+01   0.0000000e+00   5.6693100e-01   8.3605900e-01   2.5592445e+00   0.0000000e+00
   4.2000000e+01   0.0000000e+00   5.0643000e-01   8.3605900e-01   2.5592445e+00   0.0000000e+00
   4.3000000e+01   0.0000000e+00   1.0991610e+00   8.3605900e-01   2.5592445e+00   1.0000000e+00
   4.4000000e+01   0.0000000e+00   9.3778000e-01   8.3605900e-01   2.5592445e+00   1.0000000e+00
   4.5000000e+01   0.0000000e+00   7.7774900e-01   8.3605900e-01   2.5592445e+00   0.0000000e+00
   4.6000000e+01   1.0000000e+00   1.3548680e+00   8.3605900e-01   2.5592445e+00   0.0000000e+00
   4.7000000e+01   1.0000000e+00   6.4448600e-01   8.3605900e-01   2.5592445e+00   0.0000000e+00
   4.8000000e+01   0.0000000e+00   2.1761500e+00   8.3605900e-01   2.5592445e+00   0.0000000e+00
   4.9000000e+01   0.0000000e+00   6.2247900e-01   8.3605900e-01   2.5592445e+00   1.0000000e+00
   5.0000000e+01   0.0000000e+00   6.2136400e-01   8.3605900e-01   2.5592445e+00   1.0000000e+00
   5.1000000e+01   1.0000000e+00   5.2448300e-01   8.3605900e-01   2.5592445e+00   1.0000000e+00
   5.2000000e+01   0.0000000e+00   4.8968200e-01   8.3605900e-01   2.5592445e+00   0.0000000e+00
   5.3000000e+01   1.0000000e+00   4.9441300e-01   8.3605900e-01   2.5592445e+00   0.0000000e+00
   5.4000000e+01   0.0000000e+00   1.0211430e+00   8.3605900e-01   2.5592445e+00   0.0000000e+00
   5.5000000e+01   0.0000000e+00   1.0497080e+00   8.3605900e-01   2.5592445e+00   0.0000000e+00
   5.6000000e+01   0.0000000e+00   1.1307850e+00   8.3605900e-01   2.5592445e+00   1.0000000e+00
   5.7000000e+01   0.0000000e+00   8.9735800e-01   8.3605900e-01   2.5592445e+00   1.0000000e+00
   5.8000000e+01   0.0000000e+00   4.5508900e-01   8.3605900e-01   2.5592445e+00   0.0000000e+00
   5.9000000e+01   1.0000000e+00   1.0784470e+00   8.3605900e-01   2.5592445e+00   1.0000000e+00
   6.0000000e+01   0.0000000e+00   4.4220600e-01   8.3605900e-01   2.5592445e+00   1.0000000e+00
   6.1000000e+01   0.0000000e+00   5.8703500e-01   8.3605900e-01   2.5592445e+00   1.0000000e+00
   6.2000000e+01   0.0000000e+00   6.6160700e-01   8.3605900e-01   2.5592445e+00   0.0000000e+00
   6.3000000e+01   0.0000000e+00   7.9475900e-01   8.3605900e-01   2.5592445e+00   1.0000000e+00
   6.4000000e+01   0.0000000e+00   8.9167800e-01   8.3605900e-01   2.5592445e+00   1.0000000e+00
   6.5000000e+01   1.0000000e+00   5.4713800e-01   8.3605900e-01   2.5592445e+00   1.0000000e+00
   6.6000000e+01   0.0000000e+00   4.7604600e-01   8.3605900e-01   2.5592445e+00   1.0000000e+00
   6.7000000e+01   0.0000000e+00   1.0045510e+00   8.3605900e-01   2.5592445e+00   1.0000000e+00
   6.8000000e+01   0.0000000e+00   8.4570300e-01   8.3605900e-01   2.5592445e+00   0.0000000e+00
   6.9000000e+01   1.0000000e+00   6.3713900e-01   8.3605900e-01   2.5592445e+00   0.0000000e+00
   7.0000000e+01   0.0000000e+00   1.1258690e+00   8.3605900e-01   2.5592445e+00   0.0000000e+00
   7.1000000e+01   0.0000000e+00   1.3999340e+00   8.3605900e-01   2.5592445e+00   0.0000000e+00
   7.2000000e+01   0.0000000e+00   6.1430100e-01   8.3605900e-01   2.5592445e+00   0.0000000e+00
   7.3000000e+01   1.0000000e+00   8.3305000e-01   8.3605900e-01   2.5592445e+00   0.0000000e+00
   7.4000000e+01   0.0000000e+00   1.1655500e+00   8.3605900e-01   2.5592445e+00   0.0000000e+00
   7.5000000e+01   0.0000000e+00   5.5555400e-01   8.3605900e-01   2.5592445e+00   1.0000000e+00
   7.6000000e+01   1.0000000e+00   7.6134200e-01   8.3605900e-01   2.5592445e+00   1.0000000e+00
   7.7000000e+01   0.0000000e+00   5.2935700e-01   8.3605900e-01   2.5592445e+00   1.0000000e+00
   7.8000000e+01   0.0000000e+00   1.0039370e+00   8.3605900e-01   2.5592445e+00   0.0000000e+00
   7.9000000e+01   0.0000000e+00   6.9499800e-01   8.3605900e-01   2.5592445e+00   1.0000000e+00
   8.0000000e+01   0.0000000e+00   1.8835800e+00   8.3605900e-01   2.5592445e+00   0.0000000e+00
   8.1000000e+01   1.0000000e+00   9.9391900e-01   8.3605900e-01   2.5592445e+00   0.0000000e+00
   8.2000000e+01   0.0000000e+00   1.2331240e+00   8.3605900e-01   2.5592445e+00   1.0000000e+00
   8.3000000e+01   0.0000000e+00   4.6298000e-01   8.3605900e-01   2.5592445e+00   1.0000000e+00
   8.4000000e+01   1.0000000e+00   9.2925000e-01   8.3605900e-01   2.5592445e+00   1.0000000e+00
   8.5000000e+01   0.0000000e+00   6.6470200e-01   8.3605900e-01   2.5592445e+00   0.0000000e+00
   8.6000000e+01   1.0000000e+00   9.0655800e-01   8.3605900e-01   2.5592445e+00   1.0000000e+00
   8.7000000e+01   0.0000000e+00   4.6164300e-01   8.3605900e-01   2.5592445e+00   0.0000000e+00
   8.8000000e+01   0.0000000e+00   8.1112800e-01   8.3605900e-01   2.5592445e+00   0.0000000e+00
   8.9000000e+01   0.0000000e+00   7.2934900e-01   8.3605900e-01   2.5592445e+00   1.0000000e+00
   9.0000000e+01   0.0000000e+00   6.6651500e-01   8.3605900e-01   2.5592445e+00   0.0000000e+00
   9.1000000e+01   0.0000000e+00   1.2500920e+00   8.3605900e-01   2.5592445e+00   1.0000000e+00
   9.2000000e+01   1.0000000e+00   4.8672600e-01   8.3605900e-01   2.5592445e+00   0.0000000e+00
   9.3000000e+01   0.0000000e+00   1.2247250e+00   8.3605900e-01   2.5592445e+00   1.0000000e+00
   9.4000000e+01   0.0000000e+00   7.1500000e-01   8.3605900e-01   2.5592445e+00   0.0000000e+00
   9.5000000e+01   1.0000000e+00   1.3348280e+00   8.3605900e-01   2.5592445e+00   1.0000000e+00
   9.6000000e+01   0.0000000e+00   6.9765500e-01   8.3605900e-01   2.5592445e+00   0.0000000e+00
   9.7000000e+01   0.0000000e+00   9.6224800e-01   8.3605900e-01   2.5592445e+00   1.0000000e+00
   9.8000000e+01   1.0000000e+00   6.1488300e-01   8.3605900e-01   2.5592445e+00   0.0000000e+00
   9.9000000e+01   0.0000000e+00   5.5741700e-01   8.3605900e-01   2.5592445e+00   1.0000000e+00
   1.0000000e+02   0.0000000e+00   5.7981300e-01   8.3605900e-01   2.5592445e+00   1.0000000e+00
   1.0100000e+02   1.0000000e+00   2.7798040e+00   8.3605900e-01   2.5592445e+00   1.0000000e+00
   1.0200000e+02   0.0000000e+00   4.7732800e-01   8.3605900e-01   2.5592445e+00   1.0000000e+00
   1.0300000e+02   0.0000000e+00   8.1874400e-01   8.3605900e-01   2.5592445e+00   0.0000000e+00
   1.0400000e+02   0.0000000e+00   8.7017600e-01   8.3605900e-01   2.5592445e+00   0.0000000e+00
   1.0500000e+02   0.0000000e+00   7.3644100e-01   8.3605900e-01   2.5592445e+00   1.0000000e+00
   1.0600000e+02   1.0000000e+00   5.0298000e-01   8.3605900e-01   2.5592445e+00   0.0000000e+00
   1.0700000e+02   0.0000000e+00   8.8494500e-01   8.3605900e-01   2.5592445e+00   1.0000000e+00
   1.0800000e+02   1.0000000e+00   2.6016830e+00   8.3605900e-01   2.5592445e+00   0.0000000e+00
   1.0900000e+02   0.0000000e+00   7.2984800e-01   8.3605900e-01   2.5592445e+00   0.0000000e+00
   1.1000000e+02   1.0000000e+00   1.6759090e+00   8.3605900e-01   2.5592445e+00   1.0000000e+00
   1.1100000e+02   0.0000000e+00   6.2510200e-01   8.3605900e-01   2.5592445e+00   0.0000000e+00
   1.1200000e+02   1.0000000e+00   6.7061400e-01   8.3605900e-01   2.5592445e+00   0.0000000e+00
   1.1300000e+02   0.0000000e+00   7.0348700e-01   8.3605900e-01   2.5592445e+00   1.0000000e+00
   1.1400000e+02   0.0000000e+00   5.5752800e-01   8.3605900e-01   2.5592445e+00   0.0000000e+00
   1.1500000e+02   0.0000000e+00   6.7064800e-01   8.3605900e-01   2.5592445e+00   0.0000000e+00
   1.1600000e+02   0.0000000e+00   1.2030900e+00   8.3605900e-01   2.5592445e+00   1.0000000e+00
   1.1700000e+02   1.0000000e+00   1.1578480e+00   8.3605900e-01   2.5592445e+00   1.0000000e+00
   1.1800000e+02   0.0000000e+00   7.2763000e-01   8.3605900e-01   2.5592445e+00   0.0000000e+00
   1.1900000e+02   1.0000000e+00   1.0565960e+00   8.3605900e-01   2.5592445e+00   1.0000000e+00
   1.2000000e+02   0.0000000e+00   1.1347550e+00   8.3605900e-01   2.5592445e+00   1.0000000e+00
   1.2100000e+02   1.0000000e+00   4.9692100e-01   8.3605900e-01   2.5592445e+00   0.0000000e+00
   1.2200000e+02   0.0000000e+00   4.5888200e-01   8.3605900e-01   2.5592445e+00   1.0000000e+00
   1.2300000e+02   0.0000000e+00   5.2305900e-01   8.3605900e-01   2.5592445e+00   1.0000000e+00
   1.2400000e+02   0.0000000e+00   4.9006000e-01   8.3605900e-01   2.5592445e+00   1.0000000e+00
   1.2500000e+02   0.0000000e+00   1.4218580e+00   8.3605900e-01   2.5592445e+00   0.0000000e+00
   1.2600000e+02   0.0000000e+00   1.1281580e+00   8.3605900e-01   2.5592445e+00   1.0000000e+00
   1.2700000e+02   0.0000000e+00   3.0517470e+00   8.3605900e-01   2.5592445e+00   1.0000000e+00
   1.2800000e+02   0.0000000e+00   1.3985100e+00   8.3605900e-01   2.5592445e+00   1.0000000e+00
   1.2900000e+02   1.0000000e+00   5.1108600e-01   8.3605900e-01   2.5592445e+00   1.0000000e+00
   1.3000000e+02   1.0000000e+00   1.4172430e+00   8.3605900e-01   2.5592445e+00   0.0000000e+00
   1.3100000e+02   0.0000000e+00   5.7930600e-01   8.3605900e-01   2.5592445e+00   0.0000000e+00
   1.3200000e+02   0.0000000e+00   9.6118300e-01   8.3605900e-01   2.5592445e+00   1.0000000e+00
   1.3300000e+02   0.0000000e+00   7.4609500e-01   8.3605900e-01   2.5592445e+00   0.0000000e+00
   1.3400000e+02   0.0000000e+00   1.2715650e+00   8.3605900e-01   2.5592445e+00   0.0000000e+00
   1.3500000e+02   1.0000000e+00   1.2737020e+00   8.3605900e-01   2.5592445e+00   0.0000000e+00
   1.3600000e+02   1.0000000e+00   6.7690000e-01   8.3605900e-01   2.5592445e+00   1.0000000e+00
