   1.0000000e+00   0.0000000e+00   1.8872220e+00   8.1920500e-01   2.8452782e+00   1.0000000e+00
   2.0000000e+00   0.0000000e+00   7.0237900e-01   8.1920500e-01   2.8452782e+00   1.0000000e+00
   3.0000000e+00   1.0000000e+00   5.2644700e-01   8.1920500e-01   2.8452782e+00   1.0000000e+00
   4.0000000e+00   0.0000000e+00   7.7744700e-01   8.1920500e-01   2.8452782e+00   0.0000000e+00
   5.0000000e+00   0.0000000e+00   1.0879690e+00   8.1920500e-01   2.8452782e+00   1.0000000e+00
   6.0000000e+00   0.0000000e+00   1.4501560e+00   8.1920500e-01   2.8452782e+00   0.0000000e+00
   7.0000000e+00   1.0000000e+00   4.4061300e-01   8.1920500e-01   2.8452782e+00   0.0000000e+00
   8.0000000e+00   1.0000000e+00   6.8918600e-01   8.1920500e-01   2.8452782e+00   1.0000000e+00
   9.0000000e+00   0.0000000e+00   1.0001030e+00   8.1920500e-01   2.8452782e+00   0.0000000e+00
   1.0000000e+01   0.0000000e+00   7.6157900e-01   8.1920500e-01   2.8452782e+00   0.0000000e+00
   1.1000000e+01   0.0000000e+00   5.6068500e-01   8.1920500e-01   2.8452782e+00   1.0000000e+00
   1.2000000e+01   0.0000000e+00   5.4172700e-01   8.1920500e-01   2.8452782e+00   0.0000000e+00
   1.3000000e+01   0.0000000e+00   1.5537870e+00   8.1920500e-01   2.8452782e+00   1.0000000e+00
   1.4000000e+01   1.0000000e+00   2.8550130e+00   8.1920500e-01   2.8452782e+00   0.0000000e+00
   1.5000000e+01   0.0000000e+00   8.0016100e-01   8.1920500e-01   2.8452782e+00   1.0000000e+00
   1.6000000e+01   0.0000000e+00   1.2317470e+00   8.1920500e-01   2.8452782e+00   0.0000000e+00
   1.7000000e+01   0.0000000e+00   8.5857700e-01   8.1920500e-01   2.8452782e+00   1.0000000e+00
   1.8000000e+01   0.0000000e+00   4.4074300e-01   8.1920500e-01   2.8452782e+00   1.0000000e+00
   1.9000000e+01   0.0000000e+00   8.5702400e-01   8.1920500e-01   2.8452782e+00   1.0000000e+00
   2.0000000e+01   1.0000000e+00   4.7910700e-01   8.1920500e-01   2.8452782e+00   0.0000000e+00
   2.1000000e+01   1.0000000e+00   7.2300900e-01   8.1920500e-01   2.8452782e+00   1.0000000e+00
   2.2000000e+01   0.0000000e+00   2.1096650e+00   8.1920500e-01   2.8452782e+00   0.0000000e+00
   2.3000000e+01   0.0000000e+00   1.8008970e+00   8.1920500e-01   2.8452782e+00   0.0000000e+00
   2.4000000e+01   0.0000000e+00   5.2507000e-01   8.1920500e-01   2.8452782e+00   0.0000000e+00
   2.5000000e+01   0.0000000e+00   6.8313000e-01   8.1920500e-01   2.8452782e+00   0.0000000e+00
   2.6000000e+01   0.0000000e+00   8.1620300e-01   8.1920500e-01   2.8452782e+00   1.0000000e+00
   2.7000000e+01   0.0000000e+00   9.6542900e-01   8.1920500e-01   2.8452782e+00   1.0000000e+00
   2.8000000e+01   1.0000000e+00   4.3822800e-01   8.1920500e-01   2.8452782e+00   0.0000000e+00
   2.9000000e+01   0.0000000e+00   1.1242290e+00   8.1920500e-01   2.8452782e+00   0.0000000e+00
   3.0000000e+01   0.0000000e+00   6.5414500e-01   8.1920500e-01   2.8452782e+00   1.0000000e+00
   3.1000000e+01   1.0000000e+00   6.4624900e-01   8.1920500e-01   2.8452782e+00   1.0000000e+00
   3.2000000e+01   0.0000000e+00   2.0286130e+00   8.1920500e-01   2.8452782e+00   0.0000000e+00
   3.3000000e+01   1.0000000e+00   5.0368500e-01   8.1920500e-01   2.8452782e+00   0.0000000e+00
   3.4000000e+01   0.0000000e+00   1.2573520e+00   8.1920500e-01   2.8452782e+00   1.0000000e+00
   3.5000000e+01   1.0000000e+00   6.1537300e-01   8.1920500e-01   2.8452782e+00   1.0000000e+00
   3.6000000e+01   0.0000000e+00   6.1858600e-01   8.1920500e-01   2.8452782e+00   1.0000000e+00
   3.7000000e+01   0.0000000e+00   5.4396700e-01   8.1920500e-01   2.8452782e+00   0.0000000e+00
   3.8000000e+01   1.0000000e+00   7.2892100e-01   8.1920500e-01   2.8452782e+00   1.0000000e+00
   3.9000000e+01   0.0000000e+00   5.4532400e-01   8.1920500e-01   2.8452782e+00   0.0000000e+00
   4.0000000e+01   1.0000000e+00   5.4063100e-01   8.1920500e-01   2.8452782e+00   0.0000000e+00
   4.1000000e+01   0.0000000e+00   8.6002200e-01   8.1920500e-01   2.8452782e+00   1.0000000e+00
   4.2000000e+01   0.0000000e+00   1.6561990e+00   8.1920500e-01   2.8452782e+00   0.0000000e+00
   4.3000000e+01   0.0000000e+00   7.7791400e-01   8.1920500e-01   2.8452782e+00   0.0000000e+00
   4.4000000e+01   0.0000000e+00   5.3901500e-01   8.1920500e-01   2.8452782e+00   1.0000000e+00
   4.5000000e+01   0.0000000e+00   1.0486350e+00   8.1920500e-01   2.8452782e+00   0.0000000e+00
   4.6000000e+01   1.0000000e+00   4.3996500e-01   8.1920500e-01   2.8452782e+00   1.0000000e+00
   4.7000000e+01   0.0000000e+00   1.7233340e+00   8.1920500e-01   2.8452782e+00   0.0000000e+00
   4.8000000e+01   0.0000000e+00   9.7882400e-01   8.1920500e-01   2.8452782e+00   1.0000000e+00
   4.9000000e+01   1.0000000e+00   1.3068910e+00   8.1920500e-01   2.8452782e+00   0.0000000e+00
   5.0000000e+01   0.0000000e+00   2.0870650e+00   8.1920500e-01   2.8452782e+00   0.0000000e+00
   5.1000000e+01   0.0000000e+00   1.2503140e+00   8.1920500e-01   2.8452782e+00   0.0000000e+00
   5.2000000e+01   0.0000000e+00   1.2590190e+00   8.1920500e-01   2.8452782e+00   1.0000000e+00
   5.3000000e+01   0.0000000e+00   1.0462000e+00   8.1920500e-01   2.8452782e+00   1.0000000e+00
   5.4000000e+01   1.0000000e+00   9.2573300e-01   8.1920500e-01   2.8452782e+00   0.0000000e+00
   5.5000000e+01   0.0000000e+00   8.2604100e-01   8.1920500e-01   2.8452782e+00   1.0000000e+00
   5.6000000e+01   0.0000000e+00   4.6344100e-01   8.1920500e-01   2.8452782e+00   1.0000000e+00
   5.7000000e+01   0.0000000e+00   8.4413700e-01   8.1920500e-01   2.8452782e+00   0.0000000e+00
   5.8000000e+01   0.0000000e+00   5.1733300e-01   8.1920500e-01   2.8452782e+00   1.0000000e+00
   5.9000000e+01   0.0000000e+00   8.4626000e-01   8.1920500e-01   2.8452782e+00   0.0000000e+00
   6.0000000e+01   1.0000000e+00   1.4492190e+00   8.1920500e-01   2.8452782e+00   1.0000000e+00
   6.1000000e+01   0.0000000e+00   5.1743800e-01   8.1920500e-01   2.8452782e+00   0.0000000e+00
   6.2000000e+01   1.0000000e+00   7.7775400e-01   8.1920500e-01   2.8452782e+00   0.0000000e+00
   6.3000000e+01   0.0000000e+00   8.1458100e-01   8.1920500e-01   2.8452782e+00   0.0000000e+00
   6.4000000e+01   1.0000000e+00   4.4063900e-01   8.1920500e-01   2.8452782e+00   1.0000000e+00
   6.5000000e+01   0.0000000e+00   1.5687660e+00   8.1920500e-01   2.8452782e+00   1.0000000e+00
   6.6000000e+01   0.0000000e+00   6.5841100e-01   8.1920500e-01   2.8452782e+00   0.0000000e+00
   6.7000000e+01   0.0000000e+00   6.1446700e-01   8.1920500e-01   2.8452782e+00   1.0000000e+00
   6.8000000e+01   1.0000000e+00   5.2461100e-01   8.1920500e-01   2.8452782e+00   1.0000000e+00
   6.9000000e+01   0.0000000e+00   4.5692500e-01   8.1920500e-01   2.8452782e+00   1.0000000e+00
   7.0000000e+01   0.0000000e+00   1.7412860e+00   8.1920500e-01   2.8452782e+00   0.0000000e+00
   7.1000000e+01   0.0000000e+00   8.0411400e-01   8.1920500e-01   2.8452782e+00   1.0000000e+00
   7.2000000e+01   1.0000000e+00   4.4778100e-01   8.1920500e-01   2.8452782e+00   0.0000000e+00
   7.3000000e+01   0.0000000e+00   4.8622600e-01   8.1920500e-01   2.8452782e+00   1.0000000e+00
   7.4000000e+01   1.0000000e+00   1.1273040e+00   8.1920500e-01   2.8452782e+00   0.0000000e+00
   7.5000000e+01   0.0000000e+00   1.8118370e+00   8.1920500e-01   2.8452782e+00   0.0000000e+00
   7.6000000e+01   1.0000000e+00   8.8461200e-01   8.1920500e-01   2.8452782e+00   1.0000000e+00
   7.7000000e+01   0.0000000e+00   5.2043000e-01   8.1920500e-01   2.8452782e+00   0.0000000e+00
   7.8000000e+01   0.0000000e+00   1.2216970e+00   8.1920500e-01   2.8452782e+00   0.0000000e+00
   7.9000000e+01   0.0000000e+00   1.0022120e+00   8.1920500e-01   2.8452782e+00   1.0000000e+00
   8.0000000e+01   1.0000000e+00   9.0723000e-01   8.1920500e-01   2.8452782e+00   0.0000000e+00
   8.1000000e+01   0.0000000e+00   1.6778000e+00   8.1920500e-01   2.8452782e+00   1.0000000e+00
   8.2000000e+01   1.0000000e+00   4.5222700e-01   8.1920500e-01   2.8452782e+00   1.0000000e+00
   8.3000000e+01   0.0000000e+00   3.2647640e+00   8.1920500e-01   2.8452782e+00   0.0000000e+00
   8.4000000e+01   0.0000000e+00   9.4695000e-01   8.1920500e-01   2.8452782e+00   0.0000000e+00
   8.5000000e+01   0.0000000e+00   1.3078620e+00   8.1920500e-01   2.8452782e+00   0.0000000e+00
   8.6000000e+01   1.0000000e+00   6.2348700e-01   8.1920500e-01   2.8452782e+00   1.0000000e+00
   8.7000000e+01   0.0000000e+00   6.9483900e-01   8.1920500e-01   2.8452782e+00   0.0000000e+00
   8.8000000e+01   0.0000000e+00   5.3574300e-01   8.1920500e-01   2.8452782e+00   1.0000000e+00
   8.9000000e+01   1.0000000e+00   5.2659100e-01   8.1920500e-01   2.8452782e+00   0.0000000e+00
   9.0000000e+01   0.0000000e+00   4.8935400e-01   8.1920500e-01   2.8452782e+00   0.0000000e+00
   9.1000000e+01   0.0000000e+00   1.0007110e+00   8.1920500e-01   2.8452782e+00   0.0000000e+00
   9.2000000e+01   0.0000000e+00   4.6298700e-01   8.1920500e-01   2.8452782e+00   1.0000000e+00
   9.3000000e+01   0.0000000e+00   1.1505950e+00   8.1920500e-01   2.8452782e+00   1.0000000e+00
   9.4000000e+01   1.0000000e+00   5.1674200e-01   8.1920500e-01   2.8452782e+00   1.0000000e+00
   9.5000000e+01   0.0000000e+00   9.2590200e-01   8.1920500e-01   2.8452782e+00   0.0000000e+00
   9.6000000e+01   0.0000000e+00   1.5114470e+00   8.1920500e-01   2.8452782e+00   1.0000000e+00
   9.7000000e+01   1.0000000e+00   1.2381550e+00   8.1920500e-01   2.8452782e+00   0.0000000e+00
   9.8000000e+01   1.0000000e+00   1.9565350e+00   8.1920500e-01   2.8452782e+00   1.0000000e+00
   9.9000000e+01   0.0000000e+00   1.0201910e+00   8.1920500e-01   2.8452782e+00   1.0000000e+00
   1.0000000e+02   0.0000000e+00   7.4376300e-01   8.1920500e-01   2.8452782e+00   1.0000000e+00
   1.0100000e+02   0.0000000e+00   8.5697600e-01   8.1920500e-01   2.8452782e+00   0.0000000e+00
   1.0200000e+02   0.0000000e+00   1.0185920e+00   8.1920500e-01   2.8452782e+00   1.0000000e+00
   1.0300000e+02   1.0000000e+00   6.7113500e-01   8.1920500e-01   2.8452782e+00   0.0000000e+00
   1.0400000e+02   0.0000000e+00   1.4520060e+00   8.1920500e-01   2.8452782e+00   1.0000000e+00
   1.0500000e+02   1.0000000e+00   5.2680500e-01   8.1920500e-01   2.8452782e+00   0.0000000e+00
   1.0600000e+02   0.0000000e+00   8.5452900e-01   8.1920500e-01   2.8452782e+00   1.0000000e+00
   1.0700000e+02   0.0000000e+00   8.4802100e-01   8.1920500e-01   2.8452782e+00   1.0000000e+00
   1.0800000e+02   0.0000000e+00   1.6899930e+00   8.1920500e-01   2.8452782e+00   0.0000000e+00
   1.0900000e+02   1.0000000e+00   1.0077100e+00   8.1920500e-01   2.8452782e+00   1.0000000e+00
   1.1000000e+02   0.0000000e+00   8.8549000e-01   8.1920500e-01   2.8452782e+00   0.0000000e+00
   1.1100000e+02   0.0000000e+00   4.7964000e-01   8.1920500e-01   2.8452782e+00   1.0000000e+00
   1.1200000e+02   1.0000000e+00   5.7071800e-01   8.1920500e-01   2.8452782e+00   0.0000000e+00
   1.1300000e+02   0.0000000e+00   5.8911500e-01   8.1920500e-01   2.8452782e+00   0.0000000e+00
   1.1400000e+02   0.0000000e+00   6.0947800e-01   8.1920500e-01   2.8452782e+00   0.0000000e+00
   1.1500000e+02   1.0000000e+00   6.5287900e-01   8.1920500e-01   2.8452782e+00   1.0000000e+00
   1.1600000e+02   0.0000000e+00   4.8195500e-01   8.1920500e-01   2.8452782e+00   0.0000000e+00
   1.1700000e+02   0.0000000e+00   9.7991700e-01   8.1920500e-01   2.8452782e+00   0.0000000e+00
   1.1800000e+02   0.0000000e+00   1.1300710e+00   8.1920500e-01   2.8452782e+00   1.0000000e+00
   1.1900000e+02   0.0000000e+00   8.6403500e-01   8.1920500e-01   2.8452782e+00   1.0000000e+00
   1.2000000e+02   1.0000000e+00   6.9407900e-01   8.1920500e-01   2.8452782e+00   1.0000000e+00
   1.2100000e+02   0.0000000e+00   1.0582620e+00   8.1920500e-01   2.8452782e+00   1.0000000e+00
   1.2200000e+02   1.0000000e+00   6.8648000e-01   8.1920500e-01   2.8452782e+00   0.0000000e+00
   1.2300000e+02   0.0000000e+00   1.5231910e+00   8.1920500e-01   2.8452782e+00   1.0000000e+00
   1.2400000e+02   0.0000000e+00   5.5956700e-01   8.1920500e-01   2.8452782e+00   0.0000000e+00
   1.2500000e+02   0.0000000e+00   1.3381650e+00   8.1920500e-01   2.8452782e+00   1.0000000e+00
   1.2600000e+02   0.0000000e+00   8.3783400e-01   8.1920500e-01   2.8452782e+00   0.0000000e+00
   1.2700000e+02   0.0000000e+00   9.0288900e-01   8.1920500e-01   2.8452782e+00   1.0000000e+00
   1.2800000e+02   0.0000000e+00   4.4854600e-01   8.1920500e-01   2.8452782e+00   1.0000000e+00
   1.2900000e+02   1.0000000e+00   6.2968500e-01   8.1920500e-01   2.8452782e+00   1.0000000e+00
   1.3000000e+02   0.0000000e+00   5.4808600e-01   8.1920500e-01   2.8452782e+00   0.0000000e+00
   1.3100000e+02   1.0000000e+00   4.9600700e-01   8.1920500e-01   2.8452782e+00   0.0000000e+00
   1.3200000e+02   0.0000000e+00   8.0682300e-01   8.1920500e-01   2.8452782e+00   1.0000000e+00
   1.3300000e+02   1.0000000e+00   5.7529800e-01   8.1920500e-01   2.8452782e+00   0.0000000e+00
   1.3400000e+02   0.0000000e+00   4.5191800e-01   8.1920500e-01   2.8452782e+00   0.0000000e+00
   1.3500000e+02   1.0000000e+00   2.2789280e+00   8.1920500e-01   2.8452782e+00   1.0000000e+00
   1.3600000e+02   0.0000000e+00   5.6426800e-01   8.1920500e-01   2.8452782e+00   0.0000000e+00
