   1.0000000e+00   0.0000000e+00   1.7182420e+00   8.2550000e-01   2.7363653e+00   0.0000000e+00
   2.0000000e+00   0.0000000e+00   6.3026900e-01   8.2550000e-01   2.7363653e+00   1.0000000e+00
   3.0000000e+00   1.0000000e+00   1.9294410e+00   8.2550000e-01   2.7363653e+00   1.0000000e+00
   4.0000000e+00   0.0000000e+00   8.4630100e-01   8.2550000e-01   2.7363653e+00   0.0000000e+00
   5.0000000e+00   1.0000000e+00   5.5840800e-01   8.2550000e-01   2.7363653e+00   0.0000000e+00
   6.0000000e+00   0.0000000e+00   5.7686900e-01   8.2550000e-01   2.7363653e+00   0.0000000e+00
   7.0000000e+00   0.0000000e+00   1.1019010e+00   8.2550000e-01   2.7363653e+00   0.0000000e+00
   8.0000000e+00   0.0000000e+00   4.7061400e-01   8.2550000e-01   2.7363653e+00   1.0000000e+00
   9.0000000e+00   1.0000000e+00   6.6451700e-01   8.2550000e-01   2.7363653e+00   1.0000000e+00
   1.0000000e+01   0.0000000e+00   1.2719000e+00   8.2550000e-01   2.7363653e+00   0.0000000e+00
   1.1000000e+01   0.0000000e+00   8.2320500e-01   8.2550000e-01   2.7363653e+00   1.0000000e+00
   1.2000000e+01   0.0000000e+00   5.5660100e-01   8.2550000e-01   2.7363653e+00   0.0000000e+00
   1.3000000e+01   0.0000000e+00   4.3611600e-01   8.2550000e-01   2.7363653e+00   1.0000000e+00
   1.4000000e+01   0.0000000e+00   9.7544900e-01   8.2550000e-01   2.7363653e+00   0.0000000e+00
   1.5000000e+01   1.0000000e+00   6.8882000e-01   8.2550000e-01   2.7363653e+00   0.0000000e+00
   1.6000000e+01   0.0000000e+00   5.8477800e-01   8.2550000e-01   2.7363653e+00   1.0000000e+00
   1.7000000e+01   1.0000000e+00   5.8947600e-01   8.2550000e-01   2.7363653e+00   0.0000000e+00
   1.8000000e+01   0.0000000e+00   6.4956900e-01   8.2550000e-01   2.7363653e+00   1.0000000e+00
   1.9000000e+01   0.0000000e+00   1.2634750e+00   8.2550000e-01   2.7363653e+00   1.0000000e+00
   2.0000000e+01   0.0000000e+00   9.2770800e-01   8.2550000e-01   2.7363653e+00   1.0000000e+00
   2.1000000e+01   0.0000000e+00   7.2582900e-01   8.2550000e-01   2.7363653e+00   0.0000000e+00
   2.2000000e+01   1.0000000e+00   4.4225300e-01   8.2550000e-01   2.7363653e+00   1.0000000e+00
   2.3000000e+01   0.0000000e+00   6.7287000e-01   8.2550000e-01   2.7363653e+00   1.0000000e+00
   2.4000000e+01   1.0000000e+00   5.9357000e-01   8.2550000e-01   2.7363653e+00   0.0000000e+00
   2.5000000e+01   0.0000000e+00   6.0277900e-01   8.2550000e-01   2.7363653e+00   1.0000000e+00
   2.6000000e+01   0.0000000e+00   4.8224100e-01   8.2550000e-01   2.7363653e+00   1.0000000e+00
   2.7000000e+01   0.0000000e+00   7.5984400e-01   8.2550000e-01   2.7363653e+00   0.0000000e+00
   2.8000000e+01   1.0000000e+00   4.8114700e-01   8.2550000e-01   2.7363653e+00   1.0000000e+00
   2.9000000e+01   0.0000000e+00   5.8478700e-01   8.2550000e-01   2.7363653e+00   1.0000000e+00
   3.0000000e+01   0.0000000e+00   9.1992200e-01   8.2550000e-01   2.7363653e+00   0.0000000e+00
   3.1000000e+01   0.0000000e+00   7.6889400e-01   8.2550000e-01   2.7363653e+00   0.0000000e+00
   3.2000000e+01   1.0000000e+00   4.6979400e-01   8.2550000e-01   2.7363653e+00   0.0000000e+00
   3.3000000e+01   0.0000000e+00   4.8335300e-01   8.2550000e-01   2.7363653e+00   0.0000000e+00
   3.4000000e+01   1.0000000e+00   7.4926100e-01   8.2550000e-01   2.7363653e+00   1.0000000e+00
   3.5000000e+01   0.0000000e+00   5.5949400e-01   8.2550000e-01   2.7363653e+00   0.0000000e+00
   3.6000000e+01   1.0000000e+00   4.6229900e-01   8.2550000e-01   2.7363653e+00   1.0000000e+00
   3.7000000e+01   0.0000000e+00   1.1726270e+00   8.2550000e-01   2.7363653e+00   1.0000000e+00
   3.8000000e+01   0.0000000e+00   5.9090000e-01   8.2550000e-01   2.7363653e+00   0.0000000e+00
   3.9000000e+01   0.0000000e+00   8.8229200e-01   8.2550000e-01   2.7363653e+00   0.0000000e+00
   4.0000000e+01   1.0000000e+00   1.2813680e+00   8.2550000e-01   2.7363653e+00   0.0000000e+00
   4.1000000e+01   0.0000000e+00   4.7521300e-01   8.2550000e-01   2.7363653e+00   1.0000000e+00
   4.2000000e+01   1.0000000e+00   2.3309000e+00   8.2550000e-01   2.7363653e+00   1.0000000e+00
   4.3000000e+01   0.0000000e+00   4.9971100e-01   8.2550000e-01   2.7363653e+00   1.0000000e+00
   4.4000000e+01   1.0000000e+00   7.9523800e-01   8.2550000e-01   2.7363653e+00   0.0000000e+00
   4.5000000e+01   0.0000000e+00   1.9031000e+00   8.2550000e-01   2.7363653e+00   0.0000000e+00
   4.6000000e+01   0.0000000e+00   1.1422600e+00   8.2550000e-01   2.7363653e+00   1.0000000e+00
   4.7000000e+01   0.0000000e+00   6.9412300e-01   8.2550000e-01   2.7363653e+00   1.0000000e+00
   4.8000000e+01   0.0000000e+00   6.9842900e-01   8.2550000e-01   2.7363653e+00   0.0000000e+00
   4.9000000e+01   0.0000000e+00   8.4544800e-01   8.2550000e-01   2.7363653e+00   0.0000000e+00
   5.0000000e+01   0.0000000e+00   6.1582500e-01   8.2550000e-01   2.7363653e+00   1.0000000e+00
   5.1000000e+01   1.0000000e+00   9.0679200e-01   8.2550000e-01   2.7363653e+00   0.0000000e+00
   5.2000000e+01   0.0000000e+00   7.0265500e-01   8.2550000e-01   2.7363653e+00   1.0000000e+00
   5.3000000e+01   0.0000000e+00   1.8408700e+00   8.2550000e-01   2.7363653e+00   0.0000000e+00
   5.4000000e+01   0.0000000e+00   9.2116100e-01   8.2550000e-01   2.7363653e+00   0.0000000e+00
   5.5000000e+01   0.0000000e+00   6.7854900e-01   8.2550000e-01   2.7363653e+00   0.0000000e+00
   5.6000000e+01   1.0000000e+00   4.3967300e-01   8.2550000e-01   2.7363653e+00   1.0000000e+00
   5.7000000e+01   0.0000000e+00   1.5355730e+00   8.2550000e-01   2.7363653e+00   0.0000000e+00
   5.8000000e+01   1.0000000e+00   1.2699690e+00   8.2550000e-01   2.7363653e+00   0.0000000e+00
   5.9000000e+01   0.0000000e+00   1.9522150e+00   8.2550000e-01   2.7363653e+00   0.0000000e+00
   6.0000000e+01   0.0000000e+00   9.9258100e-01   8.2550000e-01   2.7363653e+00   0.0000000e+00
   6.1000000e+01   0.0000000e+00   2.2842710e+00   8.2550000e-01   2.7363653e+00   1.0000000e+00
   6.2000000e+01   0.0000000e+00   7.4353200e-01   8.2550000e-01   2.7363653e+00   1.0000000e+00
   6.3000000e+01   1.0000000e+00   9.5505100e-01   8.2550000e-01   2.7363653e+00   1.0000000e+00
   6.4000000e+01   0.0000000e+00   7.1604500e-01   8.2550000e-01   2.7363653e+00   1.0000000e+00
   6.5000000e+01   0.0000000e+00   9.9282000e-01   8.2550000e-01   2.7363653e+00   0.0000000e+00
   6.6000000e+01   0.0000000e+00   4.4507400e-01   8.2550000e-01   2.7363653e+00   1.0000000e+00
   6.7000000e+01   0.0000000e+00   5.0818500e-01   8.2550000e-01   2.7363653e+00   1.0000000e+00
   6.8000000e+01   1.0000000e+00   5.0693000e-01   8.2550000e-01   2.7363653e+00   1.0000000e+00
   6.9000000e+01   1.0000000e+00   7.7162500e-01   8.2550000e-01   2.7363653e+00   0.0000000e+00
   7.0000000e+01   0.0000000e+00   8.2890400e-01   8.2550000e-01   2.7363653e+00   1.0000000e+00
   7.1000000e+01   0.0000000e+00   5.6891400e-01   8.2550000e-01   2.7363653e+00   1.0000000e+00
   7.2000000e+01   1.0000000e+00   2.2025230e+00   8.2550000e-01   2.7363653e+00   0.0000000e+00
   7.3000000e+01   0.0000000e+00   1.5926690e+00   8.2550000e-01   2.7363653e+00   0.0000000e+00
   7.4000000e+01   0.0000000e+00   8.4206100e-01   8.2550000e-01   2.7363653e+00   0.0000000e+00
   7.5000000e+01   0.0000000e+00   6.0806300e-01   8.2550000e-01   2.7363653e+00   0.0000000e+00
   7.6000000e+01   0.0000000e+00   7.7696600e-01   8.2550000e-01   2.7363653e+00   1.0000000e+00
   7.7000000e+01   1.0000000e+00   2.4127980e+00   8.2550000e-01   2.7363653e+00   1.0000000e+00
   7.8000000e+01   0.0000000e+00   9.3591400e-01   8.2550000e-01   2.7363653e+00   0.0000000e+00
   7.9000000e+01   1.0000000e+00   5.0415500e-01   8.2550000e-01   2.7363653e+00   0.0000000e+00
   8.0000000e+01   0.0000000e+00   6.9450600e-01   8.2550000e-01   2.7363653e+00   1.0000000e+00
   8.1000000e+01   1.0000000e+00   8.7559300e-01   8.2550000e-01   2.7363653e+00   1.0000000e+00
   8.2000000e+01   0.0000000e+00   4.7385400e-01   8.2550000e-01   2.7363653e+00   1.0000000e+00
   8.3000000e+01   0.0000000e+00   1.0361520e+00   8.2550000e-01   2.7363653e+00   0.0000000e+00
   8.4000000e+01   0.0000000e+00   7.7469200e-01   8.2550000e-01   2.7363653e+00   1.0000000e+00
   8.5000000e+01   1.0000000e+00   1.1598390e+00   8.2550000e-01   2.7363653e+00   1.0000000e+00
   8.6000000e+01   1.0000000e+00   1.0008360e+00   8.2550000e-01   2.7363653e+00   0.0000000e+00
   8.7000000e+01   0.0000000e+00   1.3058660e+00   8.2550000e-01   2.7363653e+00   0.0000000e+00
   8.8000000e+01   0.0000000e+00   1.8524740e+00   8.2550000e-01   2.7363653e+00   1.0000000e+00
   8.9000000e+01   0.0000000e+00   1.0274000e+00   8.2550000e-01   2.7363653e+00   0.0000000e+00
   9.0000000e+01   0.0000000e+00   1.0402930e+00   8.2550000e-01   2.7363653e+00   1.0000000e+00
   9.1000000e+01   1.0000000e+00   1.4337210e+00   8.2550000e-01   2.7363653e+00   1.0000000e+00
   9.2000000e+01   0.0000000e+00   7.5277700e-01   8.2550000e-01   2.7363653e+00   0.0000000e+00
   9.3000000e+01   1.0000000e+00   5.3356800e-01   8.2550000e-01   2.7363653e+00   0.0000000e+00
   9.4000000e+01   0.0000000e+00   6.9840100e-01   8.2550000e-01   2.7363653e+00   0.0000000e+00
   9.5000000e+01   1.0000000e+00   7.5915800e-01   8.2550000e-01   2.7363653e+00   1.0000000e+00
   9.6000000e+01   0.0000000e+00   9.1191400e-01   8.2550000e-01   2.7363653e+00   1.0000000e+00
   9.7000000e+01   1.0000000e+00   2.3117310e+00   8.2550000e-01   2.7363653e+00   0.0000000e+00
   9.8000000e+01   0.0000000e+00   8.0826600e-01   8.2550000e-01   2.7363653e+00   1.0000000e+00
   9.9000000e+01   0.0000000e+00   1.4425880e+00   8.2550000e-01   2.7363653e+00   0.0000000e+00
   1.0000000e+02   0.0000000e+00   4.4912400e-01   8.2550000e-01   2.7363653e+00   0.0000000e+00
   1.0100000e+02   0.0000000e+00   6.9135400e-01   8.2550000e-01   2.7363653e+00   1.0000000e+00
   1.0200000e+02   0.0000000e+00   1.7349830e+00   8.2550000e-01   2.7363653e+00   1.0000000e+00
   1.0300000e+02   0.0000000e+00   1.7784200e+00   8.2550000e-01   2.7363653e+00   0.0000000e+00
   1.0400000e+02   0.0000000e+00   7.6072200e-01   8.2550000e-01   2.7363653e+00   0.0000000e+00
   1.0500000e+02   0.0000000e+00   6.1652700e-01   8.2550000e-01   2.7363653e+00   1.0000000e+00
   1.0600000e+02   1.0000000e+00   9.3265300e-01   8.2550000e-01   2.7363653e+00   0.0000000e+00
   1.0700000e+02   0.0000000e+00   1.6292000e+00   8.2550000e-01   2.7363653e+00   1.0000000e+00
   1.0800000e+02   0.0000000e+00   7.4456700e-01   8.2550000e-01   2.7363653e+00   0.0000000e+00
   1.0900000e+02   0.0000000e+00   5.8584900e-01   8.2550000e-01   2.7363653e+00   0.0000000e+00
   1.1000000e+02   0.0000000e+00   1.0627250e+00   8.2550000e-01   2.7363653e+00   0.0000000e+00
   1.1100000e+02   1.0000000e+00   5.7121600e-01   8.2550000e-01   2.7363653e+00   1.0000000e+00
   1.1200000e+02   0.0000000e+00   1.1399770e+00   8.2550000e-01   2.7363653e+00   1.0000000e+00
   1.1300000e+02   1.0000000e+00   6.1477300e-01   8.2550000e-01   2.7363653e+00   0.0000000e+00
   1.1400000e+02   1.0000000e+00   5.6488300e-01   8.2550000e-01   2.7363653e+00   1.0000000e+00
   1.1500000e+02   0.0000000e+00   4.5044300e-01   8.2550000e-01   2.7363653e+00   1.0000000e+00
   1.1600000e+02   0.0000000e+00   6.1909300e-01   8.2550000e-01   2.7363653e+00   1.0000000e+00
   1.1700000e+02   0.0000000e+00   7.1922700e-01   8.2550000e-01   2.7363653e+00   1.0000000e+00
   1.1800000e+02   1.0000000e+00   4.6239800e-01   8.2550000e-01   2.7363653e+00   1.0000000e+00
   1.1900000e+02   0.0000000e+00   2.0692000e+00   8.2550000e-01   2.7363653e+00   1.0000000e+00
   1.2000000e+02   1.0000000e+00   1.2129090e+00   8.2550000e-01   2.7363653e+00   0.0000000e+00
   1.2100000e+02   0.0000000e+00   5.1320600e-01   8.2550000e-01   2.7363653e+00   0.0000000e+00
   1.2200000e+02   0.0000000e+00   6.5697200e-01   8.2550000e-01   2.7363653e+00   1.0000000e+00
   1.2300000e+02   0.0000000e+00   5.3197300e-01   8.2550000e-01   2.7363653e+00   1.0000000e+00
   1.2400000e+02   0.0000000e+00   7.9687700e-01   8.2550000e-01   2.7363653e+00   1.0000000e+00
   1.2500000e+02   0.0000000e+00   4.9386600e-01   8.2550000e-01   2.7363653e+00   0.0000000e+00
   1.2600000e+02   0.0000000e+00   1.4013150e+00   8.2550000e-01   2.7363653e+00   0.0000000e+00
   1.2700000e+02   1.0000000e+00   8.0518000e-01   8.2550000e-01   2.7363653e+00   1.0000000e+00
   1.2800000e+02   0.0000000e+00   6.8821600e-01   8.2550000e-01   2.7363653e+00   0.0000000e+00
   1.2900000e+02   0.0000000e+00   1.3606180e+00   8.2550000e-01   2.7363653e+00   0.0000000e+00
   1.3000000e+02   0.0000000e+00   2.6904290e+00   8.2550000e-01   2.7363653e+00   1.0000000e+00
   1.3100000e+02   0.0000000e+00   1.0314530e+00   8.2550000e-01   2.7363653e+00   0.0000000e+00
   1.3200000e+02   0.0000000e+00   5.0046800e-01   8.2550000e-01   2.7363653e+00   0.0000000e+00
   1.3300000e+02   1.0000000e+00   1.3456290e+00   8.2550000e-01   2.7363653e+00   0.0000000e+00
   1.3400000e+02   0.0000000e+00   1.1990220e+00   8.2550000e-01   2.7363653e+00   1.0000000e+00
   1.3500000e+02   1.0000000e+00   9.7512300e-01   8.2550000e-01   2.7363653e+00   0.0000000e+00
   1.3600000e+02   1.0000000e+00   4.7981900e-01   8.2550000e-01   2.7363653e+00   1.0000000e+00
