   1.0000000e+00   0.0000000e+00   1.1850570e+00   8.1909700e-01   2.6953558e+00   0.0000000e+00
   2.0000000e+00   0.0000000e+00   1.0433250e+00   8.1909700e-01   2.6953558e+00   1.0000000e+00
   3.0000000e+00   1.0000000e+00   7.0008500e-01   8.1909700e-01   2.6953558e+00   0.0000000e+00
   4.0000000e+00   0.0000000e+00   4.3853200e-01   8.1909700e-01   2.6953558e+00   0.0000000e+00
   5.0000000e+00   1.0000000e+00   8.4688400e-01   8.1909700e-01   2.6953558e+00   1.0000000e+00
   6.0000000e+00   0.0000000e+00   5.8977700e-01   8.1909700e-01   2.6953558e+00   0.0000000e+00
   7.0000000e+00   1.0000000e+00   5.8401700e-01   8.1909700e-01   2.6953558e+00   0.0000000e+00
   8.0000000e+00   0.0000000e+00   1.0716560e+00   8.1909700e-01   2.6953558e+00   0.0000000e+00
   9.0000000e+00   0.0000000e+00   1.7966240e+00   8.1909700e-01   2.6953558e+00   0.0000000e+00
   1.0000000e+01   0.0000000e+00   7.4494700e-01   8.1909700e-01   2.6953558e+00   1.0000000e+00
   1.1000000e+01   0.0000000e+00   6.3040800e-01   8.1909700e-01   2.6953558e+00   0.0000000e+00
   1.2000000e+01   0.0000000e+00   9.9797900e-01   8.1909700e-01   2.6953558e+00   1.0000000e+00
   1.3000000e+01   0.0000000e+00   5.6668800e-01   8.1909700e-01   2.6953558e+00   1.0000000e+00
   1.4000000e+01   0.0000000e+00   6.9998700e-01   8.1909700e-01   2.6953558e+00   1.0000000e+00
   1.5000000e+01   0.0000000e+00   7.1554100e-01   8.1909700e-01   2.6953558e+00   1.0000000e+00
   1.6000000e+01   1.0000000e+00   5.1451300e-01   8.1909700e-01   2.6953558e+00   1.0000000e+00
   1.7000000e+01   0.0000000e+00   5.9573300e-01   8.1909700e-01   2.6953558e+00   0.0000000e+00
   1.8000000e+01   0.0000000e+00   5.2757100e-01   8.1909700e-01   2.6953558e+00   0.0000000e+00
   1.9000000e+01   0.0000000e+00   4.4859600e-01   8.1909700e-01   2.6953558e+00   1.0000000e+00
   2.0000000e+01   0.0000000e+00   4.3722300e-01   8.1909700e-01   2.6953558e+00   1.0000000e+00
   2.1000000e+01   0.0000000e+00   9.3587800e-01   8.1909700e-01   2.6953558e+00   0.0000000e+00
   2.2000000e+01   0.0000000e+00   5.5476100e-01   8.1909700e-01   2.6953558e+00   1.0000000e+00
   2.3000000e+01   0.0000000e+00   7.0813600e-01   8.1909700e-01   2.6953558e+00   0.0000000e+00
   2.4000000e+01   1.0000000e+00   7.4301500e-01   8.1909700e-01   2.6953558e+00   1.0000000e+00
   2.5000000e+01   1.0000000e+00   8.6065000e-01   8.1909700e-01   2.6953558e+00   0.0000000e+00
   2.6000000e+01   0.0000000e+00   6.8027600e-01   8.1909700e-01   2.6953558e+00   1.0000000e+00
   2.7000000e+01   0.0000000e+00   8.8708100e-01   8.1909700e-01   2.6953558e+00   1.0000000e+00
   2.8000000e+01   1.0000000e+00   8.6524400e-01   8.1909700e-01   2.6953558e+00   1.0000000e+00
   2.9000000e+01   0.0000000e+00   8.1306900e-01   8.1909700e-01   2.6953558e+00   0.0000000e+00
   3.0000000e+01   1.0000000e+00   7.7098500e-01   8.1909700e-01   2.6953558e+00   0.0000000e+00
   3.1000000e+01   0.0000000e+00   9.6535500e-01   8.1909700e-01   2.6953558e+00   1.0000000e+00
   3.2000000e+01   0.0000000e+00   4.6794800e-01   8.1909700e-01   2.6953558e+00   0.0000000e+00
   3.3000000e+01   0.0000000e+00   4.4193400e-01   8.1909700e-01   2.6953558e+00   0.0000000e+00
   3.4000000e+01   1.0000000e+00   1.6773940e+00   8.1909700e-01   2.6953558e+00   1.0000000e+00
   3.5000000e+01   0.0000000e+00   5.3364800e-01   8.1909700e-01   2.6953558e+00   0.0000000e+00
   3.6000000e+01   1.0000000e+00   6.1004800e-01   8.1909700e-01   2.6953558e+00   0.0000000e+00
   3.7000000e+01   0.0000000e+00   5.5853600e-01   8.1909700e-01   2.6953558e+00   1.0000000e+00
   3.8000000e+01   0.0000000e+00   5.4244000e-01   8.1909700e-01   2.6953558e+00   1.0000000e+00
   3.9000000e+01   1.0000000e+00   1.3573790e+00   8.1909700e-01   2.6953558e+00   0.0000000e+00
   4.0000000e+01   0.0000000e+00   8.2247200e-01   8.1909700e-01   2.6953558e+00   1.0000000e+00
   4.1000000e+01   0.0000000e+00   9.2510400e-01   8.1909700e-01   2.6953558e+00   1.0000000e+00
   4.2000000e+01   0.0000000e+00   8.1209300e-01   8.1909700e-01   2.6953558e+00   0.0000000e+00
   4.3000000e+01   0.0000000e+00   7.6396400e-01   8.1909700e-01   2.6953558e+00   1.0000000e+00
   4.4000000e+01   0.0000000e+00   7.7636300e-01   8.1909700e-01   2.6953558e+00   1.0000000e+00
   4.5000000e+01   0.0000000e+00   5.2676200e-01   8.1909700e-01   2.6953558e+00   0.0000000e+00
   4.6000000e+01   1.0000000e+00   6.7528100e-01   8.1909700e-01   2.6953558e+00   1.0000000e+00
   4.7000000e+01   0.0000000e+00   7.8586100e-01   8.1909700e-01   2.6953558e+00   0.0000000e+00
   4.8000000e+01   0.0000000e+00   1.5829010e+00   8.1909700e-01   2.6953558e+00   0.0000000e+00
   4.9000000e+01   1.0000000e+00   7.1935600e-01   8.1909700e-01   2.6953558e+00   0.0000000e+00
   5.0000000e+01   0.0000000e+00   5.8524600e-01   8.1909700e-01   2.6953558e+00   0.0000000e+00
   5.1000000e+01   0.0000000e+00   5.6665000e-01   8.1909700e-01   2.6953558e+00   0.0000000e+00
   5.2000000e+01   1.0000000e+00   6.5441000e-01   8.1909700e-01   2.6953558e+00   1.0000000e+00
   5.3000000e+01   0.0000000e+00   6.3163300e-01   8.1909700e-01   2.6953558e+00   1.0000000e+00
   5.4000000e+01   0.0000000e+00   2.0575940e+00   8.1909700e-01   2.6953558e+00   1.0000000e+00
   5.5000000e+01   0.0000000e+00   1.0744410e+00   8.1909700e-01   2.6953558e+00   0.0000000e+00
   5.6000000e+01   1.0000000e+00   6.8656200e-01   8.1909700e-01   2.6953558e+00   1.0000000e+00
   5.7000000e+01   0.0000000e+00   1.3380210e+00   8.1909700e-01   2.6953558e+00   1.0000000e+00
   5.8000000e+01   0.0000000e+00   1.7503660e+00   8.1909700e-01   2.6953558e+00   1.0000000e+00
   5.9000000e+01   1.0000000e+00   1.5067000e+00   8.1909700e-01   2.6953558e+00   0.0000000e+00
   6.0000000e+01   0.0000000e+00   4.6464600e-01   8.1909700e-01   2.6953558e+00   0.0000000e+00
   6.1000000e+01   1.0000000e+00   1.4277900e+00   8.1909700e-01   2.6953558e+00   1.0000000e+00
   6.2000000e+01   0.0000000e+00   9.2616000e-01   8.1909700e-01   2.6953558e+00   1.0000000e+00
   6.3000000e+01   1.0000000e+00   5.9794500e-01   8.1909700e-01   2.6953558e+00   0.0000000e+00
   6.4000000e+01   0.0000000e+00   8.8935600e-01   8.1909700e-01   2.6953558e+00   0.0000000e+00
   6.5000000e+01   1.0000000e+00   1.0285490e+00   8.1909700e-01   2.6953558e+00   0.0000000e+00
   6.6000000e+01   0.0000000e+00   4.5294300e-01   8.1909700e-01   2.6953558e+00   0.0000000e+00
   6.7000000e+01   0.0000000e+00   7.3971200e-01   8.1909700e-01   2.6953558e+00   1.0000000e+00
   6.8000000e+01   0.0000000e+00   8.7603900e-01   8.1909700e-01   2.6953558e+00   1.0000000e+00
   6.9000000e+01   1.0000000e+00   2.4989790e+00   8.1909700e-01   2.6953558e+00   1.0000000e+00
   7.0000000e+01   1.0000000e+00   5.7660600e-01   8.1909700e-01   2.6953558e+00   1.0000000e+00
   7.1000000e+01   0.0000000e+00   1.6468210e+00   8.1909700e-01   2.6953558e+00   0.0000000e+00
   7.2000000e+01   1.0000000e+00   7.5516700e-01   8.1909700e-01   2.6953558e+00   0.0000000e+00
   7.3000000e+01   0.0000000e+00   6.8477300e-01   8.1909700e-01   2.6953558e+00   0.0000000e+00
   7.4000000e+01   1.0000000e+00   5.1893300e-01   8.1909700e-01   2.6953558e+00   1.0000000e+00
   7.5000000e+01   0.0000000e+00   5.0487600e-01   8.1909700e-01   2.6953558e+00   1.0000000e+00
   7.6000000e+01   1.0000000e+00   8.1494600e-01   8.1909700e-01   2.6953558e+00   0.0000000e+00
   7.7000000e+01   0.0000000e+00   4.3517600e-01   8.1909700e-01   2.6953558e+00   0.0000000e+00
   7.8000000e+01   0.0000000e+00   1.6908330e+00   8.1909700e-01   2.6953558e+00   1.0000000e+00
   7.9000000e+01   0.0000000e+00   1.4267940e+00   8.1909700e-01   2.6953558e+00   1.0000000e+00
   8.0000000e+01   1.0000000e+00   7.5796200e-01   8.1909700e-01   2.6953558e+00   0.0000000e+00
   8.1000000e+01   1.0000000e+00   7.8249700e-01   8.1909700e-01   2.6953558e+00   1.0000000e+00
   8.2000000e+01   0.0000000e+00   4.3993300e-01   8.1909700e-01   2.6953558e+00   0.0000000e+00
   8.3000000e+01   0.0000000e+00   1.3356380e+00   8.1909700e-01   2.6953558e+00   1.0000000e+00
   8.4000000e+01   0.0000000e+00   4.4075600e-01   8.1909700e-01   2.6953558e+00   1.0000000e+00
   8.5000000e+01   0.0000000e+00   1.2266510e+00   8.1909700e-01   2.6953558e+00   1.0000000e+00
   8.6000000e+01   1.0000000e+00   1.1582050e+00   8.1909700e-01   2.6953558e+00   0.0000000e+00
   8.7000000e+01   0.0000000e+00   8.8429700e-01   8.1909700e-01   2.6953558e+00   1.0000000e+00
   8.8000000e+01   0.0000000e+00   6.7140600e-01   8.1909700e-01   2.6953558e+00   0.0000000e+00
   8.9000000e+01   0.0000000e+00   1.5538590e+00   8.1909700e-01   2.6953558e+00   0.0000000e+00
   9.0000000e+01   1.0000000e+00   1.3806440e+00   8.1909700e-01   2.6953558e+00   1.0000000e+00
   9.1000000e+01   0.0000000e+00   5.7960400e-01   8.1909700e-01   2.6953558e+00   1.0000000e+00
   9.2000000e+01   1.0000000e+00   5.8316100e-01   8.1909700e-01   2.6953558e+00   0.0000000e+00
   9.3000000e+01   0.0000000e+00   1.7566010e+00   8.1909700e-01   2.6953558e+00   0.0000000e+00
   9.4000000e+01   0.0000000e+00   2.3558240e+00   8.1909700e-01   2.6953558e+00   0.0000000e+00
   9.5000000e+01   0.0000000e+00   7.7647300e-01   8.1909700e-01   2.6953558e+00   0.0000000e+00
   9.6000000e+01   0.0000000e+00   4.8497900e-01   8.1909700e-01   2.6953558e+00   1.0000000e+00
   9.7000000e+01   1.0000000e+00   9.8450200e-01   8.1909700e-01   2.6953558e+00   1.0000000e+00
   9.8000000e+01   0.0000000e+00   4.6557100e-01   8.1909700e-01   2.6953558e+00   0.0000000e+00
   9.9000000e+01   1.0000000e+00   7.9559600e-01   8.1909700e-01   2.6953558e+00   1.0000000e+00
   1.0000000e+02   0.0000000e+00   1.1064630e+00   8.1909700e-01   2.6953558e+00   1.0000000e+00
   1.0100000e+02   0.0000000e+00   8.9252200e-01   8.1909700e-01   2.6953558e+00   0.0000000e+00
   1.0200000e+02   0.0000000e+00   9.8307600e-01   8.1909700e-01   2.6953558e+00   0.0000000e+00
   1.0300000e+02   0.0000000e+00   1.0558460e+00   8.1909700e-01   2.6953558e+00   0.0000000e+00
   1.0400000e+02   1.0000000e+00   5.7109200e-01   8.1909700e-01   2.6953558e+00   0.0000000e+00
   1.0500000e+02   0.0000000e+00   8.4874700e-01   8.1909700e-01   2.6953558e+00   0.0000000e+00
   1.0600000e+02   0.0000000e+00   8.2178300e-01   8.1909700e-01   2.6953558e+00   1.0000000e+00
   1.0700000e+02   0.0000000e+00   8.6532700e-01   8.1909700e-01   2.6953558e+00   1.0000000e+00
   1.0800000e+02   0.0000000e+00   4.5995000e-01   8.1909700e-01   2.6953558e+00   1.0000000e+00
   1.0900000e+02   0.0000000e+00   9.3097900e-01   8.1909700e-01   2.6953558e+00   1.0000000e+00
   1.1000000e+02   0.0000000e+00   6.5030100e-01   8.1909700e-01   2.6953558e+00   0.0000000e+00
   1.1100000e+02   0.0000000e+00   4.8043500e-01   8.1909700e-01   2.6953558e+00   1.0000000e+00
   1.1200000e+02   0.0000000e+00   1.3843460e+00   8.1909700e-01   2.6953558e+00   1.0000000e+00
   1.1300000e+02   0.0000000e+00   2.0864530e+00   8.1909700e-01   2.6953558e+00   0.0000000e+00
   1.1400000e+02   1.0000000e+00   1.2295840e+00   8.1909700e-01   2.6953558e+00   1.0000000e+00
   1.1500000e+02   0.0000000e+00   8.9782000e-01   8.1909700e-01   2.6953558e+00   1.0000000e+00
   1.1600000e+02   1.0000000e+00   1.5687390e+00   8.1909700e-01   2.6953558e+00   0.0000000e+00
   1.1700000e+02   0.0000000e+00   8.6390200e-01   8.1909700e-01   2.6953558e+00   0.0000000e+00
   1.1800000e+02   1.0000000e+00   5.4063000e-01   8.1909700e-01   2.6953558e+00   0.0000000e+00
   1.1900000e+02   0.0000000e+00   6.1862300e-01   8.1909700e-01   2.6953558e+00   0.0000000e+00
   1.2000000e+02   0.0000000e+00   5.7087500e-01   8.1909700e-01   2.6953558e+00   0.0000000e+00
   1.2100000e+02   0.0000000e+00   5.5287800e-01   8.1909700e-01   2.6953558e+00   1.0000000e+00
   1.2200000e+02   0.0000000e+00   6.9062800e-01   8.1909700e-01   2.6953558e+00   0.0000000e+00
   1.2300000e+02   1.0000000e+00   8.0933900e-01   8.1909700e-01   2.6953558e+00   1.0000000e+00
   1.2400000e+02   0.0000000e+00   1.9745740e+00   8.1909700e-01   2.6953558e+00   0.0000000e+00
   1.2500000e+02   0.0000000e+00   9.3540800e-01   8.1909700e-01   2.6953558e+00   0.0000000e+00
   1.2600000e+02   0.0000000e+00   1.1856560e+00   8.1909700e-01   2.6953558e+00   1.0000000e+00
   1.2700000e+02   0.0000000e+00   7.4712000e-01   8.1909700e-01   2.6953558e+00   1.0000000e+00
   1.2800000e+02   1.0000000e+00   1.7544080e+00   8.1909700e-01   2.6953558e+00   0.0000000e+00
   1.2900000e+02   0.0000000e+00   1.7014110e+00   8.1909700e-01   2.6953558e+00   1.0000000e+00
   1.3000000e+02   0.0000000e+00   9.7119100e-01   8.1909700e-01   2.6953558e+00   0.0000000e+00
   1.3100000e+02   1.0000000e+00   9.3350400e-01   8.1909700e-01   2.6953558e+00   1.0000000e+00
   1.3200000e+02   0.0000000e+00   7.1295900e-01   8.1909700e-01   2.6953558e+00   1.0000000e+00
   1.3300000e+02   0.0000000e+00   2.8994790e+00   8.1909700e-01   2.6953558e+00   1.0000000e+00
   1.3400000e+02   0.0000000e+00   2.8964280e+00   8.1909700e-01   2.6953558e+00   0.0000000e+00
   1.3500000e+02   1.0000000e+00   7.5081600e-01   8.1909700e-01   2.6953558e+00   1.0000000e+00
   1.3600000e+02   1.0000000e+00   4.9480300e-01   8.1909700e-01   2.6953558e+00   0.0000000e+00
