   1.0000000e+00   0.0000000e+00   3.7477730e+00   8.2848600e-01   3.3400802e+00   1.0000000e+00
   2.0000000e+00   0.0000000e+00   4.9461000e-01   8.2848600e-01   3.3400802e+00   0.0000000e+00
   3.0000000e+00   0.0000000e+00   4.7037400e-01   8.2848600e-01   3.3400802e+00   0.0000000e+00
   4.0000000e+00   1.0000000e+00   6.1342700e-01   8.2848600e-01   3.3400802e+00   1.0000000e+00
   5.0000000e+00   0.0000000e+00   7.9165300e-01   8.2848600e-01   3.3400802e+00   0.0000000e+00
   6.0000000e+00   0.0000000e+00   1.4906090e+00   8.2848600e-01   3.3400802e+00   1.0000000e+00
   7.0000000e+00   1.0000000e+00   6.3179000e-01   8.2848600e-01   3.3400802e+00   0.0000000e+00
   8.0000000e+00   0.0000000e+00   5.5136700e-01   8.2848600e-01   3.3400802e+00   1.0000000e+00
   9.0000000e+00   1.0000000e+00   6.1131600e-01   8.2848600e-01   3.3400802e+00   1.0000000e+00
   1.0000000e+01   0.0000000e+00   6.0926300e-01   8.2848600e-01   3.3400802e+00   1.0000000e+00
   1.1000000e+01   1.0000000e+00   2.8252870e+00   8.2848600e-01   3.3400802e+00   0.0000000e+00
   1.2000000e+01   0.0000000e+00   1.1415020e+00   8.2848600e-01   3.3400802e+00   0.0000000e+00
   1.3000000e+01   0.0000000e+00   6.9380100e-01   8.2848600e-01   3.3400802e+00   0.0000000e+00
   1.4000000e+01   0.0000000e+00   5.4819000e-01   8.2848600e-01   3.3400802e+00   1.0000000e+00
   1.5000000e+01   0.0000000e+00   1.2325060e+00   8.2848600e-01   3.3400802e+00   0.0000000e+00
   1.6000000e+01   1.0000000e+00   1.3790810e+00   8.2848600e-01   3.3400802e+00   0.0000000e+00
   1.7000000e+01   0.0000000e+00   8.0423300e-01   8.2848600e-01   3.3400802e+00   0.0000000e+00
   1.8000000e+01   0.0000000e+00   5.7372000e-01   8.2848600e-01   3.3400802e+00   1.0000000e+00
   1.9000000e+01   0.0000000e+00   1.2460370e+00   8.2848600e-01   3.3400802e+00   1.0000000e+00
   2.0000000e+01   1.0000000e+00   6.0106900e-01   8.2848600e-01   3.3400802e+00   1.0000000e+00
   2.1000000e+01   0.0000000e+00   6.0425200e-01   8.2848600e-01   3.3400802e+00   0.0000000e+00
   2.2000000e+01   1.0000000e+00   5.7988200e-01   8.2848600e-01   3.3400802e+00   0.0000000e+00
   2.3000000e+01   0.0000000e+00   7.8088000e-01   8.2848600e-01   3.3400802e+00   0.0000000e+00
   2.4000000e+01   0.0000000e+00   8.8449800e-01   8.2848600e-01   3.3400802e+00   1.0000000e+00
   2.5000000e+01   0.0000000e+00   1.3116150e+00   8.2848600e-01   3.3400802e+00   1.0000000e+00
   2.6000000e+01   0.0000000e+00   6.3135000e-01   8.2848600e-01   3.3400802e+00   0.0000000e+00
   2.7000000e+01   1.0000000e+00   6.1084700e-01   8.2848600e-01   3.3400802e+00   1.0000000e+00
   2.8000000e+01   0.0000000e+00   5.6360700e-01   8.2848600e-01   3.3400802e+00   1.0000000e+00
   2.9000000e+01   1.0000000e+00   4.5455600e-01   8.2848600e-01   3.3400802e+00   0.0000000e+00
   3.0000000e+01   1.0000000e+00   6.6353900e-01   8.2848600e-01   3.3400802e+00   1.0000000e+00
   3.1000000e+01   0.0000000e+00   9.6532400e-01   8.2848600e-01   3.3400802e+00   1.0000000e+00
   3.2000000e+01   0.0000000e+00   6.6344200e-01   8.2848600e-01   3.3400802e+00   0.0000000e+00
   3.3000000e+01   0.0000000e+00   1.0233240e+00   8.2848600e-01   3.3400802e+00   0.0000000e+00
   3.4000000e+01   1.0000000e+00   3.1324300e+00   8.2848600e-01   3.3400802e+00   1.0000000e+00
   3.5000000e+01   0.0000000e+00   1.6141040e+00   8.2848600e-01   3.3400802e+00   0.0000000e+00
   3.6000000e+01   1.0000000e+00   7.6256000e-01   8.2848600e-01   3.3400802e+00   0.0000000e+00
   3.7000000e+01   0.0000000e+00   8.7805000e-01   8.2848600e-01   3.3400802e+00   0.0000000e+00
   3.8000000e+01   0.0000000e+00   8.3340100e-01   8.2848600e-01   3.3400802e+00   1.0000000e+00
   3.9000000e+01   0.0000000e+00   1.6379460e+00   8.2848600e-01   3.3400802e+00   1.0000000e+00
   4.0000000e+01   0.0000000e+00   8.9013100e-01   8.2848600e-01   3.3400802e+00   0.0000000e+00
   4.1000000e+01   1.0000000e+00   4.5552000e-01   8.2848600e-01   3.3400802e+00   1.0000000e+00
   4.2000000e+01   0.0000000e+00   1.5425320e+00   8.2848600e-01   3.3400802e+00   1.0000000e+00
   4.3000000e+01   0.0000000e+00   7.4778800e-01   8.2848600e-01   3.3400802e+00   0.0000000e+00
   4.4000000e+01   1.0000000e+00   7.9742800e-01   8.2848600e-01   3.3400802e+00   0.0000000e+00
   4.5000000e+01   0.0000000e+00   1.2974690e+00   8.2848600e-01   3.3400802e+00   0.0000000e+00
   4.6000000e+01   0.0000000e+00   1.1042280e+00   8.2848600e-01   3.3400802e+00   1.0000000e+00
   4.7000000e+01   1.0000000e+00   6.7307400e-01   8.2848600e-01   3.3400802e+00   0.0000000e+00
   4.8000000e+01   0.0000000e+00   8.3262900e-01   8.2848600e-01   3.3400802e+00   0.0000000e+00
   4.9000000e+01   0.0000000e+00   4.4479600e-01   8.2848600e-01   3.3400802e+00   0.0000000e+00
   5.0000000e+01   0.0000000e+00   5.1931700e-01   8.2848600e-01   3.3400802e+00   1.0000000e+00
   5.1000000e+01   0.0000000e+00   1.3160440e+00   8.2848600e-01   3.3400802e+00   0.0000000e+00
   5.2000000e+01   1.0000000e+00   9.8363900e-01   8.2848600e-01   3.3400802e+00   1.0000000e+00
   5.3000000e+01   0.0000000e+00   8.5897300e-01   8.2848600e-01   3.3400802e+00   1.0000000e+00
   5.4000000e+01   1.0000000e+00   7.1918000e-01   8.2848600e-01   3.3400802e+00   0.0000000e+00
   5.5000000e+01   0.0000000e+00   4.8065100e-01   8.2848600e-01   3.3400802e+00   0.0000000e+00
   5.6000000e+01   1.0000000e+00   6.5970000e-01   8.2848600e-01   3.3400802e+00   1.0000000e+00
   5.7000000e+01   0.0000000e+00   5.0276900e-01   8.2848600e-01   3.3400802e+00   0.0000000e+00
   5.8000000e+01   0.0000000e+00   5.5663400e-01   8.2848600e-01   3.3400802e+00   1.0000000e+00
   5.9000000e+01   0.0000000e+00   6.3631400e-01   8.2848600e-01   3.3400802e+00   1.0000000e+00
   6.0000000e+01   0.0000000e+00   1.3676560e+00   8.2848600e-01   3.3400802e+00   1.0000000e+00
   6.1000000e+01   1.0000000e+00   5.1422000e-01   8.2848600e-01   3.3400802e+00   1.0000000e+00
   6.2000000e+01   0.0000000e+00   9.5458800e-01   8.2848600e-01   3.3400802e+00   1.0000000e+00
   6.3000000e+01   0.0000000e+00   7.4875600e-01   8.2848600e-01   3.3400802e+00   1.0000000e+00
   6.4000000e+01   0.0000000e+00   8.6421800e-01   8.2848600e-01   3.3400802e+00   0.0000000e+00
   6.5000000e+01   0.0000000e+00   1.2494170e+00   8.2848600e-01   3.3400802e+00   1.0000000e+00
   6.6000000e+01   1.0000000e+00   1.0183220e+00   8.2848600e-01   3.3400802e+00   0.0000000e+00
   6.7000000e+01   0.0000000e+00   8.2717200e-01   8.2848600e-01   3.3400802e+00   1.0000000e+00
   6.8000000e+01   0.0000000e+00   5.4177900e-01   8.2848600e-01   3.3400802e+00   0.0000000e+00
   6.9000000e+01   0.0000000e+00   4.3972000e-01   8.2848600e-01   3.3400802e+00   0.0000000e+00
   7.0000000e+01   0.0000000e+00   8.1034400e-01   8.2848600e-01   3.3400802e+00   0.0000000e+00
   7.1000000e+01   1.0000000e+00   1.0594130e+00   8.2848600e-01   3.3400802e+00   0.0000000e+00
   7.2000000e+01   1.0000000e+00   8.5639600e-01   8.2848600e-01   3.3400802e+00   1.0000000e+00
   7.3000000e+01   0.0000000e+00   1.0282900e+00   8.2848600e-01   3.3400802e+00   1.0000000e+00
   7.4000000e+01   0.0000000e+00   5.4205500e-01   8.2848600e-01   3.3400802e+00   1.0000000e+00
   7.5000000e+01   0.0000000e+00   2.4044040e+00   8.2848600e-01   3.3400802e+00   0.0000000e+00
   7.6000000e+01   0.0000000e+00   1.4103740e+00   8.2848600e-01   3.3400802e+00   1.0000000e+00
   7.7000000e+01   1.0000000e+00   6.2894300e-01   8.2848600e-01   3.3400802e+00   0.0000000e+00
   7.8000000e+01   0.0000000e+00   7.7778100e-01   8.2848600e-01   3.3400802e+00   0.0000000e+00
   7.9000000e+01   0.0000000e+00   4.4296000e-01   8.2848600e-01   3.3400802e+00   0.0000000e+00
   8.0000000e+01   1.0000000e+00   1.1309690e+00   8.2848600e-01   3.3400802e+00   1.0000000e+00
   8.1000000e+01   0.0000000e+00   5.7256200e-01   8.2848600e-01   3.3400802e+00   1.0000000e+00
   8.2000000e+01   0.0000000e+00   6.3570800e-01   8.2848600e-01   3.3400802e+00   1.0000000e+00
   8.3000000e+01   0.0000000e+00   1.8375190e+00   8.2848600e-01   3.3400802e+00   1.0000000e+00
   8.4000000e+01   0.0000000e+00   1.0142480e+00   8.2848600e-01   3.3400802e+00   0.0000000e+00
   8.5000000e+01   0.0000000e+00   6.5996400e-01   8.2848600e-01   3.3400802e+00   0.0000000e+00
   8.6000000e+01   0.0000000e+00   1.7334120e+00   8.2848600e-01   3.3400802e+00   1.0000000e+00
   8.7000000e+01   1.0000000e+00   2.1306040e+00   8.2848600e-01   3.3400802e+00   1.0000000e+00
   8.8000000e+01   0.0000000e+00   9.1882200e-01   8.2848600e-01   3.3400802e+00   0.0000000e+00
   8.9000000e+01   0.0000000e+00   9.6110500e-01   8.2848600e-01   3.3400802e+00   1.0000000e+00
   9.0000000e+01   1.0000000e+00   9.2589900e-01   8.2848600e-01   3.3400802e+00   0.0000000e+00
   9.1000000e+01   0.0000000e+00   1.2771960e+00   8.2848600e-01   3.3400802e+00   0.0000000e+00
   9.2000000e+01   0.0000000e+00   6.0785700e-01   8.2848600e-01   3.3400802e+00   0.0000000e+00
   9.3000000e+01   1.0000000e+00   1.4488090e+00   8.2848600e-01   3.3400802e+00   1.0000000e+00
   9.4000000e+01   0.0000000e+00   4.4319200e-01   8.2848600e-01   3.3400802e+00   0.0000000e+00
   9.5000000e+01   1.0000000e+00   5.5175500e-01   8.2848600e-01   3.3400802e+00   0.0000000e+00
   9.6000000e+01   0.0000000e+00   1.1874240e+00   8.2848600e-01   3.3400802e+00   1.0000000e+00
   9.7000000e+01   0.0000000e+00   7.8049800e-01   8.2848600e-01   3.3400802e+00   1.0000000e+00
   9.8000000e+01   0.0000000e+00   1.3294820e+00   8.2848600e-01   3.3400802e+00   0.0000000e+00
   9.9000000e+01   1.0000000e+00   6.2263000e-01   8.2848600e-01   3.3400802e+00   1.0000000e+00
   1.0000000e+02   0.0000000e+00   5.0016200e-01   8.2848600e-01   3.3400802e+00   1.0000000e+00
   1.0100000e+02   0.0000000e+00   4.8513900e-01   8.2848600e-01   3.3400802e+00   0.0000000e+00
   1.0200000e+02   0.0000000e+00   5.7497800e-01   8.2848600e-01   3.3400802e+00   1.0000000e+00
   1.0300000e+02   0.0000000e+00   1.0348550e+00   8.2848600e-01   3.3400802e+00   1.0000000e+00
   1.0400000e+02   0.0000000e+00   4.7859700e-01   8.2848600e-01   3.3400802e+00   1.0000000e+00
   1.0500000e+02   0.0000000e+00   7.9983700e-01   8.2848600e-01   3.3400802e+00   1.0000000e+00
   1.0600000e+02   1.0000000e+00   8.3644500e-01   8.2848600e-01   3.3400802e+00   0.0000000e+00
   1.0700000e+02   0.0000000e+00   5.5207000e-01   8.2848600e-01   3.3400802e+00   0.0000000e+00
   1.0800000e+02   0.0000000e+00   9.5561600e-01   8.2848600e-01   3.3400802e+00   1.0000000e+00
   1.0900000e+02   1.0000000e+00   1.3092750e+00   8.2848600e-01   3.3400802e+00   0.0000000e+00
   1.1000000e+02   0.0000000e+00   1.0262280e+00   8.2848600e-01   3.3400802e+00   1.0000000e+00
   1.1100000e+02   0.0000000e+00   5.7817900e-01   8.2848600e-01   3.3400802e+00   0.0000000e+00
   1.1200000e+02   0.0000000e+00   6.9286300e-01   8.2848600e-01   3.3400802e+00   0.0000000e+00
   1.1300000e+02   1.0000000e+00   1.7529520e+00   8.2848600e-01   3.3400802e+00   1.0000000e+00
   1.1400000e+02   0.0000000e+00   6.5871300e-01   8.2848600e-01   3.3400802e+00   0.0000000e+00
   1.1500000e+02   1.0000000e+00   7.0510400e-01   8.2848600e-01   3.3400802e+00   0.0000000e+00
   1.1600000e+02   0.0000000e+00   8.1158900e-01   8.2848600e-01   3.3400802e+00   0.0000000e+00
   1.1700000e+02   0.0000000e+00   5.9582600e-01   8.2848600e-01   3.3400802e+00   1.0000000e+00
   1.1800000e+02   0.0000000e+00   4.9379500e-01   8.2848600e-01   3.3400802e+00   0.0000000e+00
   1.1900000e+02   1.0000000e+00   5.7402000e-01   8.2848600e-01   3.3400802e+00   1.0000000e+00
   1.2000000e+02   0.0000000e+00   6.6506900e-01   8.2848600e-01   3.3400802e+00   0.0000000e+00
   1.2100000e+02   0.0000000e+00   7.9101100e-01   8.2848600e-01   3.3400802e+00   0.0000000e+00
   1.2200000e+02   0.0000000e+00   1.3358630e+00   8.2848600e-01   3.3400802e+00   1.0000000e+00
   1.2300000e+02   0.0000000e+00   9.3352100e-01   8.2848600e-01   3.3400802e+00   1.0000000e+00
   1.2400000e+02   0.0000000e+00   2.1153330e+00   8.2848600e-01   3.3400802e+00   1.0000000e+00
   1.2500000e+02   0.0000000e+00   6.4831200e-01   8.2848600e-01   3.3400802e+00   0.0000000e+00
   1.2600000e+02   1.0000000e+00   5.9665800e-01   8.2848600e-01   3.3400802e+00   1.0000000e+00
   1.2700000e+02   0.0000000e+00   7.3707900e-01   8.2848600e-01   3.3400802e+00   1.0000000e+00
   1.2800000e+02   1.0000000e+00   4.6426000e-01   8.2848600e-01   3.3400802e+00   0.0000000e+00
   1.2900000e+02   0.0000000e+00   5.8800300e-01   8.2848600e-01   3.3400802e+00   1.0000000e+00
   1.3000000e+02   1.0000000e+00   1.1862810e+00   8.2848600e-01   3.3400802e+00   1.0000000e+00
   1.3100000e+02   0.0000000e+00   5.3170200e-01   8.2848600e-01   3.3400802e+00   1.0000000e+00
   1.3200000e+02   0.0000000e+00   1.2368550e+00   8.2848600e-01   3.3400802e+00   0.0000000e+00
   1.3300000e+02   1.0000000e+00   2.0018580e+00   8.2848600e-01   3.3400802e+00   0.0000000e+00
   1.3400000e+02   1.0000000e+00   1.0818970e+00   8.2848600e-01   3.3400802e+00   0.0000000e+00
   1.3500000e+02   0.0000000e+00   6.0840100e-01   8.2848600e-01   3.3400802e+00   0.0000000e+00
   1.3600000e+02   1.0000000e+00   1.2931630e+00   8.2848600e-01   3.3400802e+00   1.0000000e+00
