   1.0000000e+00   0.0000000e+00   6.0482300e-01   8.3056000e-01   2.8534286e+00   1.0000000e+00
   2.0000000e+00   0.0000000e+00   4.6340300e-01   8.3056000e-01   2.8534286e+00   1.0000000e+00
   3.0000000e+00   0.0000000e+00   1.4886740e+00   8.3056000e-01   2.8534286e+00   1.0000000e+00
   4.0000000e+00   0.0000000e+00   1.7991260e+00   8.3056000e-01   2.8534286e+00   1.0000000e+00
   5.0000000e+00   0.0000000e+00   1.1740970e+00   8.3056000e-01   2.8534286e+00   0.0000000e+00
   6.0000000e+00   1.0000000e+00   6.6382000e-01   8.3056000e-01   2.8534286e+00   1.0000000e+00
   7.0000000e+00   0.0000000e+00   1.0149290e+00   8.3056000e-01   2.8534286e+00   0.0000000e+00
   8.0000000e+00   0.0000000e+00   6.4641000e-01   8.3056000e-01   2.8534286e+00   1.0000000e+00
   9.0000000e+00   0.0000000e+00   1.8535610e+00   8.3056000e-01   2.8534286e+00   1.0000000e+00
   1.0000000e+01   1.0000000e+00   9.4042300e-01   8.3056000e-01   2.8534286e+00   0.0000000e+00
   1.1000000e+01   0.0000000e+00   1.0030760e+00   8.3056000e-01   2.8534286e+00   0.0000000e+00
   1.2000000e+01   1.0000000e+00   5.9740500e-01   8.3056000e-01   2.8534286e+00   1.0000000e+00
   1.3000000e+01   1.0000000e+00   6.8508600e-01   8.3056000e-01   2.8534286e+00   0.0000000e+00
   1.4000000e+01   0.0000000e+00   6.0447800e-01   8.3056000e-01   2.8534286e+00   1.0000000e+00
   1.5000000e+01   0.0000000e+00   5.5758700e-01   8.3056000e-01   2.8534286e+00   0.0000000e+00
   1.6000000e+01   0.0000000e+00   5.1821300e-01   8.3056000e-01   2.8534286e+00   0.0000000e+00
   1.7000000e+01   1.0000000e+00   8.9728200e-01   8.3056000e-01   2.8534286e+00   0.0000000e+00
   1.8000000e+01   0.0000000e+00   4.3958700e-01   8.3056000e-01   2.8534286e+00   0.0000000e+00
   1.9000000e+01   1.0000000e+00   5.1842600e-01   8.3056000e-01   2.8534286e+00   1.0000000e+00
   2.0000000e+01   0.0000000e+00   1.9217890e+00   8.3056000e-01   2.8534286e+00   0.0000000e+00
   2.1000000e+01   0.0000000e+00   6.7460700e-01   8.3056000e-01   2.8534286e+00   0.0000000e+00
   2.2000000e+01   1.0000000e+00   5.4950100e-01   8.3056000e-01   2.8534286e+00   0.0000000e+00
   2.3000000e+01   0.0000000e+00   8.3781800e-01   8.3056000e-01   2.8534286e+00   0.0000000e+00
   2.4000000e+01   0.0000000e+00   5.6888700e-01   8.3056000e-01   2.8534286e+00   1.0000000e+00
   2.5000000e+01   0.0000000e+00   5.4223600e-01   8.3056000e-01   2.8534286e+00   1.0000000e+00
   2.6000000e+01   0.0000000e+00   1.0301020e+00   8.3056000e-01   2.8534286e+00   0.0000000e+00
   2.7000000e+01   1.0000000e+00   7.0209600e-01   8.3056000e-01   2.8534286e+00   1.0000000e+00
   2.8000000e+01   0.0000000e+00   6.5207300e-01   8.3056000e-01   2.8534286e+00   1.0000000e+00
   2.9000000e+01   1.0000000e+00   7.1943000e-01   8.3056000e-01   2.8534286e+00   0.0000000e+00
   3.0000000e+01   0.0000000e+00   8.3188400e-01   8.3056000e-01   2.8534286e+00   0.0000000e+00
   3.1000000e+01   1.0000000e+00   4.6577100e-01   8.3056000e-01   2.8534286e+00   1.0000000e+00
   3.2000000e+01   0.0000000e+00   5.7765600e-01   8.3056000e-01   2.8534286e+00   1.0000000e+00
   3.3000000e+01   0.0000000e+00   5.6095200e-01   8.3056000e-01   2.8534286e+00   0.0000000e+00
   3.4000000e+01   1.0000000e+00   1.1820530e+00   8.3056000e-01   2.8534286e+00   1.0000000e+00
   3.5000000e+01   0.0000000e+00   1.0931800e+00   8.3056000e-01   2.8534286e+00   1.0000000e+00
   3.6000000e+01   0.0000000e+00   9.2727100e-01   8.3056000e-01   2.8534286e+00   0.0000000e+00
   3.7000000e+01   0.0000000e+00   1.2339290e+00   8.3056000e-01   2.8534286e+00   1.0000000e+00
   3.8000000e+01   0.0000000e+00   1.1465540e+00   8.3056000e-01   2.8534286e+00   1.0000000e+00
   3.9000000e+01   1.0000000e+00   1.3942900e+00   8.3056000e-01   2.8534286e+00   0.0000000e+00
   4.0000000e+01   0.0000000e+00   1.3864720e+00   8.3056000e-01   2.8534286e+00   1.0000000e+00
   4.1000000e+01   1.0000000e+00   1.5190350e+00   8.3056000e-01   2.8534286e+00   1.0000000e+00
   4.2000000e+01   0.0000000e+00   4.6487900e-01   8.3056000e-01   2.8534286e+00   0.0000000e+00
   4.3000000e+01   0.0000000e+00   5.5466300e-01   8.3056000e-01   2.8534286e+00   1.0000000e+00
   4.4000000e+01   0.0000000e+00   8.4349200e-01   8.3056000e-01   2.8534286e+00   0.0000000e+00
   4.5000000e+01   1.0000000e+00   1.5786240e+00   8.3056000e-01   2.8534286e+00   0.0000000e+00
   4.6000000e+01   0.0000000e+00   5.3824500e-01   8.3056000e-01   2.8534286e+00   0.0000000e+00
   4.7000000e+01   0.0000000e+00   2.2228020e+00   8.3056000e-01   2.8534286e+00   0.0000000e+00
   4.8000000e+01   0.0000000e+00   7.9368100e-01   8.3056000e-01   2.8534286e+00   1.0000000e+00
   4.9000000e+01   0.0000000e+00   7.6340200e-01   8.3056000e-01   2.8534286e+00   1.0000000e+00
   5.0000000e+01   0.0000000e+00   1.1848110e+00   8.3056000e-01   2.8534286e+00   0.0000000e+00
   5.1000000e+01   1.0000000e+00   8.3007900e-01   8.3056000e-01   2.8534286e+00   0.0000000e+00
   5.2000000e+01   0.0000000e+00   5.5609800e-01   8.3056000e-01   2.8534286e+00   0.0000000e+00
   5.3000000e+01   1.0000000e+00   1.5002370e+00   8.3056000e-01   2.8534286e+00   1.0000000e+00
   5.4000000e+01   1.0000000e+00   6.9423800e-01   8.3056000e-01   2.8534286e+00   0.0000000e+00
   5.5000000e+01   0.0000000e+00   8.3555100e-01   8.3056000e-01   2.8534286e+00   1.0000000e+00
   5.6000000e+01   0.0000000e+00   5.1725500e-01   8.3056000e-01   2.8534286e+00   0.0000000e+00
   5.7000000e+01   0.0000000e+00   4.7462400e-01   8.3056000e-01   2.8534286e+00   0.0000000e+00
   5.8000000e+01   1.0000000e+00   1.1309010e+00   8.3056000e-01   2.8534286e+00   1.0000000e+00
   5.9000000e+01   0.0000000e+00   4.4878500e-01   8.3056000e-01   2.8534286e+00   0.0000000e+00
   6.0000000e+01   1.0000000e+00   6.5072800e-01   8.3056000e-01   2.8534286e+00   1.0000000e+00
   6.1000000e+01   0.0000000e+00   1.2195780e+00   8.3056000e-01   2.8534286e+00   1.0000000e+00
   6.2000000e+01   0.0000000e+00   7.5519100e-01   8.3056000e-01   2.8534286e+00   1.0000000e+00
   6.3000000e+01   0.0000000e+00   5.3895600e-01   8.3056000e-01   2.8534286e+00   0.0000000e+00
   6.4000000e+01   0.0000000e+00   7.6122700e-01   8.3056000e-01   2.8534286e+00   1.0000000e+00
   6.5000000e+01   0.0000000e+00   1.3158760e+00   8.3056000e-01   2.8534286e+00   1.0000000e+00
   6.6000000e+01   0.0000000e+00   9.2479000e-01   8.3056000e-01   2.8534286e+00   1.0000000e+00
   6.7000000e+01   1.0000000e+00   1.1200350e+00   8.3056000e-01   2.8534286e+00   0.0000000e+00
   6.8000000e+01   0.0000000e+00   3.1747960e+00   8.3056000e-01   2.8534286e+00   0.0000000e+00
   6.9000000e+01   0.0000000e+00   4.5652400e-01   8.3056000e-01   2.8534286e+00   0.0000000e+00
   7.0000000e+01   1.0000000e+00   6.1924200e-01   8.3056000e-01   2.8534286e+00   0.0000000e+00
   7.1000000e+01   0.0000000e+00   1.6662470e+00   8.3056000e-01   2.8534286e+00   0.0000000e+00
   7.2000000e+01   0.0000000e+00   8.1350700e-01   8.3056000e-01   2.8534286e+00   1.0000000e+00
   7.3000000e+01   1.0000000e+00   6.2790100e-01   8.3056000e-01   2.8534286e+00   1.0000000e+00
   7.4000000e+01   0.0000000e+00   7.7849400e-01   8.3056000e-01   2.8534286e+00   1.0000000e+00
   7.5000000e+01   0.0000000e+00   6.2592000e-01   8.3056000e-01   2.8534286e+00   0.0000000e+00
   7.6000000e+01   0.0000000e+00   5.4894600e-01   8.3056000e-01   2.8534286e+00   0.0000000e+00
   7.7000000e+01   0.0000000e+00   6.3400400e-01   8.3056000e-01   2.8534286e+00   1.0000000e+00
   7.8000000e+01   0.0000000e+00   1.5473290e+00   8.3056000e-01   2.8534286e+00   0.0000000e+00
   7.9000000e+01   1.0000000e+00   4.4037000e-01   8.3056000e-01   2.8534286e+00   0.0000000e+00
   8.0000000e+01   0.0000000e+00   7.6300300e-01   8.3056000e-01   2.8534286e+00   1.0000000e+00
   8.1000000e+01   1.0000000e+00   2.0460280e+00   8.3056000e-01   2.8534286e+00   1.0000000e+00
   8.2000000e+01   0.0000000e+00   7.9269400e-01   8.3056000e-01   2.8534286e+00   0.0000000e+00
   8.3000000e+01   0.0000000e+00   1.8981320e+00   8.3056000e-01   2.8534286e+00   0.0000000e+00
   8.4000000e+01   1.0000000e+00   1.3727780e+00   8.3056000e-01   2.8534286e+00   1.0000000e+00
   8.5000000e+01   0.0000000e+00   1.9731290e+00   8.3056000e-01   2.8534286e+00   0.0000000e+00
   8.6000000e+01   1.0000000e+00   9.5201100e-01   8.3056000e-01   2.8534286e+00   0.0000000e+00
   8.7000000e+01   0.0000000e+00   6.5666600e-01   8.3056000e-01   2.8534286e+00   1.0000000e+00
   8.8000000e+01   1.0000000e+00   5.3031800e-01   8.3056000e-01   2.8534286e+00   1.0000000e+00
   8.9000000e+01   0.0000000e+00   1.0141740e+00   8.3056000e-01   2.8534286e+00   0.0000000e+00
   9.0000000e+01   0.0000000e+00   9.1268800e-01   8.3056000e-01   2.8534286e+00   1.0000000e+00
   9.1000000e+01   1.0000000e+00   6.2721900e-01   8.3056000e-01   2.8534286e+00   0.0000000e+00
   9.2000000e+01   0.0000000e+00   6.0070700e-01   8.3056000e-01   2.8534286e+00   1.0000000e+00
   9.3000000e+01   0.0000000e+00   1.1040400e+00   8.3056000e-01   2.8534286e+00   1.0000000e+00
   9.4000000e+01   0.0000000e+00   1.3595600e+00   8.3056000e-01   2.8534286e+00   1.0000000e+00
   9.5000000e+01   1.0000000e+00   2.3463580e+00   8.3056000e-01   2.8534286e+00   1.0000000e+00
   9.6000000e+01   0.0000000e+00   5.6688700e-01   8.3056000e-01   2.8534286e+00   0.0000000e+00
   9.7000000e+01   0.0000000e+00   1.3722770e+00   8.3056000e-01   2.8534286e+00   0.0000000e+00
   9.8000000e+01   0.0000000e+00   3.2901920e+00   8.3056000e-01   2.8534286e+00   1.0000000e+00
   9.9000000e+01   1.0000000e+00   5.6107200e-01   8.3056000e-01   2.8534286e+00   0.0000000e+00
   1.0000000e+02   1.0000000e+00   1.3045980e+00   8.3056000e-01   2.8534286e+00   0.0000000e+00
   1.0100000e+02   0.0000000e+00   4.4232500e-01   8.3056000e-01   2.8534286e+00   1.0000000e+00
   1.0200000e+02   0.0000000e+00   4.6462800e-01   8.3056000e-01   2.8534286e+00   1.0000000e+00
   1.0300000e+02   0.0000000e+00   5.5934600e-01   8.3056000e-01   2.8534286e+00   1.0000000e+00
   1.0400000e+02   0.0000000e+00   1.0078340e+00   8.3056000e-01   2.8534286e+00   1.0000000e+00
   1.0500000e+02   0.0000000e+00   9.2555500e-01   8.3056000e-01   2.8534286e+00   0.0000000e+00
   1.0600000e+02   0.0000000e+00   4.4686000e-01   8.3056000e-01   2.8534286e+00   1.0000000e+00
   1.0700000e+02   0.0000000e+00   8.7330700e-01   8.3056000e-01   2.8534286e+00   0.0000000e+00
   1.0800000e+02   1.0000000e+00   1.8188970e+00   8.3056000e-01   2.8534286e+00   1.0000000e+00
   1.0900000e+02   0.0000000e+00   1.7032150e+00   8.3056000e-01   2.8534286e+00   0.0000000e+00
   1.1000000e+02   1.0000000e+00   1.0848720e+00   8.3056000e-01   2.8534286e+00   0.0000000e+00
   1.1100000e+02   0.0000000e+00   4.8600500e-01   8.3056000e-01   2.8534286e+00   0.0000000e+00
   1.1200000e+02   0.0000000e+00   6.5833100e-01   8.3056000e-01   2.8534286e+00   1.0000000e+00
   1.1300000e+02   0.0000000e+00   5.0110500e-01   8.3056000e-01   2.8534286e+00   1.0000000e+00
   1.1400000e+02   0.0000000e+00   5.3773400e-01   8.3056000e-01   2.8534286e+00   0.0000000e+00
   1.1500000e+02   0.0000000e+00   4.6544800e-01   8.3056000e-01   2.8534286e+00   0.0000000e+00
   1.1600000e+02   0.0000000e+00   8.8118800e-01   8.3056000e-01   2.8534286e+00   1.0000000e+00
   1.1700000e+02   0.0000000e+00   2.1102370e+00   8.3056000e-01   2.8534286e+00   0.0000000e+00
   1.1800000e+02   1.0000000e+00   8.3977700e-01   8.3056000e-01   2.8534286e+00   1.0000000e+00
   1.1900000e+02   0.0000000e+00   6.6665700e-01   8.3056000e-01   2.8534286e+00   0.0000000e+00
   1.2000000e+02   0.0000000e+00   7.8983600e-01   8.3056000e-01   2.8534286e+00   1.0000000e+00
   1.2100000e+02   0.0000000e+00   4.7456000e-01   8.3056000e-01   2.8534286e+00   1.0000000e+00
   1.2200000e+02   0.0000000e+00   9.7529000e-01   8.3056000e-01   2.8534286e+00   0.0000000e+00
   1.2300000e+02   0.0000000e+00   6.6305700e-01   8.3056000e-01   2.8534286e+00   0.0000000e+00
   1.2400000e+02   1.0000000e+00   7.2940600e-01   8.3056000e-01   2.8534286e+00   1.0000000e+00
   1.2500000e+02   0.0000000e+00   4.7090400e-01   8.3056000e-01   2.8534286e+00   0.0000000e+00
   1.2600000e+02   1.0000000e+00   4.8970700e-01   8.3056000e-01   2.8534286e+00   0.0000000e+00
   1.2700000e+02   0.0000000e+00   8.4697400e-01   8.3056000e-01   2.8534286e+00   1.0000000e+00
   1.2800000e+02   0.0000000e+00   9.2216700e-01   8.3056000e-01   2.8534286e+00   0.0000000e+00
   1.2900000e+02   0.0000000e+00   8.4540600e-01   8.3056000e-01   2.8534286e+00   1.0000000e+00
   1.3000000e+02   0.0000000e+00   1.1445890e+00   8.3056000e-01   2.8534286e+00   1.0000000e+00
   1.3100000e+02   1.0000000e+00   7.1694400e-01   8.3056000e-01   2.8534286e+00   1.0000000e+00
   1.3200000e+02   0.0000000e+00   6.2042300e-01   8.3056000e-01   2.8534286e+00   1.0000000e+00
   1.3300000e+02   1.0000000e+00   9.4017100e-01   8.3056000e-01   2.8534286e+00   0.0000000e+00
   1.3400000e+02   0.0000000e+00   8.2899600e-01   8.3056000e-01   2.8534286e+00   0.0000000e+00
   1.3500000e+02   1.0000000e+00   5.4159200e-01   8.3056000e-01   2.8534286e+00   0.0000000e+00
   1.3600000e+02   1.0000000e+00   5.0211000e-01   8.3056000e-01   2.8534286e+00   1.0000000e+00
