   1.0000000e+00   0.0000000e+00   2.6954650e+00   8.2604300e-01   3.2191237e+00   0.0000000e+00
   2.0000000e+00   0.0000000e+00   7.1531400e-01   8.2604300e-01   3.2191237e+00   1.0000000e+00
   3.0000000e+00   1.0000000e+00   1.0250140e+00   8.2604300e-01   3.2191237e+00   1.0000000e+00
   4.0000000e+00   1.0000000e+00   4.6653500e-01   8.2604300e-01   3.2191237e+00   0.0000000e+00
   5.0000000e+00   0.0000000e+00   1.4804220e+00   8.2604300e-01   3.2191237e+00   0.0000000e+00
   6.0000000e+00   0.0000000e+00   7.0035700e-01   8.2604300e-01   3.2191237e+00   0.0000000e+00
   7.0000000e+00   0.0000000e+00   4.8754200e-01   8.2604300e-01   3.2191237e+00   1.0000000e+00
   8.0000000e+00   0.0000000e+00   1.1036380e+00   8.2604300e-01   3.2191237e+00   1.0000000e+00
   9.0000000e+00   0.0000000e+00   7.2913300e-01   8.2604300e-01   3.2191237e+00   0.0000000e+00
   1.0000000e+01   1.0000000e+00   5.2108700e-01   8.2604300e-01   3.2191237e+00   1.0000000e+00
   1.1000000e+01   0.0000000e+00   9.2785800e-01   8.2604300e-01   3.2191237e+00   1.0000000e+00
   1.2000000e+01   1.0000000e+00   4.4270600e-01   8.2604300e-01   3.2191237e+00   0.0000000e+00
   1.3000000e+01   0.0000000e+00   5.1819900e-01   8.2604300e-01   3.2191237e+00   1.0000000e+00
   1.4000000e+01   1.0000000e+00   8.3514600e-01   8.2604300e-01   3.2191237e+00   0.0000000e+00
   1.5000000e+01   0.0000000e+00   8.1162200e-01   8.2604300e-01   3.2191237e+00   1.0000000e+00
   1.6000000e+01   0.0000000e+00   1.9190600e+00   8.2604300e-01   3.2191237e+00   0.0000000e+00
   1.7000000e+01   0.0000000e+00   1.2754490e+00   8.2604300e-01   3.2191237e+00   1.0000000e+00
   1.8000000e+01   0.0000000e+00   8.5159200e-01   8.2604300e-01   3.2191237e+00   0.0000000e+00
   1.9000000e+01   0.0000000e+00   1.8178590e+00   8.2604300e-01   3.2191237e+00   0.0000000e+00
   2.0000000e+01   0.0000000e+00   5.3386900e-01   8.2604300e-01   3.2191237e+00   1.0000000e+00
   2.1000000e+01   1.0000000e+00   7.3636600e-01   8.2604300e-01   3.2191237e+00   1.0000000e+00
   2.2000000e+01   0.0000000e+00   1.2059000e+00   8.2604300e-01   3.2191237e+00   0.0000000e+00
   2.3000000e+01   0.0000000e+00   5.0282400e-01   8.2604300e-01   3.2191237e+00   1.0000000e+00
   2.4000000e+01   0.0000000e+00   9.9741100e-01   8.2604300e-01   3.2191237e+00   0.0000000e+00
   2.5000000e+01   0.0000000e+00   5.7515700e-01   8.2604300e-01   3.2191237e+00   0.0000000e+00
   2.6000000e+01   1.0000000e+00   5.6507400e-01   8.2604300e-01   3.2191237e+00   0.0000000e+00
   2.7000000e+01   0.0000000e+00   6.2529800e-01   8.2604300e-01   3.2191237e+00   0.0000000e+00
   2.8000000e+01   1.0000000e+00   5.8960800e-01   8.2604300e-01   3.2191237e+00   1.0000000e+00
   2.9000000e+01   0.0000000e+00   9.9643200e-01   8.2604300e-01   3.2191237e+00   1.0000000e+00
   3.0000000e+01   1.0000000e+00   1.2754430e+00   8.2604300e-01   3.2191237e+00   0.0000000e+00
   3.1000000e+01   0.0000000e+00   4.8044100e-01   8.2604300e-01   3.2191237e+00   1.0000000e+00
   3.2000000e+01   0.0000000e+00   4.4373000e-01   8.2604300e-01   3.2191237e+00   1.0000000e+00
   3.3000000e+01   0.0000000e+00   1.0633080e+00   8.2604300e-01   3.2191237e+00   0.0000000e+00
   3.4000000e+01   1.0000000e+00   9.9107800e-01   8.2604300e-01   3.2191237e+00   1.0000000e+00
   3.5000000e+01   0.0000000e+00   1.2249850e+00   8.2604300e-01   3.2191237e+00   1.0000000e+00
   3.6000000e+01   0.0000000e+00   5.7375900e-01   8.2604300e-01   3.2191237e+00   0.0000000e+00
   3.7000000e+01   0.0000000e+00   9.2929000e-01   8.2604300e-01   3.2191237e+00   1.0000000e+00
   3.8000000e+01   0.0000000e+00   7.0723900e-01   8.2604300e-01   3.2191237e+00   0.0000000e+00
   3.9000000e+01   0.0000000e+00   9.4629400e-01   8.2604300e-01   3.2191237e+00   1.0000000e+00
   4.0000000e+01   1.0000000e+00   3.8827780e+00   8.2604300e-01   3.2191237e+00   1.0000000e+00
   4.1000000e+01   0.0000000e+00   5.0660100e-01   8.2604300e-01   3.2191237e+00   1.0000000e+00
   4.2000000e+01   0.0000000e+00   1.0194540e+00   8.2604300e-01   3.2191237e+00   1.0000000e+00
   4.3000000e+01   1.0000000e+00   1.0824300e+00   8.2604300e-01   3.2191237e+00   0.0000000e+00
   4.4000000e+01   1.0000000e+00   1.2921170e+00   8.2604300e-01   3.2191237e+00   1.0000000e+00
   4.5000000e+01   0.0000000e+00   1.7414730e+00   8.2604300e-01   3.2191237e+00   0.0000000e+00
   4.6000000e+01   1.0000000e+00   7.9848200e-01   8.2604300e-01   3.2191237e+00   0.0000000e+00
   4.7000000e+01   0.0000000e+00   8.3775800e-01   8.2604300e-01   3.2191237e+00   0.0000000e+00
   4.8000000e+01   0.0000000e+00   1.0670710e+00   8.2604300e-01   3.2191237e+00   0.0000000e+00
   4.9000000e+01   0.0000000e+00   5.5909600e-01   8.2604300e-01   3.2191237e+00   1.0000000e+00
   5.0000000e+01   0.0000000e+00   1.2435260e+00   8.2604300e-01   3.2191237e+00   0.0000000e+00
   5.1000000e+01   1.0000000e+00   7.1176600e-01   8.2604300e-01   3.2191237e+00   0.0000000e+00
   5.2000000e+01   0.0000000e+00   9.2494400e-01   8.2604300e-01   3.2191237e+00   0.0000000e+00
   5.3000000e+01   1.0000000e+00   6.6181700e-01   8.2604300e-01   3.2191237e+00   1.0000000e+00
   5.4000000e+01   0.0000000e+00   1.7470540e+00   8.2604300e-01   3.2191237e+00   0.0000000e+00
   5.5000000e+01   0.0000000e+00   4.6881600e-01   8.2604300e-01   3.2191237e+00   0.0000000e+00
   5.6000000e+01   1.0000000e+00   1.1671080e+00   8.2604300e-01   3.2191237e+00   0.0000000e+00
   5.7000000e+01   0.0000000e+00   1.1906770e+00   8.2604300e-01   3.2191237e+00   0.0000000e+00
   5.8000000e+01   0.0000000e+00   1.3152850e+00   8.2604300e-01   3.2191237e+00   0.0000000e+00
   5.9000000e+01   0.0000000e+00   1.1443090e+00   8.2604300e-01   3.2191237e+00   1.0000000e+00
   6.0000000e+01   0.0000000e+00   4.3510600e-01   8.2604300e-01   3.2191237e+00   0.0000000e+00
   6.1000000e+01   0.0000000e+00   5.6590100e-01   8.2604300e-01   3.2191237e+00   1.0000000e+00
   6.2000000e+01   1.0000000e+00   1.3343780e+00   8.2604300e-01   3.2191237e+00   1.0000000e+00
   6.3000000e+01   0.0000000e+00   1.6558100e+00   8.2604300e-01   3.2191237e+00   1.0000000e+00
   6.4000000e+01   0.0000000e+00   1.7569280e+00   8.2604300e-01   3.2191237e+00   1.0000000e+00
   6.5000000e+01   0.0000000e+00   7.0952000e-01   8.2604300e-01   3.2191237e+00   1.0000000e+00
   6.6000000e+01   0.0000000e+00   5.0229200e-01   8.2604300e-01   3.2191237e+00   1.0000000e+00
   6.7000000e+01   1.0000000e+00   5.0809300e-01   8.2604300e-01   3.2191237e+00   1.0000000e+00
   6.8000000e+01   0.0000000e+00   1.9612950e+00   8.2604300e-01   3.2191237e+00   0.0000000e+00
   6.9000000e+01   0.0000000e+00   5.1193400e-01   8.2604300e-01   3.2191237e+00   1.0000000e+00
   7.0000000e+01   0.0000000e+00   5.5908900e-01   8.2604300e-01   3.2191237e+00   0.0000000e+00
   7.1000000e+01   1.0000000e+00   6.3841300e-01   8.2604300e-01   3.2191237e+00   0.0000000e+00
   7.2000000e+01   0.0000000e+00   8.6629800e-01   8.2604300e-01   3.2191237e+00   0.0000000e+00
   7.3000000e+01   0.0000000e+00   7.2506800e-01   8.2604300e-01   3.2191237e+00   0.0000000e+00
   7.4000000e+01   0.0000000e+00   5.3814700e-01   8.2604300e-01   3.2191237e+00   1.0000000e+00
   7.5000000e+01   0.0000000e+00   1.2783560e+00   8.2604300e-01   3.2191237e+00   1.0000000e+00
   7.6000000e+01   1.0000000e+00   8.8751000e-01   8.2604300e-01   3.2191237e+00   0.0000000e+00
   7.7000000e+01   0.0000000e+00   8.7427100e-01   8.2604300e-01   3.2191237e+00   0.0000000e+00
   7.8000000e+01   0.0000000e+00   1.0028620e+00   8.2604300e-01   3.2191237e+00   0.0000000e+00
   7.9000000e+01   0.0000000e+00   1.2563670e+00   8.2604300e-01   3.2191237e+00   0.0000000e+00
   8.0000000e+01   0.0000000e+00   4.8152800e-01   8.2604300e-01   3.2191237e+00   1.0000000e+00
   8.1000000e+01   1.0000000e+00   8.2945800e-01   8.2604300e-01   3.2191237e+00   1.0000000e+00
   8.2000000e+01   0.0000000e+00   1.2541540e+00   8.2604300e-01   3.2191237e+00   1.0000000e+00
   8.3000000e+01   1.0000000e+00   5.0563700e-01   8.2604300e-01   3.2191237e+00   0.0000000e+00
   8.4000000e+01   0.0000000e+00   7.2643400e-01   8.2604300e-01   3.2191237e+00   1.0000000e+00
   8.5000000e+01   1.0000000e+00   1.0406610e+00   8.2604300e-01   3.2191237e+00   1.0000000e+00
   8.6000000e+01   0.0000000e+00   1.0301700e+00   8.2604300e-01   3.2191237e+00   0.0000000e+00
   8.7000000e+01   0.0000000e+00   9.1508200e-01   8.2604300e-01   3.2191237e+00   0.0000000e+00
   8.8000000e+01   0.0000000e+00   1.4322750e+00   8.2604300e-01   3.2191237e+00   0.0000000e+00
   8.9000000e+01   1.0000000e+00   1.1407600e+00   8.2604300e-01   3.2191237e+00   1.0000000e+00
   9.0000000e+01   0.0000000e+00   8.2696400e-01   8.2604300e-01   3.2191237e+00   0.0000000e+00
   9.1000000e+01   0.0000000e+00   6.8196300e-01   8.2604300e-01   3.2191237e+00   1.0000000e+00
   9.2000000e+01   0.0000000e+00   1.2942020e+00   8.2604300e-01   3.2191237e+00   0.0000000e+00
   9.3000000e+01   0.0000000e+00   1.2400010e+00   8.2604300e-01   3.2191237e+00   1.0000000e+00
   9.4000000e+01   1.0000000e+00   9.2433800e-01   8.2604300e-01   3.2191237e+00   0.0000000e+00
   9.5000000e+01   0.0000000e+00   7.1415700e-01   8.2604300e-01   3.2191237e+00   0.0000000e+00
   9.6000000e+01   0.0000000e+00   9.2981400e-01   8.2604300e-01   3.2191237e+00   1.0000000e+00
   9.7000000e+01   1.0000000e+00   7.9717400e-01   8.2604300e-01   3.2191237e+00   1.0000000e+00
   9.8000000e+01   0.0000000e+00   4.9942800e-01   8.2604300e-01   3.2191237e+00   1.0000000e+00
   9.9000000e+01   1.0000000e+00   5.1821400e-01   8.2604300e-01   3.2191237e+00   0.0000000e+00
   1.0000000e+02   0.0000000e+00   8.4713600e-01   8.2604300e-01   3.2191237e+00   1.0000000e+00
   1.0100000e+02   1.0000000e+00   9.3422500e-01   8.2604300e-01   3.2191237e+00   1.0000000e+00
   1.0200000e+02   0.0000000e+00   1.2737550e+00   8.2604300e-01   3.2191237e+00   1.0000000e+00
   1.0300000e+02   0.0000000e+00   8.6682500e-01   8.2604300e-01   3.2191237e+00   0.0000000e+00
   1.0400000e+02   0.0000000e+00   6.4710100e-01   8.2604300e-01   3.2191237e+00   0.0000000e+00
   1.0500000e+02   1.0000000e+00   5.7162600e-01   8.2604300e-01   3.2191237e+00   0.0000000e+00
   1.0600000e+02   0.0000000e+00   8.3510700e-01   8.2604300e-01   3.2191237e+00   0.0000000e+00
   1.0700000e+02   1.0000000e+00   7.3864900e-01   8.2604300e-01   3.2191237e+00   0.0000000e+00
   1.0800000e+02   0.0000000e+00   1.2646480e+00   8.2604300e-01   3.2191237e+00   0.0000000e+00
   1.0900000e+02   0.0000000e+00   8.3083200e-01   8.2604300e-01   3.2191237e+00   0.0000000e+00
   1.1000000e+02   0.0000000e+00   7.5214300e-01   8.2604300e-01   3.2191237e+00   0.0000000e+00
   1.1100000e+02   0.0000000e+00   4.8769600e-01   8.2604300e-01   3.2191237e+00   1.0000000e+00
   1.1200000e+02   1.0000000e+00   6.8774600e-01   8.2604300e-01   3.2191237e+00   1.0000000e+00
   1.1300000e+02   0.0000000e+00   5.4355200e-01   8.2604300e-01   3.2191237e+00   1.0000000e+00
   1.1400000e+02   1.0000000e+00   6.5692300e-01   8.2604300e-01   3.2191237e+00   0.0000000e+00
   1.1500000e+02   0.0000000e+00   6.6647100e-01   8.2604300e-01   3.2191237e+00   1.0000000e+00
   1.1600000e+02   1.0000000e+00   6.2753000e-01   8.2604300e-01   3.2191237e+00   1.0000000e+00
   1.1700000e+02   0.0000000e+00   4.6886100e-01   8.2604300e-01   3.2191237e+00   1.0000000e+00
   1.1800000e+02   0.0000000e+00   5.3459800e-01   8.2604300e-01   3.2191237e+00   0.0000000e+00
   1.1900000e+02   1.0000000e+00   1.8003740e+00   8.2604300e-01   3.2191237e+00   1.0000000e+00
   1.2000000e+02   0.0000000e+00   5.7242200e-01   8.2604300e-01   3.2191237e+00   1.0000000e+00
   1.2100000e+02   0.0000000e+00   1.1598890e+00   8.2604300e-01   3.2191237e+00   0.0000000e+00
   1.2200000e+02   0.0000000e+00   8.9470700e-01   8.2604300e-01   3.2191237e+00   1.0000000e+00
   1.2300000e+02   1.0000000e+00   1.1216790e+00   8.2604300e-01   3.2191237e+00   0.0000000e+00
   1.2400000e+02   0.0000000e+00   4.5068200e-01   8.2604300e-01   3.2191237e+00   0.0000000e+00
   1.2500000e+02   0.0000000e+00   7.4461800e-01   8.2604300e-01   3.2191237e+00   1.0000000e+00
   1.2600000e+02   1.0000000e+00   9.9281400e-01   8.2604300e-01   3.2191237e+00   1.0000000e+00
   1.2700000e+02   0.0000000e+00   6.2114300e-01   8.2604300e-01   3.2191237e+00   0.0000000e+00
   1.2800000e+02   0.0000000e+00   8.2853300e-01   8.2604300e-01   3.2191237e+00   1.0000000e+00
   1.2900000e+02   0.0000000e+00   2.1491520e+00   8.2604300e-01   3.2191237e+00   1.0000000e+00
   1.3000000e+02   0.0000000e+00   6.8257000e-01   8.2604300e-01   3.2191237e+00   1.0000000e+00
   1.3100000e+02   1.0000000e+00   7.5044300e-01   8.2604300e-01   3.2191237e+00   0.0000000e+00
   1.3200000e+02   1.0000000e+00   4.8985600e-01   8.2604300e-01   3.2191237e+00   0.0000000e+00
   1.3300000e+02   0.0000000e+00   8.1696600e-01   8.2604300e-01   3.2191237e+00   0.0000000e+00
   1.3400000e+02   1.0000000e+00   4.7276300e-01   8.2604300e-01   3.2191237e+00   1.0000000e+00
   1.3500000e+02   0.0000000e+00   1.4350700e+00   8.2604300e-01   3.2191237e+00   1.0000000e+00
   1.3600000e+02   0.0000000e+00   1.9407770e+00   8.2604300e-01   3.2191237e+00   1.0000000e+00
