   1.0000000e+00   0.0000000e+00   2.9349080e+00   8.1990500e-01   3.1290799e+00   1.0000000e+00
   2.0000000e+00   0.0000000e+00   9.3834700e-01   8.1990500e-01   3.1290799e+00   0.0000000e+00
   3.0000000e+00   0.0000000e+00   5.1680100e-01   8.1990500e-01   3.1290799e+00   0.0000000e+00
   4.0000000e+00   0.0000000e+00   2.0656140e+00   8.1990500e-01   3.1290799e+00   0.0000000e+00
   5.0000000e+00   1.0000000e+00   1.5244450e+00   8.1990500e-01   3.1290799e+00   1.0000000e+00
   6.0000000e+00   0.0000000e+00   9.1222600e-01   8.1990500e-01   3.1290799e+00   0.0000000e+00
   7.0000000e+00   0.0000000e+00   1.3794910e+00   8.1990500e-01   3.1290799e+00   0.0000000e+00
   8.0000000e+00   1.0000000e+00   1.0836820e+00   8.1990500e-01   3.1290799e+00   0.0000000e+00
   9.0000000e+00   0.0000000e+00   5.5376500e-01   8.1990500e-01   3.1290799e+00   1.0000000e+00
   1.0000000e+01   1.0000000e+00   6.4284300e-01   8.1990500e-01   3.1290799e+00   1.0000000e+00
   1.1000000e+01   0.0000000e+00   5.1673600e-01   8.1990500e-01   3.1290799e+00   1.0000000e+00
   1.2000000e+01   0.0000000e+00   5.9345000e-01   8.1990500e-01   3.1290799e+00   1.0000000e+00
   1.3000000e+01   0.0000000e+00   8.4692600e-01   8.1990500e-01   3.1290799e+00   1.0000000e+00
   1.4000000e+01   0.0000000e+00   5.2442600e-01   8.1990500e-01   3.1290799e+00   0.0000000e+00
   1.5000000e+01   0.0000000e+00   9.8006800e-01   8.1990500e-01   3.1290799e+00   1.0000000e+00
   1.6000000e+01   1.0000000e+00   5.2147400e-01   8.1990500e-01   3.1290799e+00   0.0000000e+00
   1.7000000e+01   0.0000000e+00   5.8642600e-01   8.1990500e-01   3.1290799e+00   0.0000000e+00
   1.8000000e+01   0.0000000e+00   6.9954000e-01   8.1990500e-01   3.1290799e+00   1.0000000e+00
   1.9000000e+01   1.0000000e+00   5.5912900e-01   8.1990500e-01   3.1290799e+00   0.0000000e+00
   2.0000000e+01   0.0000000e+00   9.9615800e-01   8.1990500e-01   3.1290799e+00   1.0000000e+00
   2.1000000e+01   0.0000000e+00   2.7871940e+00   8.1990500e-01   3.1290799e+00   0.0000000e+00
   2.2000000e+01   1.0000000e+00   6.6041800e-01   8.1990500e-01   3.1290799e+00   1.0000000e+00
   2.3000000e+01   0.0000000e+00   1.0598840e+00   8.1990500e-01   3.1290799e+00   0.0000000e+00
   2.4000000e+01   1.0000000e+00   4.7567700e-01   8.1990500e-01   3.1290799e+00   0.0000000e+00
   2.5000000e+01   0.0000000e+00   1.6885890e+00   8.1990500e-01   3.1290799e+00   1.0000000e+00
   2.6000000e+01   0.0000000e+00   9.9745500e-01   8.1990500e-01   3.1290799e+00   0.0000000e+00
   2.7000000e+01   1.0000000e+00   6.5170800e-01   8.1990500e-01   3.1290799e+00   1.0000000e+00
   2.8000000e+01   0.0000000e+00   4.9418100e-01   8.1990500e-01   3.1290799e+00   0.0000000e+00
   2.9000000e+01   0.0000000e+00   6.9633100e-01   8.1990500e-01   3.1290799e+00   1.0000000e+00
   3.0000000e+01   0.0000000e+00   5.8915300e-01   8.1990500e-01   3.1290799e+00   1.0000000e+00
   3.1000000e+01   1.0000000e+00   5.1230700e-01   8.1990500e-01   3.1290799e+00   0.0000000e+00
   3.2000000e+01   0.0000000e+00   4.3687900e-01   8.1990500e-01   3.1290799e+00   0.0000000e+00
   3.3000000e+01   0.0000000e+00   9.1285800e-01   8.1990500e-01   3.1290799e+00   1.0000000e+00
   3.4000000e+01   0.0000000e+00   1.0675060e+00   8.1990500e-01   3.1290799e+00   1.0000000e+00
   3.5000000e+01   0.0000000e+00   2.1383190e+00   8.1990500e-01   3.1290799e+00   1.0000000e+00
   3.6000000e+01   0.0000000e+00   5.1097700e-01   8.1990500e-01   3.1290799e+00   1.0000000e+00
   3.7000000e+01   0.0000000e+00   5.7961100e-01   8.1990500e-01   3.1290799e+00   0.0000000e+00
   3.8000000e+01   0.0000000e+00   4.9970800e-01   8.1990500e-01   3.1290799e+00   1.0000000e+00
   3.9000000e+01   0.0000000e+00   1.1959910e+00   8.1990500e-01   3.1290799e+00   1.0000000e+00
   4.0000000e+01   0.0000000e+00   9.4991800e-01   8.1990500e-01   3.1290799e+00   1.0000000e+00
   4.1000000e+01   0.0000000e+00   1.1213960e+00   8.1990500e-01   3.1290799e+00   1.0000000e+00
   4.2000000e+01   0.0000000e+00   7.1259400e-01   8.1990500e-01   3.1290799e+00   0.0000000e+00
   4.3000000e+01   0.0000000e+00   2.1481990e+00   8.1990500e-01   3.1290799e+00   0.0000000e+00
   4.4000000e+01   1.0000000e+00   5.9884500e-01   8.1990500e-01   3.1290799e+00   1.0000000e+00
   4.5000000e+01   0.0000000e+00   7.8633900e-01   8.1990500e-01   3.1290799e+00   0.0000000e+00
   4.6000000e+01   1.0000000e+00   9.3171500e-01   8.1990500e-01   3.1290799e+00   1.0000000e+00
   4.7000000e+01   0.0000000e+00   8.0320400e-01   8.1990500e-01   3.1290799e+00   0.0000000e+00
   4.8000000e+01   1.0000000e+00   7.0581500e-01   8.1990500e-01   3.1290799e+00   0.0000000e+00
   4.9000000e+01   1.0000000e+00   6.1959500e-01   8.1990500e-01   3.1290799e+00   1.0000000e+00
   5.0000000e+01   0.0000000e+00   6.3864800e-01   8.1990500e-01   3.1290799e+00   1.0000000e+00
   5.1000000e+01   0.0000000e+00   5.3404500e-01   8.1990500e-01   3.1290799e+00   1.0000000e+00
   5.2000000e+01   0.0000000e+00   8.5109600e-01   8.1990500e-01   3.1290799e+00   1.0000000e+00
   5.3000000e+01   1.0000000e+00   8.5892300e-01   8.1990500e-01   3.1290799e+00   0.0000000e+00
   5.4000000e+01   0.0000000e+00   2.1621080e+00   8.1990500e-01   3.1290799e+00   0.0000000e+00
   5.5000000e+01   0.0000000e+00   1.0915010e+00   8.1990500e-01   3.1290799e+00   1.0000000e+00
   5.6000000e+01   1.0000000e+00   7.8642000e-01   8.1990500e-01   3.1290799e+00   0.0000000e+00
   5.7000000e+01   0.0000000e+00   8.2869200e-01   8.1990500e-01   3.1290799e+00   1.0000000e+00
   5.8000000e+01   0.0000000e+00   6.7628400e-01   8.1990500e-01   3.1290799e+00   0.0000000e+00
   5.9000000e+01   0.0000000e+00   7.5055400e-01   8.1990500e-01   3.1290799e+00   0.0000000e+00
   6.0000000e+01   0.0000000e+00   6.4200800e-01   8.1990500e-01   3.1290799e+00   0.0000000e+00
   6.1000000e+01   1.0000000e+00   5.2505600e-01   8.1990500e-01   3.1290799e+00   1.0000000e+00
   6.2000000e+01   0.0000000e+00   5.7248200e-01   8.1990500e-01   3.1290799e+00   0.0000000e+00
   6.3000000e+01   0.0000000e+00   9.5303200e-01   8.1990500e-01   3.1290799e+00   0.0000000e+00
   6.4000000e+01   1.0000000e+00   2.3246510e+00   8.1990500e-01   3.1290799e+00   0.0000000e+00
   6.5000000e+01   0.0000000e+00   8.2215500e-01   8.1990500e-01   3.1290799e+00   0.0000000e+00
   6.6000000e+01   0.0000000e+00   6.1152900e-01   8.1990500e-01   3.1290799e+00   1.0000000e+00
   6.7000000e+01   0.0000000e+00   1.7143840e+00   8.1990500e-01   3.1290799e+00   0.0000000e+00
   6.8000000e+01   1.0000000e+00   5.4930400e-01   8.1990500e-01   3.1290799e+00   1.0000000e+00
   6.9000000e+01   0.0000000e+00   4.5628400e-01   8.1990500e-01   3.1290799e+00   1.0000000e+00
   7.0000000e+01   0.0000000e+00   1.1481350e+00   8.1990500e-01   3.1290799e+00   0.0000000e+00
   7.1000000e+01   0.0000000e+00   5.9264100e-01   8.1990500e-01   3.1290799e+00   0.0000000e+00
   7.2000000e+01   0.0000000e+00   1.1898800e+00   8.1990500e-01   3.1290799e+00   0.0000000e+00
   7.3000000e+01   0.0000000e+00   1.0219020e+00   8.1990500e-01   3.1290799e+00   0.0000000e+00
   7.4000000e+01   1.0000000e+00   1.6835370e+00   8.1990500e-01   3.1290799e+00   1.0000000e+00
   7.5000000e+01   0.0000000e+00   5.4641300e-01   8.1990500e-01   3.1290799e+00   0.0000000e+00
   7.6000000e+01   1.0000000e+00   7.1734700e-01   8.1990500e-01   3.1290799e+00   0.0000000e+00
   7.7000000e+01   0.0000000e+00   5.7593500e-01   8.1990500e-01   3.1290799e+00   0.0000000e+00
   7.8000000e+01   1.0000000e+00   5.5912600e-01   8.1990500e-01   3.1290799e+00   0.0000000e+00
   7.9000000e+01   0.0000000e+00   1.0221050e+00   8.1990500e-01   3.1290799e+00   1.0000000e+00
   8.0000000e+01   0.0000000e+00   1.1529140e+00   8.1990500e-01   3.1290799e+00   1.0000000e+00
   8.1000000e+01   0.0000000e+00   9.4295800e-01   8.1990500e-01   3.1290799e+00   0.0000000e+00
   8.2000000e+01   0.0000000e+00   1.6556020e+00   8.1990500e-01   3.1290799e+00   1.0000000e+00
   8.3000000e+01   0.0000000e+00   8.7481200e-01   8.1990500e-01   3.1290799e+00   1.0000000e+00
   8.4000000e+01   0.0000000e+00   7.5094100e-01   8.1990500e-01   3.1290799e+00   0.0000000e+00
   8.5000000e+01   1.0000000e+00   6.6222400e-01   8.1990500e-01   3.1290799e+00   1.0000000e+00
   8.6000000e+01   0.0000000e+00   1.4777480e+00   8.1990500e-01   3.1290799e+00   0.0000000e+00
   8.7000000e+01   1.0000000e+00   4.5107500e-01   8.1990500e-01   3.1290799e+00   0.0000000e+00
   8.8000000e+01   0.0000000e+00   1.5509400e+00   8.1990500e-01   3.1290799e+00   0.0000000e+00
   8.9000000e+01   0.0000000e+00   7.8368900e-01   8.1990500e-01   3.1290799e+00   1.0000000e+00
   9.0000000e+01   1.0000000e+00   1.4207800e+00   8.1990500e-01   3.1290799e+00   1.0000000e+00
   9.1000000e+01   0.0000000e+00   6.2000300e-01   8.1990500e-01   3.1290799e+00   0.0000000e+00
   9.2000000e+01   1.0000000e+00   7.1398400e-01   8.1990500e-01   3.1290799e+00   1.0000000e+00
   9.3000000e+01   0.0000000e+00   1.7069370e+00   8.1990500e-01   3.1290799e+00   0.0000000e+00
   9.4000000e+01   0.0000000e+00   7.6189100e-01   8.1990500e-01   3.1290799e+00   1.0000000e+00
   9.5000000e+01   0.0000000e+00   1.3088720e+00   8.1990500e-01   3.1290799e+00   0.0000000e+00
   9.6000000e+01   0.0000000e+00   9.8291500e-01   8.1990500e-01   3.1290799e+00   1.0000000e+00
   9.7000000e+01   0.0000000e+00   9.4745000e-01   8.1990500e-01   3.1290799e+00   1.0000000e+00
   9.8000000e+01   0.0000000e+00   7.0195100e-01   8.1990500e-01   3.1290799e+00   1.0000000e+00
   9.9000000e+01   1.0000000e+00   4.5428900e-01   8.1990500e-01   3.1290799e+00   0.0000000e+00
   1.0000000e+02   1.0000000e+00   7.1477500e-01   8.1990500e-01   3.1290799e+00   1.0000000e+00
   1.0100000e+02   0.0000000e+00   1.3594940e+00   8.1990500e-01   3.1290799e+00   1.0000000e+00
   1.0200000e+02   0.0000000e+00   6.4973300e-01   8.1990500e-01   3.1290799e+00   1.0000000e+00
   1.0300000e+02   0.0000000e+00   6.9471800e-01   8.1990500e-01   3.1290799e+00   0.0000000e+00
   1.0400000e+02   0.0000000e+00   9.1226900e-01   8.1990500e-01   3.1290799e+00   0.0000000e+00
   1.0500000e+02   1.0000000e+00   7.6329900e-01   8.1990500e-01   3.1290799e+00   0.0000000e+00
   1.0600000e+02   0.0000000e+00   6.0308700e-01   8.1990500e-01   3.1290799e+00   0.0000000e+00
   1.0700000e+02   1.0000000e+00   9.0641400e-01   8.1990500e-01   3.1290799e+00   1.0000000e+00
   1.0800000e+02   0.0000000e+00   1.2270890e+00   8.1990500e-01   3.1290799e+00   0.0000000e+00
   1.0900000e+02   0.0000000e+00   5.1755800e-01   8.1990500e-01   3.1290799e+00   1.0000000e+00
   1.1000000e+02   1.0000000e+00   1.1576040e+00   8.1990500e-01   3.1290799e+00   0.0000000e+00
   1.1100000e+02   0.0000000e+00   1.1966990e+00   8.1990500e-01   3.1290799e+00   1.0000000e+00
   1.1200000e+02   0.0000000e+00   1.1415160e+00   8.1990500e-01   3.1290799e+00   0.0000000e+00
   1.1300000e+02   0.0000000e+00   7.1852600e-01   8.1990500e-01   3.1290799e+00   1.0000000e+00
   1.1400000e+02   0.0000000e+00   9.6658700e-01   8.1990500e-01   3.1290799e+00   1.0000000e+00
   1.1500000e+02   0.0000000e+00   1.0257340e+00   8.1990500e-01   3.1290799e+00   1.0000000e+00
   1.1600000e+02   1.0000000e+00   8.0627000e-01   8.1990500e-01   3.1290799e+00   0.0000000e+00
   1.1700000e+02   0.0000000e+00   2.4404400e+00   8.1990500e-01   3.1290799e+00   0.0000000e+00
   1.1800000e+02   1.0000000e+00   4.5863400e-01   8.1990500e-01   3.1290799e+00   1.0000000e+00
   1.1900000e+02   0.0000000e+00   7.0147600e-01   8.1990500e-01   3.1290799e+00   1.0000000e+00
   1.2000000e+02   0.0000000e+00   6.1748200e-01   8.1990500e-01   3.1290799e+00   1.0000000e+00
   1.2100000e+02   1.0000000e+00   1.1832210e+00   8.1990500e-01   3.1290799e+00   0.0000000e+00
   1.2200000e+02   0.0000000e+00   5.2565300e-01   8.1990500e-01   3.1290799e+00   1.0000000e+00
   1.2300000e+02   1.0000000e+00   6.0846300e-01   8.1990500e-01   3.1290799e+00   1.0000000e+00
   1.2400000e+02   0.0000000e+00   9.9420800e-01   8.1990500e-01   3.1290799e+00   0.0000000e+00
   1.2500000e+02   0.0000000e+00   2.2473520e+00   8.1990500e-01   3.1290799e+00   0.0000000e+00
   1.2600000e+02   1.0000000e+00   8.0677400e-01   8.1990500e-01   3.1290799e+00   1.0000000e+00
   1.2700000e+02   0.0000000e+00   9.3680500e-01   8.1990500e-01   3.1290799e+00   1.0000000e+00
   1.2800000e+02   1.0000000e+00   4.7139600e-01   8.1990500e-01   3.1290799e+00   0.0000000e+00
   1.2900000e+02   1.0000000e+00   7.2705800e-01   8.1990500e-01   3.1290799e+00   1.0000000e+00
   1.3000000e+02   0.0000000e+00   6.1060500e-01   8.1990500e-01   3.1290799e+00   0.0000000e+00
   1.3100000e+02   0.0000000e+00   4.5892800e-01   8.1990500e-01   3.1290799e+00   0.0000000e+00
   1.3200000e+02   0.0000000e+00   6.2006700e-01   8.1990500e-01   3.1290799e+00   1.0000000e+00
   1.3300000e+02   1.0000000e+00   9.8854100e-01   8.1990500e-01   3.1290799e+00   0.0000000e+00
   1.3400000e+02   0.0000000e+00   1.0043140e+00   8.1990500e-01   3.1290799e+00   1.0000000e+00
   1.3500000e+02   1.0000000e+00   4.4774800e-01   8.1990500e-01   3.1290799e+00   0.0000000e+00
   1.3600000e+02   1.0000000e+00   9.1248700e-01   8.1990500e-01   3.1290799e+00   1.0000000e+00
