   1.0000000e+00   0.0000000e+00   1.5325470e+00   8.2281700e-01   2.6766349e+00   1.0000000e+00
   2.0000000e+00   0.0000000e+00   1.0302810e+00   8.2281700e-01   2.6766349e+00   0.0000000e+00
   3.0000000e+00   1.0000000e+00   2.2623900e+00   8.2281700e-01   2.6766349e+00   0.0000000e+00
   4.0000000e+00   0.0000000e+00   5.2183100e-01   8.2281700e-01   2.6766349e+00   1.0000000e+00
   5.0000000e+00   1.0000000e+00   8.2073900e-01   8.2281700e-01   2.6766349e+00   1.0000000e+00
   6.0000000e+00   0.0000000e+00   4.7977900e-01   8.2281700e-01   2.6766349e+00   1.0000000e+00
   7.0000000e+00   0.0000000e+00   1.4912190e+00   8.2281700e-01   2.6766349e+00   0.0000000e+00
   8.0000000e+00   0.0000000e+00   6.3716700e-01   8.2281700e-01   2.6766349e+00   0.0000000e+00
   9.0000000e+00   0.0000000e+00   5.7676900e-01   8.2281700e-01   2.6766349e+00   0.0000000e+00
   1.0000000e+01   0.0000000e+00   1.0131330e+00   8.2281700e-01   2.6766349e+00   0.0000000e+00
   1.1000000e+01   0.0000000e+00   1.1682160e+00   8.2281700e-01   2.6766349e+00   0.0000000e+00
   1.2000000e+01   0.0000000e+00   1.3640760e+00   8.2281700e-01   2.6766349e+00   1.0000000e+00
   1.3000000e+01   0.0000000e+00   5.2556200e-01   8.2281700e-01   2.6766349e+00   1.0000000e+00
   1.4000000e+01   1.0000000e+00   7.7213400e-01   8.2281700e-01   2.6766349e+00   0.0000000e+00
   1.5000000e+01   0.0000000e+00   1.6882180e+00   8.2281700e-01   2.6766349e+00   0.0000000e+00
   1.6000000e+01   1.0000000e+00   5.2559300e-01   8.2281700e-01   2.6766349e+00   1.0000000e+00
   1.7000000e+01   0.0000000e+00   5.1218500e-01   8.2281700e-01   2.6766349e+00   1.0000000e+00
   1.8000000e+01   1.0000000e+00   9.5631500e-01   8.2281700e-01   2.6766349e+00   1.0000000e+00
   1.9000000e+01   0.0000000e+00   7.6811600e-01   8.2281700e-01   2.6766349e+00   0.0000000e+00
   2.0000000e+01   0.0000000e+00   6.6852400e-01   8.2281700e-01   2.6766349e+00   0.0000000e+00
   2.1000000e+01   0.0000000e+00   5.8108800e-01   8.2281700e-01   2.6766349e+00   1.0000000e+00
   2.2000000e+01   0.0000000e+00   5.9979400e-01   8.2281700e-01   2.6766349e+00   0.0000000e+00
   2.3000000e+01   0.0000000e+00   1.3306380e+00   8.2281700e-01   2.6766349e+00   0.0000000e+00
   2.4000000e+01   0.0000000e+00   2.2332200e+00   8.2281700e-01   2.6766349e+00   0.0000000e+00
   2.5000000e+01   1.0000000e+00   1.2534800e+00   8.2281700e-01   2.6766349e+00   0.0000000e+00
   2.6000000e+01   0.0000000e+00   2.5185500e+00   8.2281700e-01   2.6766349e+00   1.0000000e+00
   2.7000000e+01   1.0000000e+00   4.8045800e-01   8.2281700e-01   2.6766349e+00   1.0000000e+00
   2.8000000e+01   0.0000000e+00   7.6710200e-01   8.2281700e-01   2.6766349e+00   0.0000000e+00
   2.9000000e+01   1.0000000e+00   4.7049200e-01   8.2281700e-01   2.6766349e+00   0.0000000e+00
   3.0000000e+01   0.0000000e+00   1.5486580e+00   8.2281700e-01   2.6766349e+00   1.0000000e+00
   3.1000000e+01   0.0000000e+00   1.8567890e+00   8.2281700e-01   2.6766349e+00   1.0000000e+00
   3.2000000e+01   0.0000000e+00   1.8395900e+00   8.2281700e-01   2.6766349e+00   1.0000000e+00
   3.3000000e+01   1.0000000e+00   4.4843200e-01   8.2281700e-01   2.6766349e+00   1.0000000e+00
   3.4000000e+01   0.0000000e+00   5.3606800e-01   8.2281700e-01   2.6766349e+00   1.0000000e+00
   3.5000000e+01   1.0000000e+00   5.4097000e-01   8.2281700e-01   2.6766349e+00   0.0000000e+00
   3.6000000e+01   0.0000000e+00   8.9003000e-01   8.2281700e-01   2.6766349e+00   0.0000000e+00
   3.7000000e+01   0.0000000e+00   6.8984200e-01   8.2281700e-01   2.6766349e+00   1.0000000e+00
   3.8000000e+01   0.0000000e+00   4.8870600e-01   8.2281700e-01   2.6766349e+00   1.0000000e+00
   3.9000000e+01   1.0000000e+00   7.9204900e-01   8.2281700e-01   2.6766349e+00   0.0000000e+00
   4.0000000e+01   1.0000000e+00   9.9629900e-01   8.2281700e-01   2.6766349e+00   1.0000000e+00
   4.1000000e+01   0.0000000e+00   1.2322610e+00   8.2281700e-01   2.6766349e+00   1.0000000e+00
   4.2000000e+01   0.0000000e+00   6.3927100e-01   8.2281700e-01   2.6766349e+00   0.0000000e+00
   4.3000000e+01   0.0000000e+00   5.2157100e-01   8.2281700e-01   2.6766349e+00   0.0000000e+00
   4.4000000e+01   1.0000000e+00   5.2461800e-01   8.2281700e-01   2.6766349e+00   0.0000000e+00
   4.5000000e+01   0.0000000e+00   4.6982500e-01   8.2281700e-01   2.6766349e+00   0.0000000e+00
   4.6000000e+01   0.0000000e+00   4.3817300e-01   8.2281700e-01   2.6766349e+00   0.0000000e+00
   4.7000000e+01   1.0000000e+00   1.5988570e+00   8.2281700e-01   2.6766349e+00   1.0000000e+00
   4.8000000e+01   0.0000000e+00   9.7750500e-01   8.2281700e-01   2.6766349e+00   0.0000000e+00
   4.9000000e+01   0.0000000e+00   7.5058800e-01   8.2281700e-01   2.6766349e+00   1.0000000e+00
   5.0000000e+01   0.0000000e+00   1.4317560e+00   8.2281700e-01   2.6766349e+00   1.0000000e+00
   5.1000000e+01   1.0000000e+00   8.5545500e-01   8.2281700e-01   2.6766349e+00   1.0000000e+00
   5.2000000e+01   0.0000000e+00   9.6314500e-01   8.2281700e-01   2.6766349e+00   1.0000000e+00
   5.3000000e+01   0.0000000e+00   5.9430700e-01   8.2281700e-01   2.6766349e+00   0.0000000e+00
   5.4000000e+01   0.0000000e+00   6.8112200e-01   8.2281700e-01   2.6766349e+00   0.0000000e+00
   5.5000000e+01   0.0000000e+00   7.3843200e-01   8.2281700e-01   2.6766349e+00   1.0000000e+00
   5.6000000e+01   0.0000000e+00   7.3124400e-01   8.2281700e-01   2.6766349e+00   0.0000000e+00
   5.7000000e+01   0.0000000e+00   5.7271600e-01   8.2281700e-01   2.6766349e+00   1.0000000e+00
   5.8000000e+01   0.0000000e+00   7.1500800e-01   8.2281700e-01   2.6766349e+00   1.0000000e+00
   5.9000000e+01   0.0000000e+00   5.8201400e-01   8.2281700e-01   2.6766349e+00   1.0000000e+00
   6.0000000e+01   0.0000000e+00   9.5224200e-01   8.2281700e-01   2.6766349e+00   1.0000000e+00
   6.1000000e+01   1.0000000e+00   8.5753400e-01   8.2281700e-01   2.6766349e+00   0.0000000e+00
   6.2000000e+01   0.0000000e+00   1.9948350e+00   8.2281700e-01   2.6766349e+00   0.0000000e+00
   6.3000000e+01   1.0000000e+00   6.4578800e-01   8.2281700e-01   2.6766349e+00   1.0000000e+00
   6.4000000e+01   0.0000000e+00   5.2954500e-01   8.2281700e-01   2.6766349e+00   0.0000000e+00
   6.5000000e+01   0.0000000e+00   2.2718170e+00   8.2281700e-01   2.6766349e+00   0.0000000e+00
   6.6000000e+01   0.0000000e+00   8.2398900e-01   8.2281700e-01   2.6766349e+00   1.0000000e+00
   6.7000000e+01   0.0000000e+00   5.8874000e-01   8.2281700e-01   2.6766349e+00   1.0000000e+00
   6.8000000e+01   1.0000000e+00   7.7480900e-01   8.2281700e-01   2.6766349e+00   0.0000000e+00
   6.9000000e+01   0.0000000e+00   7.4409100e-01   8.2281700e-01   2.6766349e+00   1.0000000e+00
   7.0000000e+01   0.0000000e+00   8.4600900e-01   8.2281700e-01   2.6766349e+00   0.0000000e+00
   7.1000000e+01   1.0000000e+00   8.5039100e-01   8.2281700e-01   2.6766349e+00   0.0000000e+00
   7.2000000e+01   0.0000000e+00   6.7229300e-01   8.2281700e-01   2.6766349e+00   0.0000000e+00
   7.3000000e+01   1.0000000e+00   7.4956500e-01   8.2281700e-01   2.6766349e+00   1.0000000e+00
   7.4000000e+01   0.0000000e+00   5.3115000e-01   8.2281700e-01   2.6766349e+00   0.0000000e+00
   7.5000000e+01   1.0000000e+00   4.4243600e-01   8.2281700e-01   2.6766349e+00   1.0000000e+00
   7.6000000e+01   0.0000000e+00   1.1336990e+00   8.2281700e-01   2.6766349e+00   0.0000000e+00
   7.7000000e+01   1.0000000e+00   6.7529400e-01   8.2281700e-01   2.6766349e+00   0.0000000e+00
   7.8000000e+01   0.0000000e+00   2.1987180e+00   8.2281700e-01   2.6766349e+00   1.0000000e+00
   7.9000000e+01   0.0000000e+00   7.8403900e-01   8.2281700e-01   2.6766349e+00   1.0000000e+00
   8.0000000e+01   1.0000000e+00   1.2093050e+00   8.2281700e-01   2.6766349e+00   1.0000000e+00
   8.1000000e+01   0.0000000e+00   1.5502220e+00   8.2281700e-01   2.6766349e+00   1.0000000e+00
   8.2000000e+01   1.0000000e+00   5.7295100e-01   8.2281700e-01   2.6766349e+00   0.0000000e+00
   8.3000000e+01   0.0000000e+00   8.1323100e-01   8.2281700e-01   2.6766349e+00   1.0000000e+00
   8.4000000e+01   0.0000000e+00   5.9275500e-01   8.2281700e-01   2.6766349e+00   1.0000000e+00
   8.5000000e+01   0.0000000e+00   5.1010000e-01   8.2281700e-01   2.6766349e+00   0.0000000e+00
   8.6000000e+01   0.0000000e+00   2.9280670e+00   8.2281700e-01   2.6766349e+00   1.0000000e+00
   8.7000000e+01   0.0000000e+00   5.7961500e-01   8.2281700e-01   2.6766349e+00   0.0000000e+00
   8.8000000e+01   0.0000000e+00   5.3659100e-01   8.2281700e-01   2.6766349e+00   1.0000000e+00
   8.9000000e+01   1.0000000e+00   5.9723100e-01   8.2281700e-01   2.6766349e+00   0.0000000e+00
   9.0000000e+01   0.0000000e+00   9.0030000e-01   8.2281700e-01   2.6766349e+00   1.0000000e+00
   9.1000000e+01   1.0000000e+00   5.4020700e-01   8.2281700e-01   2.6766349e+00   1.0000000e+00
   9.2000000e+01   0.0000000e+00   1.1855300e+00   8.2281700e-01   2.6766349e+00   0.0000000e+00
   9.3000000e+01   0.0000000e+00   7.5491100e-01   8.2281700e-01   2.6766349e+00   0.0000000e+00
   9.4000000e+01   0.0000000e+00   1.0709460e+00   8.2281700e-01   2.6766349e+00   1.0000000e+00
   9.5000000e+01   0.0000000e+00   5.7228600e-01   8.2281700e-01   2.6766349e+00   0.0000000e+00
   9.6000000e+01   1.0000000e+00   1.1380970e+00   8.2281700e-01   2.6766349e+00   0.0000000e+00
   9.7000000e+01   0.0000000e+00   7.7730600e-01   8.2281700e-01   2.6766349e+00   0.0000000e+00
   9.8000000e+01   0.0000000e+00   5.4852500e-01   8.2281700e-01   2.6766349e+00   0.0000000e+00
   9.9000000e+01   1.0000000e+00   4.6673600e-01   8.2281700e-01   2.6766349e+00   1.0000000e+00
   1.0000000e+02   0.0000000e+00   1.0148820e+00   8.2281700e-01   2.6766349e+00   1.0000000e+00
   1.0100000e+02   0.0000000e+00   5.2780600e-01   8.2281700e-01   2.6766349e+00   1.0000000e+00
   1.0200000e+02   1.0000000e+00   9.5678400e-01   8.2281700e-01   2.6766349e+00   0.0000000e+00
   1.0300000e+02   0.0000000e+00   5.1742400e-01   8.2281700e-01   2.6766349e+00   1.0000000e+00
   1.0400000e+02   0.0000000e+00   8.9327900e-01   8.2281700e-01   2.6766349e+00   0.0000000e+00
   1.0500000e+02   1.0000000e+00   5.0583000e-01   8.2281700e-01   2.6766349e+00   1.0000000e+00
   1.0600000e+02   0.0000000e+00   2.3756680e+00   8.2281700e-01   2.6766349e+00   1.0000000e+00
   1.0700000e+02   1.0000000e+00   4.8814000e-01   8.2281700e-01   2.6766349e+00   1.0000000e+00
   1.0800000e+02   0.0000000e+00   4.6597400e-01   8.2281700e-01   2.6766349e+00   1.0000000e+00
   1.0900000e+02   1.0000000e+00   5.5211300e-01   8.2281700e-01   2.6766349e+00   0.0000000e+00
   1.1000000e+02   0.0000000e+00   9.2190700e-01   8.2281700e-01   2.6766349e+00   0.0000000e+00
   1.1100000e+02   0.0000000e+00   6.6211200e-01   8.2281700e-01   2.6766349e+00   1.0000000e+00
   1.1200000e+02   0.0000000e+00   6.3864700e-01   8.2281700e-01   2.6766349e+00   0.0000000e+00
   1.1300000e+02   0.0000000e+00   8.7518700e-01   8.2281700e-01   2.6766349e+00   0.0000000e+00
   1.1400000e+02   1.0000000e+00   1.0989400e+00   8.2281700e-01   2.6766349e+00   1.0000000e+00
   1.1500000e+02   1.0000000e+00   5.6273400e-01   8.2281700e-01   2.6766349e+00   0.0000000e+00
   1.1600000e+02   0.0000000e+00   7.8078200e-01   8.2281700e-01   2.6766349e+00   1.0000000e+00
   1.1700000e+02   0.0000000e+00   7.5792600e-01   8.2281700e-01   2.6766349e+00   1.0000000e+00
   1.1800000e+02   0.0000000e+00   1.7401890e+00   8.2281700e-01   2.6766349e+00   1.0000000e+00
   1.1900000e+02   0.0000000e+00   2.2675380e+00   8.2281700e-01   2.6766349e+00   0.0000000e+00
   1.2000000e+02   1.0000000e+00   1.9132300e+00   8.2281700e-01   2.6766349e+00   0.0000000e+00
   1.2100000e+02   1.0000000e+00   1.0081650e+00   8.2281700e-01   2.6766349e+00   1.0000000e+00
   1.2200000e+02   0.0000000e+00   1.4668160e+00   8.2281700e-01   2.6766349e+00   0.0000000e+00
   1.2300000e+02   0.0000000e+00   8.3432800e-01   8.2281700e-01   2.6766349e+00   0.0000000e+00
   1.2400000e+02   0.0000000e+00   1.1552280e+00   8.2281700e-01   2.6766349e+00   1.0000000e+00
   1.2500000e+02   0.0000000e+00   8.6646400e-01   8.2281700e-01   2.6766349e+00   0.0000000e+00
   1.2600000e+02   0.0000000e+00   1.0580710e+00   8.2281700e-01   2.6766349e+00   0.0000000e+00
   1.2700000e+02   1.0000000e+00   1.1924120e+00   8.2281700e-01   2.6766349e+00   0.0000000e+00
   1.2800000e+02   0.0000000e+00   1.1015560e+00   8.2281700e-01   2.6766349e+00   0.0000000e+00
   1.2900000e+02   0.0000000e+00   4.4907600e-01   8.2281700e-01   2.6766349e+00   0.0000000e+00
   1.3000000e+02   1.0000000e+00   5.0904600e-01   8.2281700e-01   2.6766349e+00   1.0000000e+00
   1.3100000e+02   0.0000000e+00   5.5593700e-01   8.2281700e-01   2.6766349e+00   1.0000000e+00
   1.3200000e+02   0.0000000e+00   4.8170900e-01   8.2281700e-01   2.6766349e+00   1.0000000e+00
   1.3300000e+02   0.0000000e+00   1.5564440e+00   8.2281700e-01   2.6766349e+00   1.0000000e+00
   1.3400000e+02   0.0000000e+00   7.8766300e-01   8.2281700e-01   2.6766349e+00   0.0000000e+00
   1.3500000e+02   1.0000000e+00   1.0143420e+00   8.2281700e-01   2.6766349e+00   1.0000000e+00
   1.3600000e+02   1.0000000e+00   4.9883900e-01   8.2281700e-01   2.6766349e+00   0.0000000e+00
