   1.0000000e+00   0.0000000e+00   1.0442780e+00   8.2129600e-01   2.6572961e+00   1.0000000e+00
   2.0000000e+00   0.0000000e+00   5.6190000e-01   8.2129600e-01   2.6572961e+00   1.0000000e+00
   3.0000000e+00   0.0000000e+00   1.8874210e+00   8.2129600e-01   2.6572961e+00   0.0000000e+00
   4.0000000e+00   0.0000000e+00   7.2926800e-01   8.2129600e-01   2.6572961e+00   0.0000000e+00
   5.0000000e+00   1.0000000e+00   1.7625850e+00   8.2129600e-01   2.6572961e+00   1.0000000e+00
   6.0000000e+00   1.0000000e+00   1.1296420e+00   8.2129600e-01   2.6572961e+00   0.0000000e+00
   7.0000000e+00   0.0000000e+00   4.9559200e-01   8.2129600e-01   2.6572961e+00   1.0000000e+00
   8.0000000e+00   0.0000000e+00   3.2381850e+00   8.2129600e-01   2.6572961e+00   1.0000000e+00
   9.0000000e+00   0.0000000e+00   1.1482930e+00   8.2129600e-01   2.6572961e+00   0.0000000e+00
   1.0000000e+01   1.0000000e+00   5.1065700e-01   8.2129600e-01   2.6572961e+00   1.0000000e+00
   1.1000000e+01   0.0000000e+00   4.5773100e-01   8.2129600e-01   2.6572961e+00   0.0000000e+00
   1.2000000e+01   1.0000000e+00   6.7493700e-01   8.2129600e-01   2.6572961e+00   0.0000000e+00
   1.3000000e+01   0.0000000e+00   2.5627960e+00   8.2129600e-01   2.6572961e+00   1.0000000e+00
   1.4000000e+01   0.0000000e+00   6.2119800e-01   8.2129600e-01   2.6572961e+00   0.0000000e+00
   1.5000000e+01   0.0000000e+00   2.2588980e+00   8.2129600e-01   2.6572961e+00   1.0000000e+00
   1.6000000e+01   1.0000000e+00   7.8927500e-01   8.2129600e-01   2.6572961e+00   0.0000000e+00
   1.7000000e+01   0.0000000e+00   6.0666300e-01   8.2129600e-01   2.6572961e+00   0.0000000e+00
   1.8000000e+01   0.0000000e+00   4.3826200e-01   8.2129600e-01   2.6572961e+00   0.0000000e+00
   1.9000000e+01   0.0000000e+00   4.6064200e-01   8.2129600e-01   2.6572961e+00   1.0000000e+00
   2.0000000e+01   1.0000000e+00   8.5577000e-01   8.2129600e-01   2.6572961e+00   1.0000000e+00
   2.1000000e+01   1.0000000e+00   1.1085300e+00   8.2129600e-01   2.6572961e+00   0.0000000e+00
   2.2000000e+01   0.0000000e+00   1.1854600e+00   8.2129600e-01   2.6572961e+00   1.0000000e+00
   2.3000000e+01   0.0000000e+00   6.2037700e-01   8.2129600e-01   2.6572961e+00   0.0000000e+00
   2.4000000e+01   0.0000000e+00   5.2552700e-01   8.2129600e-01   2.6572961e+00   0.0000000e+00
   2.5000000e+01   0.0000000e+00   2.4520040e+00   8.2129600e-01   2.6572961e+00   0.0000000e+00
   2.6000000e+01   0.0000000e+00   1.2486940e+00   8.2129600e-01   2.6572961e+00   1.0000000e+00
   2.7000000e+01   1.0000000e+00   1.0834030e+00   8.2129600e-01   2.6572961e+00   1.0000000e+00
   2.8000000e+01   0.0000000e+00   6.8565500e-01   8.2129600e-01   2.6572961e+00   1.0000000e+00
   2.9000000e+01   1.0000000e+00   5.4616200e-01   8.2129600e-01   2.6572961e+00   0.0000000e+00
   3.0000000e+01   0.0000000e+00   1.3662700e+00   8.2129600e-01   2.6572961e+00   1.0000000e+00
   3.1000000e+01   0.0000000e+00   8.6715700e-01   8.2129600e-01   2.6572961e+00   1.0000000e+00
   3.2000000e+01   1.0000000e+00   8.4968300e-01   8.2129600e-01   2.6572961e+00   1.0000000e+00
   3.3000000e+01   0.0000000e+00   5.4905300e-01   8.2129600e-01   2.6572961e+00   0.0000000e+00
   3.4000000e+01   0.0000000e+00   8.1078600e-01   8.2129600e-01   2.6572961e+00   0.0000000e+00
   3.5000000e+01   0.0000000e+00   7.2336900e-01   8.2129600e-01   2.6572961e+00   0.0000000e+00
   3.6000000e+01   1.0000000e+00   7.7373300e-01   8.2129600e-01   2.6572961e+00   1.0000000e+00
   3.7000000e+01   0.0000000e+00   7.4350800e-01   8.2129600e-01   2.6572961e+00   1.0000000e+00
   3.8000000e+01   1.0000000e+00   1.4161060e+00   8.2129600e-01   2.6572961e+00   0.0000000e+00
   3.9000000e+01   0.0000000e+00   7.2961100e-01   8.2129600e-01   2.6572961e+00   0.0000000e+00
   4.0000000e+01   1.0000000e+00   6.8106300e-01   8.2129600e-01   2.6572961e+00   1.0000000e+00
   4.1000000e+01   0.0000000e+00   8.2107800e-01   8.2129600e-01   2.6572961e+00   0.0000000e+00
   4.2000000e+01   0.0000000e+00   8.5835400e-01   8.2129600e-01   2.6572961e+00   0.0000000e+00
   4.3000000e+01   0.0000000e+00   1.9941410e+00   8.2129600e-01   2.6572961e+00   0.0000000e+00
   4.4000000e+01   1.0000000e+00   1.1782050e+00   8.2129600e-01   2.6572961e+00   0.0000000e+00
   4.5000000e+01   0.0000000e+00   7.5304500e-01   8.2129600e-01   2.6572961e+00   0.0000000e+00
   4.6000000e+01   0.0000000e+00   6.4884500e-01   8.2129600e-01   2.6572961e+00   1.0000000e+00
   4.7000000e+01   1.0000000e+00   6.7861800e-01   8.2129600e-01   2.6572961e+00   0.0000000e+00
   4.8000000e+01   0.0000000e+00   4.5339000e-01   8.2129600e-01   2.6572961e+00   1.0000000e+00
   4.9000000e+01   0.0000000e+00   6.7804700e-01   8.2129600e-01   2.6572961e+00   1.0000000e+00
   5.0000000e+01   1.0000000e+00   5.0778700e-01   8.2129600e-01   2.6572961e+00   1.0000000e+00
   5.1000000e+01   0.0000000e+00   1.5061230e+00   8.2129600e-01   2.6572961e+00   1.0000000e+00
   5.2000000e+01   0.0000000e+00   1.3723790e+00   8.2129600e-01   2.6572961e+00   0.0000000e+00
   5.3000000e+01   0.0000000e+00   5.0172600e-01   8.2129600e-01   2.6572961e+00   1.0000000e+00
   5.4000000e+01   0.0000000e+00   4.5955700e-01   8.2129600e-01   2.6572961e+00   0.0000000e+00
   5.5000000e+01   0.0000000e+00   5.0934800e-01   8.2129600e-01   2.6572961e+00   0.0000000e+00
   5.6000000e+01   0.0000000e+00   6.0803600e-01   8.2129600e-01   2.6572961e+00   0.0000000e+00
   5.7000000e+01   0.0000000e+00   6.4691300e-01   8.2129600e-01   2.6572961e+00   0.0000000e+00
   5.8000000e+01   1.0000000e+00   9.2423600e-01   8.2129600e-01   2.6572961e+00   0.0000000e+00
   5.9000000e+01   0.0000000e+00   5.7821000e-01   8.2129600e-01   2.6572961e+00   1.0000000e+00
   6.0000000e+01   0.0000000e+00   5.5547000e-01   8.2129600e-01   2.6572961e+00   1.0000000e+00
   6.1000000e+01   0.0000000e+00   6.7595600e-01   8.2129600e-01   2.6572961e+00   1.0000000e+00
   6.2000000e+01   0.0000000e+00   5.5493800e-01   8.2129600e-01   2.6572961e+00   1.0000000e+00
   6.3000000e+01   1.0000000e+00   1.1337830e+00   8.2129600e-01   2.6572961e+00   1.0000000e+00
   6.4000000e+01   0.0000000e+00   6.1735500e-01   8.2129600e-01   2.6572961e+00   0.0000000e+00
   6.5000000e+01   0.0000000e+00   6.2510000e-01   8.2129600e-01   2.6572961e+00   0.0000000e+00
   6.6000000e+01   1.0000000e+00   2.1053700e+00   8.2129600e-01   2.6572961e+00   1.0000000e+00
   6.7000000e+01   0.0000000e+00   8.3832000e-01   8.2129600e-01   2.6572961e+00   1.0000000e+00
   6.8000000e+01   0.0000000e+00   4.9480100e-01   8.2129600e-01   2.6572961e+00   1.0000000e+00
   6.9000000e+01   0.0000000e+00   8.1044300e-01   8.2129600e-01   2.6572961e+00   1.0000000e+00
   7.0000000e+01   1.0000000e+00   5.9458000e-01   8.2129600e-01   2.6572961e+00   0.0000000e+00
   7.1000000e+01   0.0000000e+00   1.3824710e+00   8.2129600e-01   2.6572961e+00   1.0000000e+00
   7.2000000e+01   1.0000000e+00   5.9268600e-01   8.2129600e-01   2.6572961e+00   0.0000000e+00
   7.3000000e+01   0.0000000e+00   6.8732500e-01   8.2129600e-01   2.6572961e+00   1.0000000e+00
   7.4000000e+01   1.0000000e+00   5.9723700e-01   8.2129600e-01   2.6572961e+00   1.0000000e+00
   7.5000000e+01   0.0000000e+00   1.6578470e+00   8.2129600e-01   2.6572961e+00   0.0000000e+00
   7.6000000e+01   0.0000000e+00   5.9230100e-01   8.2129600e-01   2.6572961e+00   0.0000000e+00
   7.7000000e+01   0.0000000e+00   5.3566600e-01   8.2129600e-01   2.6572961e+00   0.0000000e+00
   7.8000000e+01   0.0000000e+00   4.5181400e-01   8.2129600e-01   2.6572961e+00   0.0000000e+00
   7.9000000e+01   1.0000000e+00   5.0905200e-01   8.2129600e-01   2.6572961e+00   0.0000000e+00
   8.0000000e+01   0.0000000e+00   6.2678000e-01   8.2129600e-01   2.6572961e+00   0.0000000e+00
   8.1000000e+01   1.0000000e+00   8.1036400e-01   8.2129600e-01   2.6572961e+00   1.0000000e+00
   8.2000000e+01   0.0000000e+00   4.3917100e-01   8.2129600e-01   2.6572961e+00   1.0000000e+00
   8.3000000e+01   0.0000000e+00   1.3577430e+00   8.2129600e-01   2.6572961e+00   0.0000000e+00
   8.4000000e+01   0.0000000e+00   2.4918620e+00   8.2129600e-01   2.6572961e+00   1.0000000e+00
   8.5000000e+01   0.0000000e+00   1.5356200e+00   8.2129600e-01   2.6572961e+00   1.0000000e+00
   8.6000000e+01   0.0000000e+00   9.1086200e-01   8.2129600e-01   2.6572961e+00   1.0000000e+00
   8.7000000e+01   0.0000000e+00   1.7277560e+00   8.2129600e-01   2.6572961e+00   0.0000000e+00
   8.8000000e+01   1.0000000e+00   5.1095500e-01   8.2129600e-01   2.6572961e+00   1.0000000e+00
   8.9000000e+01   0.0000000e+00   5.2817800e-01   8.2129600e-01   2.6572961e+00   1.0000000e+00
   9.0000000e+01   1.0000000e+00   4.3898100e-01   8.2129600e-01   2.6572961e+00   0.0000000e+00
   9.1000000e+01   0.0000000e+00   5.9058700e-01   8.2129600e-01   2.6572961e+00   0.0000000e+00
   9.2000000e+01   0.0000000e+00   8.6022400e-01   8.2129600e-01   2.6572961e+00   0.0000000e+00
   9.3000000e+01   0.0000000e+00   5.7671400e-01   8.2129600e-01   2.6572961e+00   1.0000000e+00
   9.4000000e+01   1.0000000e+00   6.0844700e-01   8.2129600e-01   2.6572961e+00   1.0000000e+00
   9.5000000e+01   0.0000000e+00   2.0787940e+00   8.2129600e-01   2.6572961e+00   0.0000000e+00
   9.6000000e+01   1.0000000e+00   4.9269800e-01   8.2129600e-01   2.6572961e+00   0.0000000e+00
   9.7000000e+01   0.0000000e+00   7.7094800e-01   8.2129600e-01   2.6572961e+00   1.0000000e+00
   9.8000000e+01   0.0000000e+00   6.3478100e-01   8.2129600e-01   2.6572961e+00   1.0000000e+00
   9.9000000e+01   1.0000000e+00   1.2076450e+00   8.2129600e-01   2.6572961e+00   1.0000000e+00
   1.0000000e+02   0.0000000e+00   1.0453580e+00   8.2129600e-01   2.6572961e+00   1.0000000e+00
   1.0100000e+02   0.0000000e+00   5.4712400e-01   8.2129600e-01   2.6572961e+00   0.0000000e+00
   1.0200000e+02   0.0000000e+00   2.0367160e+00   8.2129600e-01   2.6572961e+00   0.0000000e+00
   1.0300000e+02   0.0000000e+00   4.4430800e-01   8.2129600e-01   2.6572961e+00   0.0000000e+00
   1.0400000e+02   1.0000000e+00   5.2931500e-01   8.2129600e-01   2.6572961e+00   0.0000000e+00
   1.0500000e+02   0.0000000e+00   5.7831400e-01   8.2129600e-01   2.6572961e+00   1.0000000e+00
   1.0600000e+02   0.0000000e+00   2.4712940e+00   8.2129600e-01   2.6572961e+00   1.0000000e+00
   1.0700000e+02   0.0000000e+00   5.7283700e-01   8.2129600e-01   2.6572961e+00   0.0000000e+00
   1.0800000e+02   0.0000000e+00   1.1277380e+00   8.2129600e-01   2.6572961e+00   0.0000000e+00
   1.0900000e+02   0.0000000e+00   6.2504800e-01   8.2129600e-01   2.6572961e+00   0.0000000e+00
   1.1000000e+02   1.0000000e+00   5.0545400e-01   8.2129600e-01   2.6572961e+00   0.0000000e+00
   1.1100000e+02   0.0000000e+00   4.9995300e-01   8.2129600e-01   2.6572961e+00   0.0000000e+00
   1.1200000e+02   0.0000000e+00   1.2645910e+00   8.2129600e-01   2.6572961e+00   1.0000000e+00
   1.1300000e+02   1.0000000e+00   9.5186800e-01   8.2129600e-01   2.6572961e+00   1.0000000e+00
   1.1400000e+02   0.0000000e+00   1.3497820e+00   8.2129600e-01   2.6572961e+00   0.0000000e+00
   1.1500000e+02   0.0000000e+00   2.0413730e+00   8.2129600e-01   2.6572961e+00   1.0000000e+00
   1.1600000e+02   1.0000000e+00   1.1089820e+00   8.2129600e-01   2.6572961e+00   0.0000000e+00
   1.1700000e+02   1.0000000e+00   4.8537100e-01   8.2129600e-01   2.6572961e+00   1.0000000e+00
   1.1800000e+02   0.0000000e+00   4.8581900e-01   8.2129600e-01   2.6572961e+00   1.0000000e+00
   1.1900000e+02   0.0000000e+00   1.4418520e+00   8.2129600e-01   2.6572961e+00   1.0000000e+00
   1.2000000e+02   1.0000000e+00   1.1267970e+00   8.2129600e-01   2.6572961e+00   1.0000000e+00
   1.2100000e+02   0.0000000e+00   6.1258700e-01   8.2129600e-01   2.6572961e+00   1.0000000e+00
   1.2200000e+02   1.0000000e+00   4.5681600e-01   8.2129600e-01   2.6572961e+00   0.0000000e+00
   1.2300000e+02   0.0000000e+00   1.1265660e+00   8.2129600e-01   2.6572961e+00   0.0000000e+00
   1.2400000e+02   0.0000000e+00   1.6711460e+00   8.2129600e-01   2.6572961e+00   0.0000000e+00
   1.2500000e+02   1.0000000e+00   5.7230700e-01   8.2129600e-01   2.6572961e+00   1.0000000e+00
   1.2600000e+02   0.0000000e+00   4.3963200e-01   8.2129600e-01   2.6572961e+00   1.0000000e+00
   1.2700000e+02   0.0000000e+00   6.3058000e-01   8.2129600e-01   2.6572961e+00   0.0000000e+00
   1.2800000e+02   0.0000000e+00   1.3413200e+00   8.2129600e-01   2.6572961e+00   0.0000000e+00
   1.2900000e+02   0.0000000e+00   1.5603670e+00   8.2129600e-01   2.6572961e+00   1.0000000e+00
   1.3000000e+02   1.0000000e+00   4.9192700e-01   8.2129600e-01   2.6572961e+00   0.0000000e+00
   1.3100000e+02   0.0000000e+00   4.5554200e-01   8.2129600e-01   2.6572961e+00   1.0000000e+00
   1.3200000e+02   1.0000000e+00   1.9300880e+00   8.2129600e-01   2.6572961e+00   0.0000000e+00
   1.3300000e+02   0.0000000e+00   5.1431700e-01   8.2129600e-01   2.6572961e+00   1.0000000e+00
   1.3400000e+02   0.0000000e+00   4.4270400e-01   8.2129600e-01   2.6572961e+00   0.0000000e+00
   1.3500000e+02   0.0000000e+00   1.0883510e+00   8.2129600e-01   2.6572961e+00   1.0000000e+00
   1.3600000e+02   1.0000000e+00   4.9604500e-01   8.2129600e-01   2.6572961e+00   1.0000000e+00
