   1.0000000e+00   0.0000000e+00   5.4122700e-01   8.2397400e-01   3.4267602e+00   0.0000000e+00
   2.0000000e+00   0.0000000e+00   1.0456080e+00   8.2397400e-01   3.4267602e+00   1.0000000e+00
   3.0000000e+00   0.0000000e+00   9.8222400e-01   8.2397400e-01   3.4267602e+00   1.0000000e+00
   4.0000000e+00   0.0000000e+00   1.2892720e+00   8.2397400e-01   3.4267602e+00   1.0000000e+00
   5.0000000e+00   1.0000000e+00   6.4186100e-01   8.2397400e-01   3.4267602e+00   1.0000000e+00
   6.0000000e+00   0.0000000e+00   4.6414300e-01   8.2397400e-01   3.4267602e+00   1.0000000e+00
   7.0000000e+00   1.0000000e+00   4.6169800e-01   8.2397400e-01   3.4267602e+00   0.0000000e+00
   8.0000000e+00   0.0000000e+00   7.6079300e-01   8.2397400e-01   3.4267602e+00   1.0000000e+00
   9.0000000e+00   0.0000000e+00   4.9199700e-01   8.2397400e-01   3.4267602e+00   1.0000000e+00
   1.0000000e+01   1.0000000e+00   4.6505700e-01   8.2397400e-01   3.4267602e+00   1.0000000e+00
   1.1000000e+01   0.0000000e+00   1.2437440e+00   8.2397400e-01   3.4267602e+00   0.0000000e+00
   1.2000000e+01   0.0000000e+00   9.0315400e-01   8.2397400e-01   3.4267602e+00   0.0000000e+00
   1.3000000e+01   0.0000000e+00   1.4853990e+00   8.2397400e-01   3.4267602e+00   0.0000000e+00
   1.4000000e+01   0.0000000e+00   4.8708500e-01   8.2397400e-01   3.4267602e+00   0.0000000e+00
   1.5000000e+01   0.0000000e+00   1.0886400e+00   8.2397400e-01   3.4267602e+00   1.0000000e+00
   1.6000000e+01   1.0000000e+00   1.7600380e+00   8.2397400e-01   3.4267602e+00   0.0000000e+00
   1.7000000e+01   0.0000000e+00   8.3870500e-01   8.2397400e-01   3.4267602e+00   1.0000000e+00
   1.8000000e+01   0.0000000e+00   1.1843580e+00   8.2397400e-01   3.4267602e+00   1.0000000e+00
   1.9000000e+01   1.0000000e+00   1.8300500e+00   8.2397400e-01   3.4267602e+00   0.0000000e+00
   2.0000000e+01   0.0000000e+00   1.1305850e+00   8.2397400e-01   3.4267602e+00   1.0000000e+00
   2.1000000e+01   1.0000000e+00   5.8559000e-01   8.2397400e-01   3.4267602e+00   1.0000000e+00
   2.2000000e+01   0.0000000e+00   6.6780400e-01   8.2397400e-01   3.4267602e+00   0.0000000e+00
   2.3000000e+01   0.0000000e+00   7.0121400e-01   8.2397400e-01   3.4267602e+00   0.0000000e+00
   2.4000000e+01   1.0000000e+00   5.1991600e-01   8.2397400e-01   3.4267602e+00   0.0000000e+00
   2.5000000e+01   0.0000000e+00   6.4795200e-01   8.2397400e-01   3.4267602e+00   0.0000000e+00
   2.6000000e+01   0.0000000e+00   1.1913520e+00   8.2397400e-01   3.4267602e+00   0.0000000e+00
   2.7000000e+01   0.0000000e+00   2.7013450e+00   8.2397400e-01   3.4267602e+00   1.0000000e+00
   2.8000000e+01   1.0000000e+00   8.8393700e-01   8.2397400e-01   3.4267602e+00   1.0000000e+00
   2.9000000e+01   0.0000000e+00   5.7077000e-01   8.2397400e-01   3.4267602e+00   0.0000000e+00
   3.0000000e+01   0.0000000e+00   6.1022900e-01   8.2397400e-01   3.4267602e+00   0.0000000e+00
   3.1000000e+01   0.0000000e+00   2.3225650e+00   8.2397400e-01   3.4267602e+00   1.0000000e+00
   3.2000000e+01   0.0000000e+00   9.0031700e-01   8.2397400e-01   3.4267602e+00   0.0000000e+00
   3.3000000e+01   1.0000000e+00   8.2594800e-01   8.2397400e-01   3.4267602e+00   0.0000000e+00
   3.4000000e+01   0.0000000e+00   4.9857500e-01   8.2397400e-01   3.4267602e+00   1.0000000e+00
   3.5000000e+01   1.0000000e+00   4.6737100e-01   8.2397400e-01   3.4267602e+00   1.0000000e+00
   3.6000000e+01   0.0000000e+00   6.8990100e-01   8.2397400e-01   3.4267602e+00   0.0000000e+00
   3.7000000e+01   0.0000000e+00   9.4687400e-01   8.2397400e-01   3.4267602e+00   0.0000000e+00
   3.8000000e+01   0.0000000e+00   4.3633500e-01   8.2397400e-01   3.4267602e+00   0.0000000e+00
   3.9000000e+01   0.0000000e+00   4.4728400e-01   8.2397400e-01   3.4267602e+00   0.0000000e+00
   4.0000000e+01   1.0000000e+00   1.0438590e+00   8.2397400e-01   3.4267602e+00   1.0000000e+00
   4.1000000e+01   0.0000000e+00   4.5282700e-01   8.2397400e-01   3.4267602e+00   0.0000000e+00
   4.2000000e+01   1.0000000e+00   7.2204400e-01   8.2397400e-01   3.4267602e+00   0.0000000e+00
   4.3000000e+01   0.0000000e+00   5.3563500e-01   8.2397400e-01   3.4267602e+00   0.0000000e+00
   4.4000000e+01   0.0000000e+00   1.0372440e+00   8.2397400e-01   3.4267602e+00   1.0000000e+00
   4.5000000e+01   0.0000000e+00   1.3885480e+00   8.2397400e-01   3.4267602e+00   1.0000000e+00
   4.6000000e+01   0.0000000e+00   7.5369200e-01   8.2397400e-01   3.4267602e+00   1.0000000e+00
   4.7000000e+01   1.0000000e+00   8.8075400e-01   8.2397400e-01   3.4267602e+00   1.0000000e+00
   4.8000000e+01   0.0000000e+00   1.3264740e+00   8.2397400e-01   3.4267602e+00   1.0000000e+00
   4.9000000e+01   0.0000000e+00   4.8091100e-01   8.2397400e-01   3.4267602e+00   1.0000000e+00
   5.0000000e+01   1.0000000e+00   5.9126600e-01   8.2397400e-01   3.4267602e+00   0.0000000e+00
   5.1000000e+01   0.0000000e+00   5.4835300e-01   8.2397400e-01   3.4267602e+00   0.0000000e+00
   5.2000000e+01   1.0000000e+00   6.5426900e-01   8.2397400e-01   3.4267602e+00   0.0000000e+00
   5.3000000e+01   0.0000000e+00   9.3457600e-01   8.2397400e-01   3.4267602e+00   0.0000000e+00
   5.4000000e+01   0.0000000e+00   8.0411800e-01   8.2397400e-01   3.4267602e+00   1.0000000e+00
   5.5000000e+01   0.0000000e+00   5.6733300e-01   8.2397400e-01   3.4267602e+00   1.0000000e+00
   5.6000000e+01   0.0000000e+00   1.7784520e+00   8.2397400e-01   3.4267602e+00   1.0000000e+00
   5.7000000e+01   1.0000000e+00   1.7098550e+00   8.2397400e-01   3.4267602e+00   1.0000000e+00
   5.8000000e+01   0.0000000e+00   5.7250200e-01   8.2397400e-01   3.4267602e+00   1.0000000e+00
   5.9000000e+01   0.0000000e+00   9.1081400e-01   8.2397400e-01   3.4267602e+00   1.0000000e+00
   6.0000000e+01   1.0000000e+00   1.0108910e+00   8.2397400e-01   3.4267602e+00   0.0000000e+00
   6.1000000e+01   1.0000000e+00   6.8182300e-01   8.2397400e-01   3.4267602e+00   1.0000000e+00
   6.2000000e+01   0.0000000e+00   1.5344140e+00   8.2397400e-01   3.4267602e+00   0.0000000e+00
   6.3000000e+01   1.0000000e+00   7.4568300e-01   8.2397400e-01   3.4267602e+00   1.0000000e+00
   6.4000000e+01   0.0000000e+00   7.0393800e-01   8.2397400e-01   3.4267602e+00   1.0000000e+00
   6.5000000e+01   0.0000000e+00   1.0863480e+00   8.2397400e-01   3.4267602e+00   0.0000000e+00
   6.6000000e+01   0.0000000e+00   6.8432000e-01   8.2397400e-01   3.4267602e+00   0.0000000e+00
   6.7000000e+01   0.0000000e+00   4.4233900e-01   8.2397400e-01   3.4267602e+00   0.0000000e+00
   6.8000000e+01   0.0000000e+00   5.3667300e-01   8.2397400e-01   3.4267602e+00   0.0000000e+00
   6.9000000e+01   0.0000000e+00   1.7823020e+00   8.2397400e-01   3.4267602e+00   1.0000000e+00
   7.0000000e+01   1.0000000e+00   5.1300800e-01   8.2397400e-01   3.4267602e+00   0.0000000e+00
   7.1000000e+01   0.0000000e+00   7.6895100e-01   8.2397400e-01   3.4267602e+00   0.0000000e+00
   7.2000000e+01   0.0000000e+00   5.9534000e-01   8.2397400e-01   3.4267602e+00   0.0000000e+00
   7.3000000e+01   0.0000000e+00   1.3139890e+00   8.2397400e-01   3.4267602e+00   0.0000000e+00
   7.4000000e+01   1.0000000e+00   1.5319730e+00   8.2397400e-01   3.4267602e+00   0.0000000e+00
   7.5000000e+01   0.0000000e+00   6.5425600e-01   8.2397400e-01   3.4267602e+00   0.0000000e+00
   7.6000000e+01   1.0000000e+00   4.9915700e-01   8.2397400e-01   3.4267602e+00   1.0000000e+00
   7.7000000e+01   0.0000000e+00   1.6349780e+00   8.2397400e-01   3.4267602e+00   0.0000000e+00
   7.8000000e+01   0.0000000e+00   1.9513920e+00   8.2397400e-01   3.4267602e+00   1.0000000e+00
   7.9000000e+01   0.0000000e+00   6.7259800e-01   8.2397400e-01   3.4267602e+00   0.0000000e+00
   8.0000000e+01   0.0000000e+00   1.7044090e+00   8.2397400e-01   3.4267602e+00   0.0000000e+00
   8.1000000e+01   0.0000000e+00   6.9359000e-01   8.2397400e-01   3.4267602e+00   1.0000000e+00
   8.2000000e+01   1.0000000e+00   1.8704660e+00   8.2397400e-01   3.4267602e+00   0.0000000e+00
   8.3000000e+01   0.0000000e+00   6.6801300e-01   8.2397400e-01   3.4267602e+00   1.0000000e+00
   8.4000000e+01   0.0000000e+00   2.4947750e+00   8.2397400e-01   3.4267602e+00   0.0000000e+00
   8.5000000e+01   0.0000000e+00   7.7073200e-01   8.2397400e-01   3.4267602e+00   1.0000000e+00
   8.6000000e+01   0.0000000e+00   1.4450860e+00   8.2397400e-01   3.4267602e+00   0.0000000e+00
   8.7000000e+01   0.0000000e+00   2.3502060e+00   8.2397400e-01   3.4267602e+00   1.0000000e+00
   8.8000000e+01   1.0000000e+00   7.3914400e-01   8.2397400e-01   3.4267602e+00   1.0000000e+00
   8.9000000e+01   0.0000000e+00   1.1053070e+00   8.2397400e-01   3.4267602e+00   1.0000000e+00
   9.0000000e+01   1.0000000e+00   8.0112200e-01   8.2397400e-01   3.4267602e+00   1.0000000e+00
   9.1000000e+01   0.0000000e+00   4.3574000e-01   8.2397400e-01   3.4267602e+00   0.0000000e+00
   9.2000000e+01   1.0000000e+00   9.9615900e-01   8.2397400e-01   3.4267602e+00   0.0000000e+00
   9.3000000e+01   0.0000000e+00   8.8477000e-01   8.2397400e-01   3.4267602e+00   1.0000000e+00
   9.4000000e+01   0.0000000e+00   1.5797920e+00   8.2397400e-01   3.4267602e+00   0.0000000e+00
   9.5000000e+01   1.0000000e+00   1.4168790e+00   8.2397400e-01   3.4267602e+00   1.0000000e+00
   9.6000000e+01   0.0000000e+00   5.7236400e-01   8.2397400e-01   3.4267602e+00   1.0000000e+00
   9.7000000e+01   0.0000000e+00   5.9952300e-01   8.2397400e-01   3.4267602e+00   1.0000000e+00
   9.8000000e+01   0.0000000e+00   1.6014400e+00   8.2397400e-01   3.4267602e+00   1.0000000e+00
   9.9000000e+01   0.0000000e+00   8.4811900e-01   8.2397400e-01   3.4267602e+00   0.0000000e+00
   1.0000000e+02   0.0000000e+00   7.6902500e-01   8.2397400e-01   3.4267602e+00   1.0000000e+00
   1.0100000e+02   1.0000000e+00   5.9033400e-01   8.2397400e-01   3.4267602e+00   0.0000000e+00
   1.0200000e+02   0.0000000e+00   1.1048930e+00   8.2397400e-01   3.4267602e+00   1.0000000e+00
   1.0300000e+02   0.0000000e+00   9.0476100e-01   8.2397400e-01   3.4267602e+00   1.0000000e+00
   1.0400000e+02   1.0000000e+00   4.6814900e-01   8.2397400e-01   3.4267602e+00   1.0000000e+00
   1.0500000e+02   0.0000000e+00   7.0144200e-01   8.2397400e-01   3.4267602e+00   0.0000000e+00
   1.0600000e+02   1.0000000e+00   5.3364000e-01   8.2397400e-01   3.4267602e+00   0.0000000e+00
   1.0700000e+02   0.0000000e+00   4.5562700e-01   8.2397400e-01   3.4267602e+00   1.0000000e+00
   1.0800000e+02   0.0000000e+00   7.1499400e-01   8.2397400e-01   3.4267602e+00   1.0000000e+00
   1.0900000e+02   0.0000000e+00   1.6049950e+00   8.2397400e-01   3.4267602e+00   0.0000000e+00
   1.1000000e+02   1.0000000e+00   4.3985400e-01   8.2397400e-01   3.4267602e+00   0.0000000e+00
   1.1100000e+02   0.0000000e+00   8.0053300e-01   8.2397400e-01   3.4267602e+00   1.0000000e+00
   1.1200000e+02   1.0000000e+00   2.2576000e+00   8.2397400e-01   3.4267602e+00   1.0000000e+00
   1.1300000e+02   0.0000000e+00   1.1802920e+00   8.2397400e-01   3.4267602e+00   0.0000000e+00
   1.1400000e+02   0.0000000e+00   4.9566600e-01   8.2397400e-01   3.4267602e+00   1.0000000e+00
   1.1500000e+02   0.0000000e+00   6.4854400e-01   8.2397400e-01   3.4267602e+00   0.0000000e+00
   1.1600000e+02   1.0000000e+00   1.9192130e+00   8.2397400e-01   3.4267602e+00   0.0000000e+00
   1.1700000e+02   0.0000000e+00   4.9068200e-01   8.2397400e-01   3.4267602e+00   0.0000000e+00
   1.1800000e+02   0.0000000e+00   7.1257300e-01   8.2397400e-01   3.4267602e+00   1.0000000e+00
   1.1900000e+02   1.0000000e+00   5.4042900e-01   8.2397400e-01   3.4267602e+00   1.0000000e+00
   1.2000000e+02   0.0000000e+00   6.0509000e-01   8.2397400e-01   3.4267602e+00   0.0000000e+00
   1.2100000e+02   1.0000000e+00   7.7157700e-01   8.2397400e-01   3.4267602e+00   1.0000000e+00
   1.2200000e+02   0.0000000e+00   9.1059100e-01   8.2397400e-01   3.4267602e+00   1.0000000e+00
   1.2300000e+02   0.0000000e+00   1.5592460e+00   8.2397400e-01   3.4267602e+00   0.0000000e+00
   1.2400000e+02   0.0000000e+00   5.4779400e-01   8.2397400e-01   3.4267602e+00   1.0000000e+00
   1.2500000e+02   0.0000000e+00   5.4136100e-01   8.2397400e-01   3.4267602e+00   0.0000000e+00
   1.2600000e+02   1.0000000e+00   6.3965700e-01   8.2397400e-01   3.4267602e+00   0.0000000e+00
   1.2700000e+02   1.0000000e+00   7.2273900e-01   8.2397400e-01   3.4267602e+00   1.0000000e+00
   1.2800000e+02   0.0000000e+00   9.3600200e-01   8.2397400e-01   3.4267602e+00   0.0000000e+00
   1.2900000e+02   0.0000000e+00   9.1339400e-01   8.2397400e-01   3.4267602e+00   0.0000000e+00
   1.3000000e+02   1.0000000e+00   1.1429460e+00   8.2397400e-01   3.4267602e+00   0.0000000e+00
   1.3100000e+02   0.0000000e+00   6.5555700e-01   8.2397400e-01   3.4267602e+00   1.0000000e+00
   1.3200000e+02   0.0000000e+00   5.3722100e-01   8.2397400e-01   3.4267602e+00   1.0000000e+00
   1.3300000e+02   1.0000000e+00   6.1735800e-01   8.2397400e-01   3.4267602e+00   0.0000000e+00
   1.3400000e+02   1.0000000e+00   9.8766500e-01   8.2397400e-01   3.4267602e+00   1.0000000e+00
   1.3500000e+02   0.0000000e+00   8.8843700e-01   8.2397400e-01   3.4267602e+00   0.0000000e+00
   1.3600000e+02   0.0000000e+00   5.2367300e-01   8.2397400e-01   3.4267602e+00   1.0000000e+00
