   1.0000000e+00   0.0000000e+00   1.7684480e+00   8.4495200e-01   2.9437422e+00   1.0000000e+00
   2.0000000e+00   0.0000000e+00   8.0029400e-01   8.4495200e-01   2.9437422e+00   0.0000000e+00
   3.0000000e+00   1.0000000e+00   6.7883200e-01   8.4495200e-01   2.9437422e+00   1.0000000e+00
   4.0000000e+00   0.0000000e+00   5.8795100e-01   8.4495200e-01   2.9437422e+00   1.0000000e+00
   5.0000000e+00   1.0000000e+00   1.0754870e+00   8.4495200e-01   2.9437422e+00   0.0000000e+00
   6.0000000e+00   0.0000000e+00   6.7481800e-01   8.4495200e-01   2.9437422e+00   1.0000000e+00
   7.0000000e+00   1.0000000e+00   4.7754100e-01   8.4495200e-01   2.9437422e+00   1.0000000e+00
   8.0000000e+00   0.0000000e+00   7.4373600e-01   8.4495200e-01   2.9437422e+00   1.0000000e+00
   9.0000000e+00   0.0000000e+00   9.7932900e-01   8.4495200e-01   2.9437422e+00   1.0000000e+00
   1.0000000e+01   1.0000000e+00   5.2902300e-01   8.4495200e-01   2.9437422e+00   0.0000000e+00
   1.1000000e+01   0.0000000e+00   2.4950940e+00   8.4495200e-01   2.9437422e+00   1.0000000e+00
   1.2000000e+01   1.0000000e+00   7.4110600e-01   8.4495200e-01   2.9437422e+00   0.0000000e+00
   1.3000000e+01   0.0000000e+00   6.2807500e-01   8.4495200e-01   2.9437422e+00   1.0000000e+00
   1.4000000e+01   0.0000000e+00   6.2525700e-01   8.4495200e-01   2.9437422e+00   0.0000000e+00
   1.5000000e+01   0.0000000e+00   7.1284300e-01   8.4495200e-01   2.9437422e+00   1.0000000e+00
   1.6000000e+01   1.0000000e+00   9.2941800e-01   8.4495200e-01   2.9437422e+00   1.0000000e+00
   1.7000000e+01   0.0000000e+00   9.4595600e-01   8.4495200e-01   2.9437422e+00   1.0000000e+00
   1.8000000e+01   1.0000000e+00   6.8909300e-01   8.4495200e-01   2.9437422e+00   0.0000000e+00
   1.9000000e+01   0.0000000e+00   1.3359840e+00   8.4495200e-01   2.9437422e+00   0.0000000e+00
   2.0000000e+01   0.0000000e+00   9.1729800e-01   8.4495200e-01   2.9437422e+00   0.0000000e+00
   2.1000000e+01   0.0000000e+00   9.2782700e-01   8.4495200e-01   2.9437422e+00   0.0000000e+00
   2.2000000e+01   0.0000000e+00   6.9849100e-01   8.4495200e-01   2.9437422e+00   1.0000000e+00
   2.3000000e+01   0.0000000e+00   2.7044010e+00   8.4495200e-01   2.9437422e+00   0.0000000e+00
   2.4000000e+01   0.0000000e+00   5.1916100e-01   8.4495200e-01   2.9437422e+00   0.0000000e+00
   2.5000000e+01   1.0000000e+00   5.0344600e-01   8.4495200e-01   2.9437422e+00   1.0000000e+00
   2.6000000e+01   0.0000000e+00   1.3255770e+00   8.4495200e-01   2.9437422e+00   1.0000000e+00
   2.7000000e+01   1.0000000e+00   1.0570360e+00   8.4495200e-01   2.9437422e+00   0.0000000e+00
   2.8000000e+01   0.0000000e+00   5.3041900e-01   8.4495200e-01   2.9437422e+00   0.0000000e+00
   2.9000000e+01   1.0000000e+00   6.6359000e-01   8.4495200e-01   2.9437422e+00   1.0000000e+00
   3.0000000e+01   0.0000000e+00   5.0048000e-01   8.4495200e-01   2.9437422e+00   0.0000000e+00
   3.1000000e+01   0.0000000e+00   1.1579240e+00   8.4495200e-01   2.9437422e+00   0.0000000e+00
   3.2000000e+01   0.0000000e+00   1.2937590e+00   8.4495200e-01   2.9437422e+00   0.0000000e+00
   3.3000000e+01   0.0000000e+00   7.2235200e-01   8.4495200e-01   2.9437422e+00   1.0000000e+00
   3.4000000e+01   0.0000000e+00   7.9786800e-01   8.4495200e-01   2.9437422e+00   0.0000000e+00
   3.5000000e+01   0.0000000e+00   1.4253570e+00   8.4495200e-01   2.9437422e+00   1.0000000e+00
   3.6000000e+01   1.0000000e+00   6.6681700e-01   8.4495200e-01   2.9437422e+00   1.0000000e+00
   3.7000000e+01   0.0000000e+00   5.1888600e-01   8.4495200e-01   2.9437422e+00   0.0000000e+00
   3.8000000e+01   1.0000000e+00   5.4297600e-01   8.4495200e-01   2.9437422e+00   0.0000000e+00
   3.9000000e+01   0.0000000e+00   5.1490900e-01   8.4495200e-01   2.9437422e+00   1.0000000e+00
   4.0000000e+01   0.0000000e+00   1.2586500e+00   8.4495200e-01   2.9437422e+00   0.0000000e+00
   4.1000000e+01   0.0000000e+00   9.2251800e-01   8.4495200e-01   2.9437422e+00   0.0000000e+00
   4.2000000e+01   1.0000000e+00   9.0330000e-01   8.4495200e-01   2.9437422e+00   1.0000000e+00
   4.3000000e+01   1.0000000e+00   4.7989700e-01   8.4495200e-01   2.9437422e+00   0.0000000e+00
   4.4000000e+01   0.0000000e+00   9.9935400e-01   8.4495200e-01   2.9437422e+00   0.0000000e+00
   4.5000000e+01   0.0000000e+00   1.3700550e+00   8.4495200e-01   2.9437422e+00   1.0000000e+00
   4.6000000e+01   0.0000000e+00   1.8658540e+00   8.4495200e-01   2.9437422e+00   1.0000000e+00
   4.7000000e+01   1.0000000e+00   4.3507000e-01   8.4495200e-01   2.9437422e+00   0.0000000e+00
   4.8000000e+01   0.0000000e+00   7.1606500e-01   8.4495200e-01   2.9437422e+00   1.0000000e+00
   4.9000000e+01   0.0000000e+00   6.2339600e-01   8.4495200e-01   2.9437422e+00   1.0000000e+00
   5.0000000e+01   0.0000000e+00   7.9798700e-01   8.4495200e-01   2.9437422e+00   1.0000000e+00
   5.1000000e+01   1.0000000e+00   6.0244700e-01   8.4495200e-01   2.9437422e+00   1.0000000e+00
   5.2000000e+01   0.0000000e+00   1.0184210e+00   8.4495200e-01   2.9437422e+00   0.0000000e+00
   5.3000000e+01   1.0000000e+00   1.1608910e+00   8.4495200e-01   2.9437422e+00   0.0000000e+00
   5.4000000e+01   0.0000000e+00   5.1897600e-01   8.4495200e-01   2.9437422e+00   1.0000000e+00
   5.5000000e+01   0.0000000e+00   6.2077800e-01   8.4495200e-01   2.9437422e+00   1.0000000e+00
   5.6000000e+01   1.0000000e+00   6.3607500e-01   8.4495200e-01   2.9437422e+00   1.0000000e+00
   5.7000000e+01   0.0000000e+00   8.0992000e-01   8.4495200e-01   2.9437422e+00   0.0000000e+00
   5.8000000e+01   0.0000000e+00   1.4834510e+00   8.4495200e-01   2.9437422e+00   0.0000000e+00
   5.9000000e+01   0.0000000e+00   4.4499500e-01   8.4495200e-01   2.9437422e+00   1.0000000e+00
   6.0000000e+01   0.0000000e+00   1.3041970e+00   8.4495200e-01   2.9437422e+00   0.0000000e+00
   6.1000000e+01   1.0000000e+00   7.7530200e-01   8.4495200e-01   2.9437422e+00   1.0000000e+00
   6.2000000e+01   0.0000000e+00   1.4578260e+00   8.4495200e-01   2.9437422e+00   0.0000000e+00
   6.3000000e+01   0.0000000e+00   5.0771100e-01   8.4495200e-01   2.9437422e+00   0.0000000e+00
   6.4000000e+01   0.0000000e+00   5.1617300e-01   8.4495200e-01   2.9437422e+00   0.0000000e+00
   6.5000000e+01   0.0000000e+00   8.4992400e-01   8.4495200e-01   2.9437422e+00   0.0000000e+00
   6.6000000e+01   1.0000000e+00   1.0049300e+00   8.4495200e-01   2.9437422e+00   0.0000000e+00
   6.7000000e+01   0.0000000e+00   1.6769490e+00   8.4495200e-01   2.9437422e+00   1.0000000e+00
   6.8000000e+01   0.0000000e+00   1.1291980e+00   8.4495200e-01   2.9437422e+00   1.0000000e+00
   6.9000000e+01   0.0000000e+00   6.9563100e-01   8.4495200e-01   2.9437422e+00   0.0000000e+00
   7.0000000e+01   1.0000000e+00   9.4991600e-01   8.4495200e-01   2.9437422e+00   0.0000000e+00
   7.1000000e+01   0.0000000e+00   1.1633530e+00   8.4495200e-01   2.9437422e+00   0.0000000e+00
   7.2000000e+01   1.0000000e+00   5.6837000e-01   8.4495200e-01   2.9437422e+00   1.0000000e+00
   7.3000000e+01   0.0000000e+00   1.4270090e+00   8.4495200e-01   2.9437422e+00   1.0000000e+00
   7.4000000e+01   1.0000000e+00   1.0371300e+00   8.4495200e-01   2.9437422e+00   0.0000000e+00
   7.5000000e+01   0.0000000e+00   5.3460300e-01   8.4495200e-01   2.9437422e+00   0.0000000e+00
   7.6000000e+01   0.0000000e+00   7.6251800e-01   8.4495200e-01   2.9437422e+00   1.0000000e+00
   7.7000000e+01   0.0000000e+00   4.5551900e-01   8.4495200e-01   2.9437422e+00   1.0000000e+00
   7.8000000e+01   0.0000000e+00   1.2922460e+00   8.4495200e-01   2.9437422e+00   0.0000000e+00
   7.9000000e+01   1.0000000e+00   4.9781000e-01   8.4495200e-01   2.9437422e+00   1.0000000e+00
   8.0000000e+01   1.0000000e+00   4.9934300e-01   8.4495200e-01   2.9437422e+00   1.0000000e+00
   8.1000000e+01   0.0000000e+00   7.2039100e-01   8.4495200e-01   2.9437422e+00   0.0000000e+00
   8.2000000e+01   0.0000000e+00   1.3523790e+00   8.4495200e-01   2.9437422e+00   1.0000000e+00
   8.3000000e+01   1.0000000e+00   1.4801170e+00   8.4495200e-01   2.9437422e+00   0.0000000e+00
   8.4000000e+01   0.0000000e+00   4.9669800e-01   8.4495200e-01   2.9437422e+00   0.0000000e+00
   8.5000000e+01   0.0000000e+00   2.1780200e+00   8.4495200e-01   2.9437422e+00   1.0000000e+00
   8.6000000e+01   0.0000000e+00   8.6701700e-01   8.4495200e-01   2.9437422e+00   1.0000000e+00
   8.7000000e+01   0.0000000e+00   1.3275970e+00   8.4495200e-01   2.9437422e+00   0.0000000e+00
   8.8000000e+01   0.0000000e+00   1.4138900e+00   8.4495200e-01   2.9437422e+00   1.0000000e+00
   8.9000000e+01   1.0000000e+00   4.6244100e-01   8.4495200e-01   2.9437422e+00   1.0000000e+00
   9.0000000e+01   0.0000000e+00   9.2041800e-01   8.4495200e-01   2.9437422e+00   1.0000000e+00
   9.1000000e+01   0.0000000e+00   8.8820500e-01   8.4495200e-01   2.9437422e+00   1.0000000e+00
   9.2000000e+01   1.0000000e+00   4.9767400e-01   8.4495200e-01   2.9437422e+00   0.0000000e+00
   9.3000000e+01   0.0000000e+00   1.7798640e+00   8.4495200e-01   2.9437422e+00   0.0000000e+00
   9.4000000e+01   0.0000000e+00   5.0923700e-01   8.4495200e-01   2.9437422e+00   0.0000000e+00
   9.5000000e+01   0.0000000e+00   8.8594400e-01   8.4495200e-01   2.9437422e+00   1.0000000e+00
   9.6000000e+01   1.0000000e+00   8.3401200e-01   8.4495200e-01   2.9437422e+00   1.0000000e+00
   9.7000000e+01   0.0000000e+00   1.3642110e+00   8.4495200e-01   2.9437422e+00   0.0000000e+00
   9.8000000e+01   0.0000000e+00   4.5614100e-01   8.4495200e-01   2.9437422e+00   0.0000000e+00
   9.9000000e+01   0.0000000e+00   5.6526800e-01   8.4495200e-01   2.9437422e+00   0.0000000e+00
   1.0000000e+02   0.0000000e+00   6.3694800e-01   8.4495200e-01   2.9437422e+00   1.0000000e+00
   1.0100000e+02   0.0000000e+00   4.3716800e-01   8.4495200e-01   2.9437422e+00   1.0000000e+00
   1.0200000e+02   1.0000000e+00   1.3158680e+00   8.4495200e-01   2.9437422e+00   0.0000000e+00
   1.0300000e+02   0.0000000e+00   5.1352000e-01   8.4495200e-01   2.9437422e+00   0.0000000e+00
   1.0400000e+02   0.0000000e+00   1.8062190e+00   8.4495200e-01   2.9437422e+00   0.0000000e+00
   1.0500000e+02   0.0000000e+00   2.0048210e+00   8.4495200e-01   2.9437422e+00   1.0000000e+00
   1.0600000e+02   0.0000000e+00   1.1849940e+00   8.4495200e-01   2.9437422e+00   0.0000000e+00
   1.0700000e+02   1.0000000e+00   9.7550200e-01   8.4495200e-01   2.9437422e+00   0.0000000e+00
   1.0800000e+02   0.0000000e+00   1.0205750e+00   8.4495200e-01   2.9437422e+00   1.0000000e+00
   1.0900000e+02   1.0000000e+00   6.6518400e-01   8.4495200e-01   2.9437422e+00   1.0000000e+00
   1.1000000e+02   0.0000000e+00   2.1183770e+00   8.4495200e-01   2.9437422e+00   1.0000000e+00
   1.1100000e+02   0.0000000e+00   5.4905900e-01   8.4495200e-01   2.9437422e+00   0.0000000e+00
   1.1200000e+02   1.0000000e+00   1.1754090e+00   8.4495200e-01   2.9437422e+00   0.0000000e+00
   1.1300000e+02   0.0000000e+00   5.2924800e-01   8.4495200e-01   2.9437422e+00   0.0000000e+00
   1.1400000e+02   0.0000000e+00   1.1853470e+00   8.4495200e-01   2.9437422e+00   0.0000000e+00
   1.1500000e+02   0.0000000e+00   8.4401200e-01   8.4495200e-01   2.9437422e+00   0.0000000e+00
   1.1600000e+02   0.0000000e+00   6.7237000e-01   8.4495200e-01   2.9437422e+00   0.0000000e+00
   1.1700000e+02   1.0000000e+00   1.1627490e+00   8.4495200e-01   2.9437422e+00   1.0000000e+00
   1.1800000e+02   0.0000000e+00   1.0059590e+00   8.4495200e-01   2.9437422e+00   1.0000000e+00
   1.1900000e+02   0.0000000e+00   9.9244600e-01   8.4495200e-01   2.9437422e+00   1.0000000e+00
   1.2000000e+02   0.0000000e+00   7.5093300e-01   8.4495200e-01   2.9437422e+00   0.0000000e+00
   1.2100000e+02   0.0000000e+00   9.2705000e-01   8.4495200e-01   2.9437422e+00   1.0000000e+00
   1.2200000e+02   0.0000000e+00   7.9625600e-01   8.4495200e-01   2.9437422e+00   0.0000000e+00
   1.2300000e+02   0.0000000e+00   7.6013400e-01   8.4495200e-01   2.9437422e+00   1.0000000e+00
   1.2400000e+02   1.0000000e+00   6.4282000e-01   8.4495200e-01   2.9437422e+00   1.0000000e+00
   1.2500000e+02   0.0000000e+00   5.5842200e-01   8.4495200e-01   2.9437422e+00   1.0000000e+00
   1.2600000e+02   0.0000000e+00   6.8984000e-01   8.4495200e-01   2.9437422e+00   1.0000000e+00
   1.2700000e+02   0.0000000e+00   1.3498500e+00   8.4495200e-01   2.9437422e+00   1.0000000e+00
   1.2800000e+02   1.0000000e+00   1.9516120e+00   8.4495200e-01   2.9437422e+00   0.0000000e+00
   1.2900000e+02   1.0000000e+00   4.8739400e-01   8.4495200e-01   2.9437422e+00   1.0000000e+00
   1.3000000e+02   0.0000000e+00   1.2783940e+00   8.4495200e-01   2.9437422e+00   1.0000000e+00
   1.3100000e+02   1.0000000e+00   6.4969700e-01   8.4495200e-01   2.9437422e+00   0.0000000e+00
   1.3200000e+02   0.0000000e+00   1.0954080e+00   8.4495200e-01   2.9437422e+00   0.0000000e+00
   1.3300000e+02   0.0000000e+00   4.4509600e-01   8.4495200e-01   2.9437422e+00   0.0000000e+00
   1.3400000e+02   0.0000000e+00   1.2429020e+00   8.4495200e-01   2.9437422e+00   1.0000000e+00
   1.3500000e+02   1.0000000e+00   5.9274400e-01   8.4495200e-01   2.9437422e+00   0.0000000e+00
   1.3600000e+02   1.0000000e+00   9.6553000e-01   8.4495200e-01   2.9437422e+00   1.0000000e+00
