   1.0000000e+00   0.0000000e+00   6.7132000e-01   8.2111300e-01   3.2864456e+00   0.0000000e+00
   2.0000000e+00   0.0000000e+00   8.4271300e-01   8.2111300e-01   3.2864456e+00   1.0000000e+00
   3.0000000e+00   0.0000000e+00   4.7205500e-01   8.2111300e-01   3.2864456e+00   0.0000000e+00
   4.0000000e+00   1.0000000e+00   6.8356100e-01   8.2111300e-01   3.2864456e+00   0.0000000e+00
   5.0000000e+00   0.0000000e+00   1.5500600e+00   8.2111300e-01   3.2864456e+00   1.0000000e+00
   6.0000000e+00   1.0000000e+00   9.8483500e-01   8.2111300e-01   3.2864456e+00   1.0000000e+00
   7.0000000e+00   0.0000000e+00   1.4384330e+00   8.2111300e-01   3.2864456e+00   1.0000000e+00
   8.0000000e+00   0.0000000e+00   1.3261160e+00   8.2111300e-01   3.2864456e+00   1.0000000e+00
   9.0000000e+00   1.0000000e+00   1.0093320e+00   8.2111300e-01   3.2864456e+00   0.0000000e+00
   1.0000000e+01   0.0000000e+00   1.3358850e+00   8.2111300e-01   3.2864456e+00   0.0000000e+00
   1.1000000e+01   0.0000000e+00   5.5747300e-01   8.2111300e-01   3.2864456e+00   1.0000000e+00
   1.2000000e+01   0.0000000e+00   1.8209800e+00   8.2111300e-01   3.2864456e+00   0.0000000e+00
   1.3000000e+01   1.0000000e+00   5.0333000e-01   8.2111300e-01   3.2864456e+00   1.0000000e+00
   1.4000000e+01   0.0000000e+00   5.3620600e-01   8.2111300e-01   3.2864456e+00   1.0000000e+00
   1.5000000e+01   0.0000000e+00   5.7493700e-01   8.2111300e-01   3.2864456e+00   0.0000000e+00
   1.6000000e+01   1.0000000e+00   4.5911700e-01   8.2111300e-01   3.2864456e+00   1.0000000e+00
   1.7000000e+01   0.0000000e+00   5.9142200e-01   8.2111300e-01   3.2864456e+00   1.0000000e+00
   1.8000000e+01   1.0000000e+00   6.8031400e-01   8.2111300e-01   3.2864456e+00   0.0000000e+00
   1.9000000e+01   0.0000000e+00   5.2292200e-01   8.2111300e-01   3.2864456e+00   0.0000000e+00
   2.0000000e+01   0.0000000e+00   2.1744140e+00   8.2111300e-01   3.2864456e+00   1.0000000e+00
   2.1000000e+01   0.0000000e+00   1.9465410e+00   8.2111300e-01   3.2864456e+00   0.0000000e+00
   2.2000000e+01   0.0000000e+00   8.9145500e-01   8.2111300e-01   3.2864456e+00   0.0000000e+00
   2.3000000e+01   1.0000000e+00   8.3597600e-01   8.2111300e-01   3.2864456e+00   1.0000000e+00
   2.4000000e+01   0.0000000e+00   5.4621800e-01   8.2111300e-01   3.2864456e+00   1.0000000e+00
   2.5000000e+01   0.0000000e+00   9.1520900e-01   8.2111300e-01   3.2864456e+00   0.0000000e+00
   2.6000000e+01   0.0000000e+00   6.4743600e-01   8.2111300e-01   3.2864456e+00   1.0000000e+00
   2.7000000e+01   0.0000000e+00   6.7055000e-01   8.2111300e-01   3.2864456e+00   1.0000000e+00
   2.8000000e+01   1.0000000e+00   2.9126240e+00   8.2111300e-01   3.2864456e+00   0.0000000e+00
   2.9000000e+01   0.0000000e+00   8.6708700e-01   8.2111300e-01   3.2864456e+00   0.0000000e+00
   3.0000000e+01   1.0000000e+00   7.4806000e-01   8.2111300e-01   3.2864456e+00   1.0000000e+00
   3.1000000e+01   0.0000000e+00   5.4096600e-01   8.2111300e-01   3.2864456e+00   1.0000000e+00
   3.2000000e+01   0.0000000e+00   5.5807900e-01   8.2111300e-01   3.2864456e+00   0.0000000e+00
   3.3000000e+01   0.0000000e+00   1.8897370e+00   8.2111300e-01   3.2864456e+00   0.0000000e+00
   3.4000000e+01   0.0000000e+00   4.8232100e-01   8.2111300e-01   3.2864456e+00   0.0000000e+00
   3.5000000e+01   1.0000000e+00   4.3542900e-01   8.2111300e-01   3.2864456e+00   0.0000000e+00
   3.6000000e+01   0.0000000e+00   7.2611100e-01   8.2111300e-01   3.2864456e+00   1.0000000e+00
   3.7000000e+01   0.0000000e+00   1.0457010e+00   8.2111300e-01   3.2864456e+00   0.0000000e+00
   3.8000000e+01   0.0000000e+00   1.4206070e+00   8.2111300e-01   3.2864456e+00   0.0000000e+00
   3.9000000e+01   0.0000000e+00   6.1311700e-01   8.2111300e-01   3.2864456e+00   1.0000000e+00
   4.0000000e+01   1.0000000e+00   9.4331100e-01   8.2111300e-01   3.2864456e+00   0.0000000e+00
   4.1000000e+01   0.0000000e+00   1.2175460e+00   8.2111300e-01   3.2864456e+00   1.0000000e+00
   4.2000000e+01   0.0000000e+00   8.0986000e-01   8.2111300e-01   3.2864456e+00   0.0000000e+00
   4.3000000e+01   0.0000000e+00   8.0627400e-01   8.2111300e-01   3.2864456e+00   1.0000000e+00
   4.4000000e+01   0.0000000e+00   9.9975700e-01   8.2111300e-01   3.2864456e+00   1.0000000e+00
   4.5000000e+01   0.0000000e+00   6.5095500e-01   8.2111300e-01   3.2864456e+00   0.0000000e+00
   4.6000000e+01   0.0000000e+00   7.1813200e-01   8.2111300e-01   3.2864456e+00   0.0000000e+00
   4.7000000e+01   0.0000000e+00   9.6896900e-01   8.2111300e-01   3.2864456e+00   1.0000000e+00
   4.8000000e+01   1.0000000e+00   6.8383200e-01   8.2111300e-01   3.2864456e+00   1.0000000e+00
   4.9000000e+01   1.0000000e+00   5.0172500e-01   8.2111300e-01   3.2864456e+00   0.0000000e+00
   5.0000000e+01   0.0000000e+00   2.0884500e+00   8.2111300e-01   3.2864456e+00   1.0000000e+00
   5.1000000e+01   0.0000000e+00   1.4934540e+00   8.2111300e-01   3.2864456e+00   0.0000000e+00
   5.2000000e+01   0.0000000e+00   8.1641300e-01   8.2111300e-01   3.2864456e+00   0.0000000e+00
   5.3000000e+01   1.0000000e+00   9.0304200e-01   8.2111300e-01   3.2864456e+00   1.0000000e+00
   5.4000000e+01   0.0000000e+00   2.1146770e+00   8.2111300e-01   3.2864456e+00   0.0000000e+00
   5.5000000e+01   1.0000000e+00   1.0698460e+00   8.2111300e-01   3.2864456e+00   1.0000000e+00
   5.6000000e+01   0.0000000e+00   1.4827540e+00   8.2111300e-01   3.2864456e+00   1.0000000e+00
   5.7000000e+01   0.0000000e+00   1.8287390e+00   8.2111300e-01   3.2864456e+00   0.0000000e+00
   5.8000000e+01   0.0000000e+00   8.6267600e-01   8.2111300e-01   3.2864456e+00   0.0000000e+00
   5.9000000e+01   0.0000000e+00   1.1329900e+00   8.2111300e-01   3.2864456e+00   1.0000000e+00
   6.0000000e+01   0.0000000e+00   1.0124180e+00   8.2111300e-01   3.2864456e+00   1.0000000e+00
   6.1000000e+01   0.0000000e+00   1.4696750e+00   8.2111300e-01   3.2864456e+00   0.0000000e+00
   6.2000000e+01   1.0000000e+00   8.9776900e-01   8.2111300e-01   3.2864456e+00   0.0000000e+00
   6.3000000e+01   0.0000000e+00   8.5970100e-01   8.2111300e-01   3.2864456e+00   1.0000000e+00
   6.4000000e+01   0.0000000e+00   8.1393700e-01   8.2111300e-01   3.2864456e+00   0.0000000e+00
   6.5000000e+01   1.0000000e+00   6.0768700e-01   8.2111300e-01   3.2864456e+00   1.0000000e+00
   6.6000000e+01   0.0000000e+00   7.5214600e-01   8.2111300e-01   3.2864456e+00   1.0000000e+00
   6.7000000e+01   0.0000000e+00   8.6637200e-01   8.2111300e-01   3.2864456e+00   1.0000000e+00
   6.8000000e+01   1.0000000e+00   7.2731000e-01   8.2111300e-01   3.2864456e+00   0.0000000e+00
   6.9000000e+01   0.0000000e+00   7.2682800e-01   8.2111300e-01   3.2864456e+00   0.0000000e+00
   7.0000000e+01   0.0000000e+00   9.0787500e-01   8.2111300e-01   3.2864456e+00   1.0000000e+00
   7.1000000e+01   0.0000000e+00   1.7017490e+00   8.2111300e-01   3.2864456e+00   1.0000000e+00
   7.2000000e+01   1.0000000e+00   1.4788040e+00   8.2111300e-01   3.2864456e+00   0.0000000e+00
   7.3000000e+01   0.0000000e+00   8.4378700e-01   8.2111300e-01   3.2864456e+00   1.0000000e+00
   7.4000000e+01   0.0000000e+00   9.6698200e-01   8.2111300e-01   3.2864456e+00   1.0000000e+00
   7.5000000e+01   0.0000000e+00   7.2327100e-01   8.2111300e-01   3.2864456e+00   1.0000000e+00
   7.6000000e+01   1.0000000e+00   8.0105100e-01   8.2111300e-01   3.2864456e+00   1.0000000e+00
   7.7000000e+01   0.0000000e+00   5.3228400e-01   8.2111300e-01   3.2864456e+00   0.0000000e+00
   7.8000000e+01   1.0000000e+00   8.3400400e-01   8.2111300e-01   3.2864456e+00   1.0000000e+00
   7.9000000e+01   0.0000000e+00   7.3787700e-01   8.2111300e-01   3.2864456e+00   0.0000000e+00
   8.0000000e+01   0.0000000e+00   4.5439100e-01   8.2111300e-01   3.2864456e+00   0.0000000e+00
   8.1000000e+01   0.0000000e+00   9.2618000e-01   8.2111300e-01   3.2864456e+00   0.0000000e+00
   8.2000000e+01   0.0000000e+00   8.4920300e-01   8.2111300e-01   3.2864456e+00   0.0000000e+00
   8.3000000e+01   1.0000000e+00   5.0577200e-01   8.2111300e-01   3.2864456e+00   0.0000000e+00
   8.4000000e+01   1.0000000e+00   4.6600800e-01   8.2111300e-01   3.2864456e+00   1.0000000e+00
   8.5000000e+01   0.0000000e+00   2.4104580e+00   8.2111300e-01   3.2864456e+00   1.0000000e+00
   8.6000000e+01   1.0000000e+00   2.0231080e+00   8.2111300e-01   3.2864456e+00   0.0000000e+00
   8.7000000e+01   1.0000000e+00   6.5890100e-01   8.2111300e-01   3.2864456e+00   0.0000000e+00
   8.8000000e+01   0.0000000e+00   5.1880000e-01   8.2111300e-01   3.2864456e+00   0.0000000e+00
   8.9000000e+01   0.0000000e+00   6.3012000e-01   8.2111300e-01   3.2864456e+00   0.0000000e+00
   9.0000000e+01   1.0000000e+00   6.1642800e-01   8.2111300e-01   3.2864456e+00   1.0000000e+00
   9.1000000e+01   0.0000000e+00   5.2547100e-01   8.2111300e-01   3.2864456e+00   1.0000000e+00
   9.2000000e+01   1.0000000e+00   1.2887220e+00   8.2111300e-01   3.2864456e+00   0.0000000e+00
   9.3000000e+01   0.0000000e+00   1.4690700e+00   8.2111300e-01   3.2864456e+00   0.0000000e+00
   9.4000000e+01   0.0000000e+00   4.5521700e-01   8.2111300e-01   3.2864456e+00   0.0000000e+00
   9.5000000e+01   1.0000000e+00   6.1063500e-01   8.2111300e-01   3.2864456e+00   1.0000000e+00
   9.6000000e+01   0.0000000e+00   4.4443900e-01   8.2111300e-01   3.2864456e+00   1.0000000e+00
   9.7000000e+01   0.0000000e+00   8.3866900e-01   8.2111300e-01   3.2864456e+00   1.0000000e+00
   9.8000000e+01   0.0000000e+00   6.2347600e-01   8.2111300e-01   3.2864456e+00   1.0000000e+00
   9.9000000e+01   0.0000000e+00   9.5928800e-01   8.2111300e-01   3.2864456e+00   0.0000000e+00
   1.0000000e+02   0.0000000e+00   4.6918300e-01   8.2111300e-01   3.2864456e+00   1.0000000e+00
   1.0100000e+02   0.0000000e+00   6.7247500e-01   8.2111300e-01   3.2864456e+00   1.0000000e+00
   1.0200000e+02   1.0000000e+00   5.0144800e-01   8.2111300e-01   3.2864456e+00   0.0000000e+00
   1.0300000e+02   0.0000000e+00   5.1513900e-01   8.2111300e-01   3.2864456e+00   1.0000000e+00
   1.0400000e+02   0.0000000e+00   4.6526300e-01   8.2111300e-01   3.2864456e+00   0.0000000e+00
   1.0500000e+02   0.0000000e+00   6.9350800e-01   8.2111300e-01   3.2864456e+00   1.0000000e+00
   1.0600000e+02   0.0000000e+00   5.4737100e-01   8.2111300e-01   3.2864456e+00   0.0000000e+00
   1.0700000e+02   0.0000000e+00   8.0267500e-01   8.2111300e-01   3.2864456e+00   1.0000000e+00
   1.0800000e+02   1.0000000e+00   9.7208200e-01   8.2111300e-01   3.2864456e+00   1.0000000e+00
   1.0900000e+02   0.0000000e+00   1.9379750e+00   8.2111300e-01   3.2864456e+00   1.0000000e+00
   1.1000000e+02   1.0000000e+00   4.7129300e-01   8.2111300e-01   3.2864456e+00   1.0000000e+00
   1.1100000e+02   0.0000000e+00   4.9448300e-01   8.2111300e-01   3.2864456e+00   1.0000000e+00
   1.1200000e+02   0.0000000e+00   1.0401050e+00   8.2111300e-01   3.2864456e+00   0.0000000e+00
   1.1300000e+02   0.0000000e+00   5.5236100e-01   8.2111300e-01   3.2864456e+00   0.0000000e+00
   1.1400000e+02   1.0000000e+00   4.8675400e-01   8.2111300e-01   3.2864456e+00   0.0000000e+00
   1.1500000e+02   0.0000000e+00   4.3510400e-01   8.2111300e-01   3.2864456e+00   0.0000000e+00
   1.1600000e+02   0.0000000e+00   2.4240330e+00   8.2111300e-01   3.2864456e+00   0.0000000e+00
   1.1700000e+02   1.0000000e+00   8.4535300e-01   8.2111300e-01   3.2864456e+00   1.0000000e+00
   1.1800000e+02   0.0000000e+00   1.0027420e+00   8.2111300e-01   3.2864456e+00   1.0000000e+00
   1.1900000e+02   0.0000000e+00   7.7456000e-01   8.2111300e-01   3.2864456e+00   1.0000000e+00
   1.2000000e+02   0.0000000e+00   8.1363600e-01   8.2111300e-01   3.2864456e+00   1.0000000e+00
   1.2100000e+02   1.0000000e+00   1.7661790e+00   8.2111300e-01   3.2864456e+00   0.0000000e+00
   1.2200000e+02   0.0000000e+00   7.4812400e-01   8.2111300e-01   3.2864456e+00   1.0000000e+00
   1.2300000e+02   0.0000000e+00   5.2805700e-01   8.2111300e-01   3.2864456e+00   0.0000000e+00
   1.2400000e+02   0.0000000e+00   7.3943900e-01   8.2111300e-01   3.2864456e+00   0.0000000e+00
   1.2500000e+02   1.0000000e+00   1.5261620e+00   8.2111300e-01   3.2864456e+00   0.0000000e+00
   1.2600000e+02   0.0000000e+00   7.7306400e-01   8.2111300e-01   3.2864456e+00   0.0000000e+00
   1.2700000e+02   1.0000000e+00   6.3559400e-01   8.2111300e-01   3.2864456e+00   1.0000000e+00
   1.2800000e+02   0.0000000e+00   1.4174550e+00   8.2111300e-01   3.2864456e+00   0.0000000e+00
   1.2900000e+02   0.0000000e+00   7.9067300e-01   8.2111300e-01   3.2864456e+00   1.0000000e+00
   1.3000000e+02   1.0000000e+00   1.6196670e+00   8.2111300e-01   3.2864456e+00   0.0000000e+00
   1.3100000e+02   0.0000000e+00   8.0754800e-01   8.2111300e-01   3.2864456e+00   0.0000000e+00
   1.3200000e+02   0.0000000e+00   5.6806800e-01   8.2111300e-01   3.2864456e+00   0.0000000e+00
   1.3300000e+02   1.0000000e+00   6.3835800e-01   8.2111300e-01   3.2864456e+00   1.0000000e+00
   1.3400000e+02   0.0000000e+00   1.2110020e+00   8.2111300e-01   3.2864456e+00   1.0000000e+00
   1.3500000e+02   1.0000000e+00   6.6418200e-01   8.2111300e-01   3.2864456e+00   1.0000000e+00
   1.3600000e+02   1.0000000e+00   7.5095300e-01   8.2111300e-01   3.2864456e+00   0.0000000e+00
