   1.0000000e+00   0.0000000e+00   2.2789450e+00   8.2089800e-01   2.6079787e+00   0.0000000e+00
   2.0000000e+00   0.0000000e+00   6.9882300e-01   8.2089800e-01   2.6079787e+00   1.0000000e+00
   3.0000000e+00   0.0000000e+00   9.6414300e-01   8.2089800e-01   2.6079787e+00   1.0000000e+00
   4.0000000e+00   1.0000000e+00   1.5116210e+00   8.2089800e-01   2.6079787e+00   0.0000000e+00
   5.0000000e+00   0.0000000e+00   1.4012660e+00   8.2089800e-01   2.6079787e+00   1.0000000e+00
   6.0000000e+00   1.0000000e+00   1.4099340e+00   8.2089800e-01   2.6079787e+00   1.0000000e+00
   7.0000000e+00   0.0000000e+00   6.8539200e-01   8.2089800e-01   2.6079787e+00   1.0000000e+00
   8.0000000e+00   1.0000000e+00   6.2565300e-01   8.2089800e-01   2.6079787e+00   0.0000000e+00
   9.0000000e+00   0.0000000e+00   7.4434000e-01   8.2089800e-01   2.6079787e+00   0.0000000e+00
   1.0000000e+01   1.0000000e+00   1.3406820e+00   8.2089800e-01   2.6079787e+00   1.0000000e+00
   1.1000000e+01   0.0000000e+00   6.8820300e-01   8.2089800e-01   2.6079787e+00   0.0000000e+00
   1.2000000e+01   1.0000000e+00   2.1132250e+00   8.2089800e-01   2.6079787e+00   1.0000000e+00
   1.3000000e+01   0.0000000e+00   6.9313900e-01   8.2089800e-01   2.6079787e+00   1.0000000e+00
   1.4000000e+01   0.0000000e+00   1.6496640e+00   8.2089800e-01   2.6079787e+00   0.0000000e+00
   1.5000000e+01   1.0000000e+00   1.8411660e+00   8.2089800e-01   2.6079787e+00   0.0000000e+00
   1.6000000e+01   0.0000000e+00   5.9755800e-01   8.2089800e-01   2.6079787e+00   0.0000000e+00
   1.7000000e+01   1.0000000e+00   4.8468900e-01   8.2089800e-01   2.6079787e+00   1.0000000e+00
   1.8000000e+01   0.0000000e+00   4.5266800e-01   8.2089800e-01   2.6079787e+00   0.0000000e+00
   1.9000000e+01   0.0000000e+00   1.1676050e+00   8.2089800e-01   2.6079787e+00   0.0000000e+00
   2.0000000e+01   0.0000000e+00   5.0773500e-01   8.2089800e-01   2.6079787e+00   1.0000000e+00
   2.1000000e+01   0.0000000e+00   7.4188300e-01   8.2089800e-01   2.6079787e+00   1.0000000e+00
   2.2000000e+01   1.0000000e+00   4.8990200e-01   8.2089800e-01   2.6079787e+00   0.0000000e+00
   2.3000000e+01   0.0000000e+00   5.2758300e-01   8.2089800e-01   2.6079787e+00   1.0000000e+00
   2.4000000e+01   1.0000000e+00   4.7266100e-01   8.2089800e-01   2.6079787e+00   1.0000000e+00
   2.5000000e+01   0.0000000e+00   1.3770260e+00   8.2089800e-01   2.6079787e+00   0.0000000e+00
   2.6000000e+01   0.0000000e+00   9.0533000e-01   8.2089800e-01   2.6079787e+00   0.0000000e+00
   2.7000000e+01   0.0000000e+00   9.0158000e-01   8.2089800e-01   2.6079787e+00   1.0000000e+00
   2.8000000e+01   1.0000000e+00   7.0791400e-01   8.2089800e-01   2.6079787e+00   0.0000000e+00
   2.9000000e+01   0.0000000e+00   9.0151600e-01   8.2089800e-01   2.6079787e+00   1.0000000e+00
   3.0000000e+01   1.0000000e+00   2.1852470e+00   8.2089800e-01   2.6079787e+00   0.0000000e+00
   3.1000000e+01   0.0000000e+00   4.5295200e-01   8.2089800e-01   2.6079787e+00   0.0000000e+00
   3.2000000e+01   0.0000000e+00   2.0531320e+00   8.2089800e-01   2.6079787e+00   1.0000000e+00
   3.3000000e+01   0.0000000e+00   8.5942100e-01   8.2089800e-01   2.6079787e+00   1.0000000e+00
   3.4000000e+01   0.0000000e+00   1.8995960e+00   8.2089800e-01   2.6079787e+00   0.0000000e+00
   3.5000000e+01   1.0000000e+00   6.2184200e-01   8.2089800e-01   2.6079787e+00   1.0000000e+00
   3.6000000e+01   0.0000000e+00   1.0710650e+00   8.2089800e-01   2.6079787e+00   1.0000000e+00
   3.7000000e+01   0.0000000e+00   8.6618300e-01   8.2089800e-01   2.6079787e+00   0.0000000e+00
   3.8000000e+01   1.0000000e+00   4.7893700e-01   8.2089800e-01   2.6079787e+00   0.0000000e+00
   3.9000000e+01   1.0000000e+00   1.1895090e+00   8.2089800e-01   2.6079787e+00   1.0000000e+00
   4.0000000e+01   0.0000000e+00   7.2218200e-01   8.2089800e-01   2.6079787e+00   1.0000000e+00
   4.1000000e+01   0.0000000e+00   9.4653100e-01   8.2089800e-01   2.6079787e+00   1.0000000e+00
   4.2000000e+01   0.0000000e+00   6.9955500e-01   8.2089800e-01   2.6079787e+00   0.0000000e+00
   4.3000000e+01   0.0000000e+00   1.7286430e+00   8.2089800e-01   2.6079787e+00   1.0000000e+00
   4.4000000e+01   1.0000000e+00   5.6069400e-01   8.2089800e-01   2.6079787e+00   1.0000000e+00
   4.5000000e+01   0.0000000e+00   1.0524180e+00   8.2089800e-01   2.6079787e+00   0.0000000e+00
   4.6000000e+01   0.0000000e+00   9.4472400e-01   8.2089800e-01   2.6079787e+00   0.0000000e+00
   4.7000000e+01   0.0000000e+00   5.0925500e-01   8.2089800e-01   2.6079787e+00   0.0000000e+00
   4.8000000e+01   1.0000000e+00   5.0971200e-01   8.2089800e-01   2.6079787e+00   0.0000000e+00
   4.9000000e+01   0.0000000e+00   6.1210300e-01   8.2089800e-01   2.6079787e+00   0.0000000e+00
   5.0000000e+01   0.0000000e+00   1.3926540e+00   8.2089800e-01   2.6079787e+00   0.0000000e+00
   5.1000000e+01   0.0000000e+00   4.7152600e-01   8.2089800e-01   2.6079787e+00   1.0000000e+00
   5.2000000e+01   0.0000000e+00   7.5466300e-01   8.2089800e-01   2.6079787e+00   0.0000000e+00
   5.3000000e+01   1.0000000e+00   6.2010500e-01   8.2089800e-01   2.6079787e+00   1.0000000e+00
   5.4000000e+01   0.0000000e+00   7.2201000e-01   8.2089800e-01   2.6079787e+00   0.0000000e+00
   5.5000000e+01   1.0000000e+00   9.9921400e-01   8.2089800e-01   2.6079787e+00   0.0000000e+00
   5.6000000e+01   0.0000000e+00   5.2685200e-01   8.2089800e-01   2.6079787e+00   0.0000000e+00
   5.7000000e+01   1.0000000e+00   1.7494660e+00   8.2089800e-01   2.6079787e+00   0.0000000e+00
   5.8000000e+01   0.0000000e+00   1.3377800e+00   8.2089800e-01   2.6079787e+00   0.0000000e+00
   5.9000000e+01   0.0000000e+00   8.1993100e-01   8.2089800e-01   2.6079787e+00   1.0000000e+00
   6.0000000e+01   1.0000000e+00   8.1145000e-01   8.2089800e-01   2.6079787e+00   1.0000000e+00
   6.1000000e+01   0.0000000e+00   6.9087200e-01   8.2089800e-01   2.6079787e+00   1.0000000e+00
   6.2000000e+01   0.0000000e+00   8.6393300e-01   8.2089800e-01   2.6079787e+00   1.0000000e+00
   6.3000000e+01   1.0000000e+00   7.4436300e-01   8.2089800e-01   2.6079787e+00   1.0000000e+00
   6.4000000e+01   1.0000000e+00   1.0511780e+00   8.2089800e-01   2.6079787e+00   0.0000000e+00
   6.5000000e+01   0.0000000e+00   9.4243800e-01   8.2089800e-01   2.6079787e+00   0.0000000e+00
   6.6000000e+01   0.0000000e+00   8.3924000e-01   8.2089800e-01   2.6079787e+00   1.0000000e+00
   6.7000000e+01   0.0000000e+00   9.9497100e-01   8.2089800e-01   2.6079787e+00   1.0000000e+00
   6.8000000e+01   0.0000000e+00   8.3230900e-01   8.2089800e-01   2.6079787e+00   1.0000000e+00
   6.9000000e+01   0.0000000e+00   6.7783000e-01   8.2089800e-01   2.6079787e+00   1.0000000e+00
   7.0000000e+01   1.0000000e+00   1.2702000e+00   8.2089800e-01   2.6079787e+00   1.0000000e+00
   7.1000000e+01   0.0000000e+00   1.0619000e+00   8.2089800e-01   2.6079787e+00   0.0000000e+00
   7.2000000e+01   0.0000000e+00   1.9097930e+00   8.2089800e-01   2.6079787e+00   0.0000000e+00
   7.3000000e+01   0.0000000e+00   6.2251900e-01   8.2089800e-01   2.6079787e+00   0.0000000e+00
   7.4000000e+01   1.0000000e+00   5.1961800e-01   8.2089800e-01   2.6079787e+00   0.0000000e+00
   7.5000000e+01   0.0000000e+00   6.8709200e-01   8.2089800e-01   2.6079787e+00   1.0000000e+00
   7.6000000e+01   0.0000000e+00   6.9234900e-01   8.2089800e-01   2.6079787e+00   0.0000000e+00
   7.7000000e+01   0.0000000e+00   4.4104400e-01   8.2089800e-01   2.6079787e+00   1.0000000e+00
   7.8000000e+01   1.0000000e+00   6.4489400e-01   8.2089800e-01   2.6079787e+00   0.0000000e+00
   7.9000000e+01   0.0000000e+00   5.7034000e-01   8.2089800e-01   2.6079787e+00   1.0000000e+00
   8.0000000e+01   1.0000000e+00   1.5814870e+00   8.2089800e-01   2.6079787e+00   1.0000000e+00
   8.1000000e+01   0.0000000e+00   1.3804830e+00   8.2089800e-01   2.6079787e+00   0.0000000e+00
   8.2000000e+01   1.0000000e+00   1.6328090e+00   8.2089800e-01   2.6079787e+00   0.0000000e+00
   8.3000000e+01   0.0000000e+00   1.4148840e+00   8.2089800e-01   2.6079787e+00   0.0000000e+00
   8.4000000e+01   0.0000000e+00   8.1326500e-01   8.2089800e-01   2.6079787e+00   1.0000000e+00
   8.5000000e+01   0.0000000e+00   6.1309500e-01   8.2089800e-01   2.6079787e+00   1.0000000e+00
   8.6000000e+01   0.0000000e+00   5.0145500e-01   8.2089800e-01   2.6079787e+00   1.0000000e+00
   8.7000000e+01   1.0000000e+00   2.4897150e+00   8.2089800e-01   2.6079787e+00   1.0000000e+00
   8.8000000e+01   0.0000000e+00   7.9594000e-01   8.2089800e-01   2.6079787e+00   0.0000000e+00
   8.9000000e+01   1.0000000e+00   4.9650100e-01   8.2089800e-01   2.6079787e+00   0.0000000e+00
   9.0000000e+01   0.0000000e+00   5.7999200e-01   8.2089800e-01   2.6079787e+00   0.0000000e+00
   9.1000000e+01   0.0000000e+00   5.9405600e-01   8.2089800e-01   2.6079787e+00   1.0000000e+00
   9.2000000e+01   0.0000000e+00   9.8131800e-01   8.2089800e-01   2.6079787e+00   1.0000000e+00
   9.3000000e+01   0.0000000e+00   2.3523230e+00   8.2089800e-01   2.6079787e+00   1.0000000e+00
   9.4000000e+01   0.0000000e+00   7.0165800e-01   8.2089800e-01   2.6079787e+00   1.0000000e+00
   9.5000000e+01   0.0000000e+00   6.1280300e-01   8.2089800e-01   2.6079787e+00   0.0000000e+00
   9.6000000e+01   0.0000000e+00   6.1620300e-01   8.2089800e-01   2.6079787e+00   1.0000000e+00
   9.7000000e+01   0.0000000e+00   1.0260520e+00   8.2089800e-01   2.6079787e+00   0.0000000e+00
   9.8000000e+01   1.0000000e+00   5.2082100e-01   8.2089800e-01   2.6079787e+00   1.0000000e+00
   9.9000000e+01   1.0000000e+00   7.2643200e-01   8.2089800e-01   2.6079787e+00   1.0000000e+00
   1.0000000e+02   0.0000000e+00   1.2217000e+00   8.2089800e-01   2.6079787e+00   0.0000000e+00
   1.0100000e+02   0.0000000e+00   1.0927870e+00   8.2089800e-01   2.6079787e+00   0.0000000e+00
   1.0200000e+02   0.0000000e+00   6.0120100e-01   8.2089800e-01   2.6079787e+00   0.0000000e+00
   1.0300000e+02   1.0000000e+00   5.1689900e-01   8.2089800e-01   2.6079787e+00   0.0000000e+00
   1.0400000e+02   0.0000000e+00   4.4244100e-01   8.2089800e-01   2.6079787e+00   1.0000000e+00
   1.0500000e+02   1.0000000e+00   8.2824400e-01   8.2089800e-01   2.6079787e+00   1.0000000e+00
   1.0600000e+02   0.0000000e+00   5.6981800e-01   8.2089800e-01   2.6079787e+00   1.0000000e+00
   1.0700000e+02   0.0000000e+00   5.2136600e-01   8.2089800e-01   2.6079787e+00   1.0000000e+00
   1.0800000e+02   0.0000000e+00   5.7008500e-01   8.2089800e-01   2.6079787e+00   1.0000000e+00
   1.0900000e+02   0.0000000e+00   5.2889000e-01   8.2089800e-01   2.6079787e+00   1.0000000e+00
   1.1000000e+02   0.0000000e+00   1.1808740e+00   8.2089800e-01   2.6079787e+00   0.0000000e+00
   1.1100000e+02   0.0000000e+00   9.6274800e-01   8.2089800e-01   2.6079787e+00   0.0000000e+00
   1.1200000e+02   1.0000000e+00   6.0760400e-01   8.2089800e-01   2.6079787e+00   0.0000000e+00
   1.1300000e+02   0.0000000e+00   4.9489500e-01   8.2089800e-01   2.6079787e+00   1.0000000e+00
   1.1400000e+02   0.0000000e+00   1.0137070e+00   8.2089800e-01   2.6079787e+00   1.0000000e+00
   1.1500000e+02   1.0000000e+00   2.1805230e+00   8.2089800e-01   2.6079787e+00   0.0000000e+00
   1.1600000e+02   0.0000000e+00   6.4808100e-01   8.2089800e-01   2.6079787e+00   1.0000000e+00
   1.1700000e+02   1.0000000e+00   8.8026400e-01   8.2089800e-01   2.6079787e+00   1.0000000e+00
   1.1800000e+02   0.0000000e+00   9.1459700e-01   8.2089800e-01   2.6079787e+00   0.0000000e+00
   1.1900000e+02   0.0000000e+00   9.8092500e-01   8.2089800e-01   2.6079787e+00   1.0000000e+00
   1.2000000e+02   1.0000000e+00   8.7104600e-01   8.2089800e-01   2.6079787e+00   0.0000000e+00
   1.2100000e+02   0.0000000e+00   7.5146000e-01   8.2089800e-01   2.6079787e+00   0.0000000e+00
   1.2200000e+02   0.0000000e+00   6.8004100e-01   8.2089800e-01   2.6079787e+00   0.0000000e+00
   1.2300000e+02   0.0000000e+00   5.2283300e-01   8.2089800e-01   2.6079787e+00   0.0000000e+00
   1.2400000e+02   0.0000000e+00   4.9367000e-01   8.2089800e-01   2.6079787e+00   0.0000000e+00
   1.2500000e+02   1.0000000e+00   6.7240200e-01   8.2089800e-01   2.6079787e+00   1.0000000e+00
   1.2600000e+02   0.0000000e+00   7.1522800e-01   8.2089800e-01   2.6079787e+00   1.0000000e+00
   1.2700000e+02   0.0000000e+00   1.4665980e+00   8.2089800e-01   2.6079787e+00   0.0000000e+00
   1.2800000e+02   0.0000000e+00   9.2296600e-01   8.2089800e-01   2.6079787e+00   1.0000000e+00
   1.2900000e+02   1.0000000e+00   6.1102600e-01   8.2089800e-01   2.6079787e+00   1.0000000e+00
   1.3000000e+02   0.0000000e+00   1.5500820e+00   8.2089800e-01   2.6079787e+00   1.0000000e+00
   1.3100000e+02   0.0000000e+00   4.3576500e-01   8.2089800e-01   2.6079787e+00   0.0000000e+00
   1.3200000e+02   1.0000000e+00   1.4947620e+00   8.2089800e-01   2.6079787e+00   0.0000000e+00
   1.3300000e+02   0.0000000e+00   8.2952600e-01   8.2089800e-01   2.6079787e+00   1.0000000e+00
   1.3400000e+02   0.0000000e+00   1.0876100e+00   8.2089800e-01   2.6079787e+00   0.0000000e+00
   1.3500000e+02   0.0000000e+00   6.0209000e-01   8.2089800e-01   2.6079787e+00   0.0000000e+00
   1.3600000e+02   0.0000000e+00   1.1558720e+00   8.2089800e-01   2.6079787e+00   0.0000000e+00
