   1.0000000e+00   0.0000000e+00   2.1198840e+00   8.3075100e-01   3.4768932e+00   1.0000000e+00
   2.0000000e+00   0.0000000e+00   6.4750900e-01   8.3075100e-01   3.4768932e+00   1.0000000e+00
   3.0000000e+00   1.0000000e+00   4.8847000e-01   8.3075100e-01   3.4768932e+00   1.0000000e+00
   4.0000000e+00   0.0000000e+00   9.0480900e-01   8.3075100e-01   3.4768932e+00   1.0000000e+00
   5.0000000e+00   1.0000000e+00   4.9989100e-01   8.3075100e-01   3.4768932e+00   0.0000000e+00
   6.0000000e+00   0.0000000e+00   7.8566800e-01   8.3075100e-01   3.4768932e+00   0.0000000e+00
   7.0000000e+00   0.0000000e+00   1.3510180e+00   8.3075100e-01   3.4768932e+00   0.0000000e+00
   8.0000000e+00   0.0000000e+00   9.3932100e-01   8.3075100e-01   3.4768932e+00   1.0000000e+00
   9.0000000e+00   0.0000000e+00   5.0531400e-01   8.3075100e-01   3.4768932e+00   0.0000000e+00
   1.0000000e+01   1.0000000e+00   5.6491600e-01   8.3075100e-01   3.4768932e+00   1.0000000e+00
   1.1000000e+01   0.0000000e+00   1.8001280e+00   8.3075100e-01   3.4768932e+00   1.0000000e+00
   1.2000000e+01   0.0000000e+00   9.3305400e-01   8.3075100e-01   3.4768932e+00   1.0000000e+00
   1.3000000e+01   0.0000000e+00   5.1058300e-01   8.3075100e-01   3.4768932e+00   0.0000000e+00
   1.4000000e+01   0.0000000e+00   9.1784200e-01   8.3075100e-01   3.4768932e+00   0.0000000e+00
   1.5000000e+01   1.0000000e+00   6.9896300e-01   8.3075100e-01   3.4768932e+00   0.0000000e+00
   1.6000000e+01   0.0000000e+00   6.3535300e-01   8.3075100e-01   3.4768932e+00   0.0000000e+00
   1.7000000e+01   0.0000000e+00   7.1515800e-01   8.3075100e-01   3.4768932e+00   0.0000000e+00
   1.8000000e+01   1.0000000e+00   9.9872000e-01   8.3075100e-01   3.4768932e+00   0.0000000e+00
   1.9000000e+01   0.0000000e+00   5.6423200e-01   8.3075100e-01   3.4768932e+00   0.0000000e+00
   2.0000000e+01   0.0000000e+00   4.9024400e-01   8.3075100e-01   3.4768932e+00   0.0000000e+00
   2.1000000e+01   0.0000000e+00   1.0114410e+00   8.3075100e-01   3.4768932e+00   1.0000000e+00
   2.2000000e+01   1.0000000e+00   6.5789200e-01   8.3075100e-01   3.4768932e+00   1.0000000e+00
   2.3000000e+01   0.0000000e+00   1.0075840e+00   8.3075100e-01   3.4768932e+00   1.0000000e+00
   2.4000000e+01   0.0000000e+00   9.4502900e-01   8.3075100e-01   3.4768932e+00   1.0000000e+00
   2.5000000e+01   0.0000000e+00   6.6832000e-01   8.3075100e-01   3.4768932e+00   1.0000000e+00
   2.6000000e+01   0.0000000e+00   8.1727200e-01   8.3075100e-01   3.4768932e+00   1.0000000e+00
   2.7000000e+01   1.0000000e+00   4.3649200e-01   8.3075100e-01   3.4768932e+00   0.0000000e+00
   2.8000000e+01   0.0000000e+00   8.0213200e-01   8.3075100e-01   3.4768932e+00   1.0000000e+00
   2.9000000e+01   1.0000000e+00   8.1912600e-01   8.3075100e-01   3.4768932e+00   1.0000000e+00
   3.0000000e+01   0.0000000e+00   7.4664300e-01   8.3075100e-01   3.4768932e+00   0.0000000e+00
   3.1000000e+01   0.0000000e+00   2.0173190e+00   8.3075100e-01   3.4768932e+00   1.0000000e+00
   3.2000000e+01   0.0000000e+00   5.1369500e-01   8.3075100e-01   3.4768932e+00   0.0000000e+00
   3.3000000e+01   0.0000000e+00   1.0092720e+00   8.3075100e-01   3.4768932e+00   0.0000000e+00
   3.4000000e+01   1.0000000e+00   5.8745800e-01   8.3075100e-01   3.4768932e+00   0.0000000e+00
   3.5000000e+01   0.0000000e+00   4.6779500e-01   8.3075100e-01   3.4768932e+00   1.0000000e+00
   3.6000000e+01   1.0000000e+00   6.2889900e-01   8.3075100e-01   3.4768932e+00   1.0000000e+00
   3.7000000e+01   0.0000000e+00   6.6381900e-01   8.3075100e-01   3.4768932e+00   1.0000000e+00
   3.8000000e+01   0.0000000e+00   1.2438140e+00   8.3075100e-01   3.4768932e+00   0.0000000e+00
   3.9000000e+01   0.0000000e+00   8.1087500e-01   8.3075100e-01   3.4768932e+00   0.0000000e+00
   4.0000000e+01   0.0000000e+00   6.1226700e-01   8.3075100e-01   3.4768932e+00   0.0000000e+00
   4.1000000e+01   0.0000000e+00   7.2332400e-01   8.3075100e-01   3.4768932e+00   0.0000000e+00
   4.2000000e+01   1.0000000e+00   7.1937700e-01   8.3075100e-01   3.4768932e+00   1.0000000e+00
   4.3000000e+01   0.0000000e+00   9.3690400e-01   8.3075100e-01   3.4768932e+00   1.0000000e+00
   4.4000000e+01   0.0000000e+00   6.0966500e-01   8.3075100e-01   3.4768932e+00   1.0000000e+00
   4.5000000e+01   0.0000000e+00   1.3021620e+00   8.3075100e-01   3.4768932e+00   1.0000000e+00
   4.6000000e+01   0.0000000e+00   9.0440000e-01   8.3075100e-01   3.4768932e+00   0.0000000e+00
   4.7000000e+01   1.0000000e+00   5.0089900e-01   8.3075100e-01   3.4768932e+00   0.0000000e+00
   4.8000000e+01   0.0000000e+00   4.6130200e-01   8.3075100e-01   3.4768932e+00   1.0000000e+00
   4.9000000e+01   0.0000000e+00   1.4472530e+00   8.3075100e-01   3.4768932e+00   0.0000000e+00
   5.0000000e+01   0.0000000e+00   1.4206910e+00   8.3075100e-01   3.4768932e+00   0.0000000e+00
   5.1000000e+01   1.0000000e+00   1.0017270e+00   8.3075100e-01   3.4768932e+00   1.0000000e+00
   5.2000000e+01   0.0000000e+00   1.4146990e+00   8.3075100e-01   3.4768932e+00   0.0000000e+00
   5.3000000e+01   1.0000000e+00   5.7322800e-01   8.3075100e-01   3.4768932e+00   0.0000000e+00
   5.4000000e+01   0.0000000e+00   1.0290510e+00   8.3075100e-01   3.4768932e+00   1.0000000e+00
   5.5000000e+01   1.0000000e+00   7.3285000e-01   8.3075100e-01   3.4768932e+00   0.0000000e+00
   5.6000000e+01   0.0000000e+00   1.1009390e+00   8.3075100e-01   3.4768932e+00   0.0000000e+00
   5.7000000e+01   0.0000000e+00   5.3668800e-01   8.3075100e-01   3.4768932e+00   0.0000000e+00
   5.8000000e+01   0.0000000e+00   8.8318200e-01   8.3075100e-01   3.4768932e+00   1.0000000e+00
   5.9000000e+01   1.0000000e+00   1.6405140e+00   8.3075100e-01   3.4768932e+00   1.0000000e+00
   6.0000000e+01   1.0000000e+00   5.9484200e-01   8.3075100e-01   3.4768932e+00   0.0000000e+00
   6.1000000e+01   0.0000000e+00   7.3876200e-01   8.3075100e-01   3.4768932e+00   1.0000000e+00
   6.2000000e+01   0.0000000e+00   6.2200000e-01   8.3075100e-01   3.4768932e+00   0.0000000e+00
   6.3000000e+01   1.0000000e+00   1.1320020e+00   8.3075100e-01   3.4768932e+00   1.0000000e+00
   6.4000000e+01   0.0000000e+00   1.1362570e+00   8.3075100e-01   3.4768932e+00   0.0000000e+00
   6.5000000e+01   1.0000000e+00   7.5616700e-01   8.3075100e-01   3.4768932e+00   1.0000000e+00
   6.6000000e+01   0.0000000e+00   6.7329700e-01   8.3075100e-01   3.4768932e+00   1.0000000e+00
   6.7000000e+01   1.0000000e+00   5.1352500e-01   8.3075100e-01   3.4768932e+00   0.0000000e+00
   6.8000000e+01   0.0000000e+00   1.2090540e+00   8.3075100e-01   3.4768932e+00   1.0000000e+00
   6.9000000e+01   0.0000000e+00   7.5799000e-01   8.3075100e-01   3.4768932e+00   1.0000000e+00
   7.0000000e+01   1.0000000e+00   5.1463000e-01   8.3075100e-01   3.4768932e+00   0.0000000e+00
   7.1000000e+01   0.0000000e+00   1.3566920e+00   8.3075100e-01   3.4768932e+00   0.0000000e+00
   7.2000000e+01   0.0000000e+00   1.1192190e+00   8.3075100e-01   3.4768932e+00   0.0000000e+00
   7.3000000e+01   1.0000000e+00   4.8271500e-01   8.3075100e-01   3.4768932e+00   1.0000000e+00
   7.4000000e+01   0.0000000e+00   5.2930700e-01   8.3075100e-01   3.4768932e+00   0.0000000e+00
   7.5000000e+01   1.0000000e+00   2.9916060e+00   8.3075100e-01   3.4768932e+00   0.0000000e+00
   7.6000000e+01   0.0000000e+00   1.8811130e+00   8.3075100e-01   3.4768932e+00   1.0000000e+00
   7.7000000e+01   0.0000000e+00   5.0517000e-01   8.3075100e-01   3.4768932e+00   1.0000000e+00
   7.8000000e+01   0.0000000e+00   6.1498200e-01   8.3075100e-01   3.4768932e+00   0.0000000e+00
   7.9000000e+01   0.0000000e+00   1.3964190e+00   8.3075100e-01   3.4768932e+00   1.0000000e+00
   8.0000000e+01   0.0000000e+00   7.3873900e-01   8.3075100e-01   3.4768932e+00   0.0000000e+00
   8.1000000e+01   0.0000000e+00   5.0883900e-01   8.3075100e-01   3.4768932e+00   0.0000000e+00
   8.2000000e+01   1.0000000e+00   1.0470920e+00   8.3075100e-01   3.4768932e+00   1.0000000e+00
   8.3000000e+01   1.0000000e+00   1.3478090e+00   8.3075100e-01   3.4768932e+00   1.0000000e+00
   8.4000000e+01   0.0000000e+00   7.5620900e-01   8.3075100e-01   3.4768932e+00   0.0000000e+00
   8.5000000e+01   1.0000000e+00   4.6335400e-01   8.3075100e-01   3.4768932e+00   0.0000000e+00
   8.6000000e+01   0.0000000e+00   5.0766000e-01   8.3075100e-01   3.4768932e+00   0.0000000e+00
   8.7000000e+01   1.0000000e+00   6.2423900e-01   8.3075100e-01   3.4768932e+00   1.0000000e+00
   8.8000000e+01   0.0000000e+00   7.7492500e-01   8.3075100e-01   3.4768932e+00   1.0000000e+00
   8.9000000e+01   1.0000000e+00   2.1512950e+00   8.3075100e-01   3.4768932e+00   0.0000000e+00
   9.0000000e+01   0.0000000e+00   6.2371500e-01   8.3075100e-01   3.4768932e+00   1.0000000e+00
   9.1000000e+01   0.0000000e+00   9.4642100e-01   8.3075100e-01   3.4768932e+00   1.0000000e+00
   9.2000000e+01   0.0000000e+00   1.1629250e+00   8.3075100e-01   3.4768932e+00   0.0000000e+00
   9.3000000e+01   0.0000000e+00   1.1880890e+00   8.3075100e-01   3.4768932e+00   1.0000000e+00
   9.4000000e+01   0.0000000e+00   2.1281570e+00   8.3075100e-01   3.4768932e+00   1.0000000e+00
   9.5000000e+01   0.0000000e+00   2.0721920e+00   8.3075100e-01   3.4768932e+00   0.0000000e+00
   9.6000000e+01   1.0000000e+00   7.7276800e-01   8.3075100e-01   3.4768932e+00   1.0000000e+00
   9.7000000e+01   0.0000000e+00   1.3115840e+00   8.3075100e-01   3.4768932e+00   0.0000000e+00
   9.8000000e+01   1.0000000e+00   6.3588700e-01   8.3075100e-01   3.4768932e+00   0.0000000e+00
   9.9000000e+01   0.0000000e+00   5.8392200e-01   8.3075100e-01   3.4768932e+00   1.0000000e+00
   1.0000000e+02   0.0000000e+00   6.3474700e-01   8.3075100e-01   3.4768932e+00   1.0000000e+00
   1.0100000e+02   0.0000000e+00   4.5987300e-01   8.3075100e-01   3.4768932e+00   0.0000000e+00
   1.0200000e+02   0.0000000e+00   6.2845300e-01   8.3075100e-01   3.4768932e+00   1.0000000e+00
   1.0300000e+02   1.0000000e+00   5.0789600e-01   8.3075100e-01   3.4768932e+00   0.0000000e+00
   1.0400000e+02   0.0000000e+00   6.7784600e-01   8.3075100e-01   3.4768932e+00   0.0000000e+00
   1.0500000e+02   1.0000000e+00   6.4669500e-01   8.3075100e-01   3.4768932e+00   1.0000000e+00
   1.0600000e+02   0.0000000e+00   5.7335800e-01   8.3075100e-01   3.4768932e+00   0.0000000e+00
   1.0700000e+02   0.0000000e+00   8.3867800e-01   8.3075100e-01   3.4768932e+00   1.0000000e+00
   1.0800000e+02   0.0000000e+00   4.8295800e-01   8.3075100e-01   3.4768932e+00   0.0000000e+00
   1.0900000e+02   0.0000000e+00   1.6142560e+00   8.3075100e-01   3.4768932e+00   1.0000000e+00
   1.1000000e+02   1.0000000e+00   1.2148510e+00   8.3075100e-01   3.4768932e+00   0.0000000e+00
   1.1100000e+02   0.0000000e+00   8.5161100e-01   8.3075100e-01   3.4768932e+00   1.0000000e+00
   1.1200000e+02   0.0000000e+00   6.1381800e-01   8.3075100e-01   3.4768932e+00   0.0000000e+00
   1.1300000e+02   1.0000000e+00   5.3675100e-01   8.3075100e-01   3.4768932e+00   1.0000000e+00
   1.1400000e+02   1.0000000e+00   5.8581800e-01   8.3075100e-01   3.4768932e+00   1.0000000e+00
   1.1500000e+02   0.0000000e+00   4.9742200e-01   8.3075100e-01   3.4768932e+00   1.0000000e+00
   1.1600000e+02   0.0000000e+00   8.6710300e-01   8.3075100e-01   3.4768932e+00   1.0000000e+00
   1.1700000e+02   0.0000000e+00   1.9997590e+00   8.3075100e-01   3.4768932e+00   0.0000000e+00
   1.1800000e+02   1.0000000e+00   2.1123180e+00   8.3075100e-01   3.4768932e+00   0.0000000e+00
   1.1900000e+02   0.0000000e+00   6.1515800e-01   8.3075100e-01   3.4768932e+00   0.0000000e+00
   1.2000000e+02   0.0000000e+00   1.0276730e+00   8.3075100e-01   3.4768932e+00   1.0000000e+00
   1.2100000e+02   0.0000000e+00   2.8843850e+00   8.3075100e-01   3.4768932e+00   1.0000000e+00
   1.2200000e+02   0.0000000e+00   1.1190470e+00   8.3075100e-01   3.4768932e+00   1.0000000e+00
   1.2300000e+02   0.0000000e+00   1.0901850e+00   8.3075100e-01   3.4768932e+00   0.0000000e+00
   1.2400000e+02   0.0000000e+00   1.1128350e+00   8.3075100e-01   3.4768932e+00   1.0000000e+00
   1.2500000e+02   0.0000000e+00   5.9388000e-01   8.3075100e-01   3.4768932e+00   0.0000000e+00
   1.2600000e+02   0.0000000e+00   1.0383720e+00   8.3075100e-01   3.4768932e+00   1.0000000e+00
   1.2700000e+02   0.0000000e+00   1.2501440e+00   8.3075100e-01   3.4768932e+00   0.0000000e+00
   1.2800000e+02   1.0000000e+00   1.3105340e+00   8.3075100e-01   3.4768932e+00   1.0000000e+00
   1.2900000e+02   0.0000000e+00   2.8364540e+00   8.3075100e-01   3.4768932e+00   1.0000000e+00
   1.3000000e+02   1.0000000e+00   8.3675400e-01   8.3075100e-01   3.4768932e+00   0.0000000e+00
   1.3100000e+02   0.0000000e+00   7.8344200e-01   8.3075100e-01   3.4768932e+00   0.0000000e+00
   1.3200000e+02   0.0000000e+00   6.8926700e-01   8.3075100e-01   3.4768932e+00   1.0000000e+00
   1.3300000e+02   0.0000000e+00   7.9989700e-01   8.3075100e-01   3.4768932e+00   0.0000000e+00
   1.3400000e+02   0.0000000e+00   4.8133000e-01   8.3075100e-01   3.4768932e+00   0.0000000e+00
   1.3500000e+02   1.0000000e+00   5.0131600e-01   8.3075100e-01   3.4768932e+00   0.0000000e+00
   1.3600000e+02   1.0000000e+00   4.9646800e-01   8.3075100e-01   3.4768932e+00   1.0000000e+00
