   1.0000000e+00   0.0000000e+00   1.4306200e+00   8.2704400e-01   2.7052345e+00   1.0000000e+00
   2.0000000e+00   0.0000000e+00   7.5036500e-01   8.2704400e-01   2.7052345e+00   1.0000000e+00
   3.0000000e+00   1.0000000e+00   3.0927950e+00   8.2704400e-01   2.7052345e+00   0.0000000e+00
   4.0000000e+00   0.0000000e+00   8.8778400e-01   8.2704400e-01   2.7052345e+00   0.0000000e+00
   5.0000000e+00   0.0000000e+00   8.6059500e-01   8.2704400e-01   2.7052345e+00   1.0000000e+00
   6.0000000e+00   1.0000000e+00   5.3811200e-01   8.2704400e-01   2.7052345e+00   1.0000000e+00
   7.0000000e+00   0.0000000e+00   7.8818100e-01   8.2704400e-01   2.7052345e+00   1.0000000e+00
   8.0000000e+00   0.0000000e+00   7.5857400e-01   8.2704400e-01   2.7052345e+00   0.0000000e+00
   9.0000000e+00   0.0000000e+00   1.1707030e+00   8.2704400e-01   2.7052345e+00   0.0000000e+00
   1.0000000e+01   0.0000000e+00   5.9276800e-01   8.2704400e-01   2.7052345e+00   0.0000000e+00
   1.1000000e+01   1.0000000e+00   1.7930260e+00   8.2704400e-01   2.7052345e+00   0.0000000e+00
   1.2000000e+01   0.0000000e+00   5.6835800e-01   8.2704400e-01   2.7052345e+00   1.0000000e+00
   1.3000000e+01   0.0000000e+00   1.3459080e+00   8.2704400e-01   2.7052345e+00   1.0000000e+00
   1.4000000e+01   1.0000000e+00   8.4037100e-01   8.2704400e-01   2.7052345e+00   1.0000000e+00
   1.5000000e+01   0.0000000e+00   4.3620500e-01   8.2704400e-01   2.7052345e+00   0.0000000e+00
   1.6000000e+01   0.0000000e+00   7.2455900e-01   8.2704400e-01   2.7052345e+00   0.0000000e+00
   1.7000000e+01   0.0000000e+00   6.9302000e-01   8.2704400e-01   2.7052345e+00   0.0000000e+00
   1.8000000e+01   0.0000000e+00   7.0100400e-01   8.2704400e-01   2.7052345e+00   0.0000000e+00
   1.9000000e+01   1.0000000e+00   1.2990680e+00   8.2704400e-01   2.7052345e+00   1.0000000e+00
   2.0000000e+01   0.0000000e+00   6.3673000e-01   8.2704400e-01   2.7052345e+00   1.0000000e+00
   2.1000000e+01   0.0000000e+00   6.6463700e-01   8.2704400e-01   2.7052345e+00   0.0000000e+00
   2.2000000e+01   1.0000000e+00   4.7001900e-01   8.2704400e-01   2.7052345e+00   0.0000000e+00
   2.3000000e+01   0.0000000e+00   6.1293900e-01   8.2704400e-01   2.7052345e+00   0.0000000e+00
   2.4000000e+01   0.0000000e+00   1.4693590e+00   8.2704400e-01   2.7052345e+00   0.0000000e+00
   2.5000000e+01   1.0000000e+00   9.6284900e-01   8.2704400e-01   2.7052345e+00   1.0000000e+00
   2.6000000e+01   0.0000000e+00   7.2979600e-01   8.2704400e-01   2.7052345e+00   0.0000000e+00
   2.7000000e+01   1.0000000e+00   9.8490800e-01   8.2704400e-01   2.7052345e+00   0.0000000e+00
   2.8000000e+01   0.0000000e+00   4.4859900e-01   8.2704400e-01   2.7052345e+00   1.0000000e+00
   2.9000000e+01   0.0000000e+00   1.3020300e+00   8.2704400e-01   2.7052345e+00   0.0000000e+00
   3.0000000e+01   0.0000000e+00   6.9389000e-01   8.2704400e-01   2.7052345e+00   1.0000000e+00
   3.1000000e+01   0.0000000e+00   9.0608200e-01   8.2704400e-01   2.7052345e+00   1.0000000e+00
   3.2000000e+01   1.0000000e+00   1.6926920e+00   8.2704400e-01   2.7052345e+00   1.0000000e+00
   3.3000000e+01   0.0000000e+00   7.2709000e-01   8.2704400e-01   2.7052345e+00   1.0000000e+00
   3.4000000e+01   0.0000000e+00   4.5196900e-01   8.2704400e-01   2.7052345e+00   1.0000000e+00
   3.5000000e+01   0.0000000e+00   1.5083690e+00   8.2704400e-01   2.7052345e+00   0.0000000e+00
   3.6000000e+01   0.0000000e+00   1.1566220e+00   8.2704400e-01   2.7052345e+00   1.0000000e+00
   3.7000000e+01   0.0000000e+00   8.0642400e-01   8.2704400e-01   2.7052345e+00   0.0000000e+00
   3.8000000e+01   1.0000000e+00   1.4269520e+00   8.2704400e-01   2.7052345e+00   0.0000000e+00
   3.9000000e+01   0.0000000e+00   7.1482500e-01   8.2704400e-01   2.7052345e+00   1.0000000e+00
   4.0000000e+01   0.0000000e+00   9.9364500e-01   8.2704400e-01   2.7052345e+00   0.0000000e+00
   4.1000000e+01   1.0000000e+00   1.2244810e+00   8.2704400e-01   2.7052345e+00   0.0000000e+00
   4.2000000e+01   0.0000000e+00   4.8319300e-01   8.2704400e-01   2.7052345e+00   1.0000000e+00
   4.3000000e+01   1.0000000e+00   7.9700700e-01   8.2704400e-01   2.7052345e+00   1.0000000e+00
   4.4000000e+01   0.0000000e+00   5.4230300e-01   8.2704400e-01   2.7052345e+00   1.0000000e+00
   4.5000000e+01   0.0000000e+00   1.5482630e+00   8.2704400e-01   2.7052345e+00   1.0000000e+00
   4.6000000e+01   0.0000000e+00   5.2721700e-01   8.2704400e-01   2.7052345e+00   0.0000000e+00
   4.7000000e+01   0.0000000e+00   1.5054230e+00   8.2704400e-01   2.7052345e+00   0.0000000e+00
   4.8000000e+01   0.0000000e+00   6.8922700e-01   8.2704400e-01   2.7052345e+00   0.0000000e+00
   4.9000000e+01   1.0000000e+00   4.9439500e-01   8.2704400e-01   2.7052345e+00   0.0000000e+00
   5.0000000e+01   0.0000000e+00   6.2574100e-01   8.2704400e-01   2.7052345e+00   0.0000000e+00
   5.1000000e+01   1.0000000e+00   5.3152200e-01   8.2704400e-01   2.7052345e+00   1.0000000e+00
   5.2000000e+01   0.0000000e+00   8.8293300e-01   8.2704400e-01   2.7052345e+00   0.0000000e+00
   5.3000000e+01   0.0000000e+00   6.3778300e-01   8.2704400e-01   2.7052345e+00   0.0000000e+00
   5.4000000e+01   0.0000000e+00   5.7390100e-01   8.2704400e-01   2.7052345e+00   0.0000000e+00
   5.5000000e+01   0.0000000e+00   1.0051950e+00   8.2704400e-01   2.7052345e+00   1.0000000e+00
   5.6000000e+01   1.0000000e+00   6.1920900e-01   8.2704400e-01   2.7052345e+00   1.0000000e+00
   5.7000000e+01   0.0000000e+00   5.8802500e-01   8.2704400e-01   2.7052345e+00   1.0000000e+00
   5.8000000e+01   0.0000000e+00   5.1044000e-01   8.2704400e-01   2.7052345e+00   0.0000000e+00
   5.9000000e+01   0.0000000e+00   1.8385550e+00   8.2704400e-01   2.7052345e+00   1.0000000e+00
   6.0000000e+01   0.0000000e+00   1.5627860e+00   8.2704400e-01   2.7052345e+00   1.0000000e+00
   6.1000000e+01   1.0000000e+00   8.1185900e-01   8.2704400e-01   2.7052345e+00   0.0000000e+00
   6.2000000e+01   0.0000000e+00   1.1553540e+00   8.2704400e-01   2.7052345e+00   1.0000000e+00
   6.3000000e+01   0.0000000e+00   1.0433720e+00   8.2704400e-01   2.7052345e+00   0.0000000e+00
   6.4000000e+01   1.0000000e+00   1.1704130e+00   8.2704400e-01   2.7052345e+00   1.0000000e+00
   6.5000000e+01   0.0000000e+00   1.5147980e+00   8.2704400e-01   2.7052345e+00   1.0000000e+00
   6.6000000e+01   0.0000000e+00   7.5313800e-01   8.2704400e-01   2.7052345e+00   1.0000000e+00
   6.7000000e+01   0.0000000e+00   6.0782000e-01   8.2704400e-01   2.7052345e+00   1.0000000e+00
   6.8000000e+01   1.0000000e+00   2.2558000e+00   8.2704400e-01   2.7052345e+00   0.0000000e+00
   6.9000000e+01   0.0000000e+00   6.6067000e-01   8.2704400e-01   2.7052345e+00   1.0000000e+00
   7.0000000e+01   1.0000000e+00   1.1353620e+00   8.2704400e-01   2.7052345e+00   0.0000000e+00
   7.1000000e+01   0.0000000e+00   7.4291300e-01   8.2704400e-01   2.7052345e+00   0.0000000e+00
   7.2000000e+01   0.0000000e+00   7.7573400e-01   8.2704400e-01   2.7052345e+00   1.0000000e+00
   7.3000000e+01   1.0000000e+00   5.7198700e-01   8.2704400e-01   2.7052345e+00   1.0000000e+00
   7.4000000e+01   0.0000000e+00   4.4498200e-01   8.2704400e-01   2.7052345e+00   0.0000000e+00
   7.5000000e+01   0.0000000e+00   6.0524500e-01   8.2704400e-01   2.7052345e+00   1.0000000e+00
   7.6000000e+01   1.0000000e+00   7.2804400e-01   8.2704400e-01   2.7052345e+00   1.0000000e+00
   7.7000000e+01   0.0000000e+00   1.2312220e+00   8.2704400e-01   2.7052345e+00   0.0000000e+00
   7.8000000e+01   0.0000000e+00   1.4903510e+00   8.2704400e-01   2.7052345e+00   1.0000000e+00
   7.9000000e+01   0.0000000e+00   7.8424200e-01   8.2704400e-01   2.7052345e+00   0.0000000e+00
   8.0000000e+01   0.0000000e+00   9.3687800e-01   8.2704400e-01   2.7052345e+00   0.0000000e+00
   8.1000000e+01   0.0000000e+00   8.4790500e-01   8.2704400e-01   2.7052345e+00   0.0000000e+00
   8.2000000e+01   1.0000000e+00   8.9545700e-01   8.2704400e-01   2.7052345e+00   0.0000000e+00
   8.3000000e+01   1.0000000e+00   1.3453320e+00   8.2704400e-01   2.7052345e+00   1.0000000e+00
   8.4000000e+01   0.0000000e+00   7.6835800e-01   8.2704400e-01   2.7052345e+00   1.0000000e+00
   8.5000000e+01   1.0000000e+00   5.2870300e-01   8.2704400e-01   2.7052345e+00   0.0000000e+00
   8.6000000e+01   0.0000000e+00   1.9776930e+00   8.2704400e-01   2.7052345e+00   1.0000000e+00
   8.7000000e+01   0.0000000e+00   6.5075100e-01   8.2704400e-01   2.7052345e+00   1.0000000e+00
   8.8000000e+01   0.0000000e+00   7.9757800e-01   8.2704400e-01   2.7052345e+00   0.0000000e+00
   8.9000000e+01   0.0000000e+00   5.3719800e-01   8.2704400e-01   2.7052345e+00   1.0000000e+00
   9.0000000e+01   0.0000000e+00   5.1138800e-01   8.2704400e-01   2.7052345e+00   0.0000000e+00
   9.1000000e+01   1.0000000e+00   1.2884670e+00   8.2704400e-01   2.7052345e+00   0.0000000e+00
   9.2000000e+01   0.0000000e+00   1.4662760e+00   8.2704400e-01   2.7052345e+00   1.0000000e+00
   9.3000000e+01   0.0000000e+00   8.4735900e-01   8.2704400e-01   2.7052345e+00   0.0000000e+00
   9.4000000e+01   0.0000000e+00   1.7366890e+00   8.2704400e-01   2.7052345e+00   1.0000000e+00
   9.5000000e+01   0.0000000e+00   6.2871500e-01   8.2704400e-01   2.7052345e+00   0.0000000e+00
   9.6000000e+01   0.0000000e+00   8.9701800e-01   8.2704400e-01   2.7052345e+00   1.0000000e+00
   9.7000000e+01   1.0000000e+00   5.0372800e-01   8.2704400e-01   2.7052345e+00   1.0000000e+00
   9.8000000e+01   1.0000000e+00   6.9610800e-01   8.2704400e-01   2.7052345e+00   0.0000000e+00
   9.9000000e+01   0.0000000e+00   1.7436380e+00   8.2704400e-01   2.7052345e+00   0.0000000e+00
   1.0000000e+02   0.0000000e+00   6.9088600e-01   8.2704400e-01   2.7052345e+00   0.0000000e+00
   1.0100000e+02   0.0000000e+00   5.0569000e-01   8.2704400e-01   2.7052345e+00   1.0000000e+00
   1.0200000e+02   1.0000000e+00   6.3687200e-01   8.2704400e-01   2.7052345e+00   1.0000000e+00
   1.0300000e+02   0.0000000e+00   4.9734500e-01   8.2704400e-01   2.7052345e+00   0.0000000e+00
   1.0400000e+02   1.0000000e+00   1.4114670e+00   8.2704400e-01   2.7052345e+00   0.0000000e+00
   1.0500000e+02   0.0000000e+00   1.9465130e+00   8.2704400e-01   2.7052345e+00   1.0000000e+00
   1.0600000e+02   1.0000000e+00   7.1504500e-01   8.2704400e-01   2.7052345e+00   1.0000000e+00
   1.0700000e+02   0.0000000e+00   1.3638170e+00   8.2704400e-01   2.7052345e+00   0.0000000e+00
   1.0800000e+02   0.0000000e+00   6.3479400e-01   8.2704400e-01   2.7052345e+00   0.0000000e+00
   1.0900000e+02   0.0000000e+00   4.5267000e-01   8.2704400e-01   2.7052345e+00   0.0000000e+00
   1.1000000e+02   0.0000000e+00   5.6979200e-01   8.2704400e-01   2.7052345e+00   0.0000000e+00
   1.1100000e+02   0.0000000e+00   2.3424830e+00   8.2704400e-01   2.7052345e+00   1.0000000e+00
   1.1200000e+02   0.0000000e+00   7.2554000e-01   8.2704400e-01   2.7052345e+00   1.0000000e+00
   1.1300000e+02   0.0000000e+00   1.7202570e+00   8.2704400e-01   2.7052345e+00   0.0000000e+00
   1.1400000e+02   1.0000000e+00   5.6264200e-01   8.2704400e-01   2.7052345e+00   1.0000000e+00
   1.1500000e+02   0.0000000e+00   1.1404260e+00   8.2704400e-01   2.7052345e+00   0.0000000e+00
   1.1600000e+02   1.0000000e+00   5.6666400e-01   8.2704400e-01   2.7052345e+00   0.0000000e+00
   1.1700000e+02   0.0000000e+00   8.7340700e-01   8.2704400e-01   2.7052345e+00   1.0000000e+00
   1.1800000e+02   1.0000000e+00   5.1512200e-01   8.2704400e-01   2.7052345e+00   1.0000000e+00
   1.1900000e+02   0.0000000e+00   5.6519900e-01   8.2704400e-01   2.7052345e+00   1.0000000e+00
   1.2000000e+02   0.0000000e+00   1.5206660e+00   8.2704400e-01   2.7052345e+00   1.0000000e+00
   1.2100000e+02   0.0000000e+00   5.7055500e-01   8.2704400e-01   2.7052345e+00   0.0000000e+00
   1.2200000e+02   0.0000000e+00   6.6904900e-01   8.2704400e-01   2.7052345e+00   0.0000000e+00
   1.2300000e+02   1.0000000e+00   6.8306400e-01   8.2704400e-01   2.7052345e+00   0.0000000e+00
   1.2400000e+02   0.0000000e+00   1.7790810e+00   8.2704400e-01   2.7052345e+00   1.0000000e+00
   1.2500000e+02   1.0000000e+00   6.3540200e-01   8.2704400e-01   2.7052345e+00   0.0000000e+00
   1.2600000e+02   1.0000000e+00   1.1377950e+00   8.2704400e-01   2.7052345e+00   1.0000000e+00
   1.2700000e+02   0.0000000e+00   5.0850200e-01   8.2704400e-01   2.7052345e+00   1.0000000e+00
   1.2800000e+02   1.0000000e+00   1.0255630e+00   8.2704400e-01   2.7052345e+00   0.0000000e+00
   1.2900000e+02   0.0000000e+00   8.2683900e-01   8.2704400e-01   2.7052345e+00   1.0000000e+00
   1.3000000e+02   0.0000000e+00   6.4245100e-01   8.2704400e-01   2.7052345e+00   1.0000000e+00
   1.3100000e+02   1.0000000e+00   4.7637300e-01   8.2704400e-01   2.7052345e+00   1.0000000e+00
   1.3200000e+02   0.0000000e+00   1.0677700e+00   8.2704400e-01   2.7052345e+00   0.0000000e+00
   1.3300000e+02   0.0000000e+00   9.2743800e-01   8.2704400e-01   2.7052345e+00   0.0000000e+00
   1.3400000e+02   0.0000000e+00   5.2438800e-01   8.2704400e-01   2.7052345e+00   1.0000000e+00
   1.3500000e+02   1.0000000e+00   1.1862690e+00   8.2704400e-01   2.7052345e+00   1.0000000e+00
   1.3600000e+02   1.0000000e+00   6.3357600e-01   8.2704400e-01   2.7052345e+00   0.0000000e+00
