   1.0000000e+00   0.0000000e+00   1.0766510e+00   8.1954000e-01   2.4315370e+00   1.0000000e+00
   2.0000000e+00   0.0000000e+00   5.3357000e-01   8.1954000e-01   2.4315370e+00   1.0000000e+00
   3.0000000e+00   1.0000000e+00   1.5745400e+00   8.1954000e-01   2.4315370e+00   1.0000000e+00
   4.0000000e+00   0.0000000e+00   1.0610270e+00   8.1954000e-01   2.4315370e+00   0.0000000e+00
   5.0000000e+00   0.0000000e+00   4.6899000e-01   8.1954000e-01   2.4315370e+00   1.0000000e+00
   6.0000000e+00   1.0000000e+00   8.3236800e-01   8.1954000e-01   2.4315370e+00   0.0000000e+00
   7.0000000e+00   0.0000000e+00   5.2517900e-01   8.1954000e-01   2.4315370e+00   1.0000000e+00
   8.0000000e+00   0.0000000e+00   1.3125970e+00   8.1954000e-01   2.4315370e+00   1.0000000e+00
   9.0000000e+00   0.0000000e+00   1.1594680e+00   8.1954000e-01   2.4315370e+00   1.0000000e+00
   1.0000000e+01   0.0000000e+00   1.9849370e+00   8.1954000e-01   2.4315370e+00   0.0000000e+00
   1.1000000e+01   0.0000000e+00   6.3151000e-01   8.1954000e-01   2.4315370e+00   0.0000000e+00
   1.2000000e+01   1.0000000e+00   1.2679230e+00   8.1954000e-01   2.4315370e+00   1.0000000e+00
   1.3000000e+01   0.0000000e+00   5.4819600e-01   8.1954000e-01   2.4315370e+00   0.0000000e+00
   1.4000000e+01   0.0000000e+00   4.8355800e-01   8.1954000e-01   2.4315370e+00   0.0000000e+00
   1.5000000e+01   0.0000000e+00   7.6079100e-01   8.1954000e-01   2.4315370e+00   1.0000000e+00
   1.6000000e+01   1.0000000e+00   4.6376300e-01   8.1954000e-01   2.4315370e+00   0.0000000e+00
   1.7000000e+01   0.0000000e+00   9.3884400e-01   8.1954000e-01   2.4315370e+00   1.0000000e+00
   1.8000000e+01   0.0000000e+00   1.4643150e+00   8.1954000e-01   2.4315370e+00   0.0000000e+00
   1.9000000e+01   1.0000000e+00   6.6137500e-01   8.1954000e-01   2.4315370e+00   0.0000000e+00
   2.0000000e+01   0.0000000e+00   8.4983700e-01   8.1954000e-01   2.4315370e+00   0.0000000e+00
   2.1000000e+01   1.0000000e+00   6.5731400e-01   8.1954000e-01   2.4315370e+00   1.0000000e+00
   2.2000000e+01   0.0000000e+00   5.6667900e-01   8.1954000e-01   2.4315370e+00   1.0000000e+00
   2.3000000e+01   1.0000000e+00   5.5977300e-01   8.1954000e-01   2.4315370e+00   0.0000000e+00
   2.4000000e+01   0.0000000e+00   7.2610500e-01   8.1954000e-01   2.4315370e+00   1.0000000e+00
   2.5000000e+01   0.0000000e+00   7.7683400e-01   8.1954000e-01   2.4315370e+00   0.0000000e+00
   2.6000000e+01   0.0000000e+00   1.4412280e+00   8.1954000e-01   2.4315370e+00   0.0000000e+00
   2.7000000e+01   1.0000000e+00   6.9816200e-01   8.1954000e-01   2.4315370e+00   1.0000000e+00
   2.8000000e+01   0.0000000e+00   4.8957000e-01   8.1954000e-01   2.4315370e+00   0.0000000e+00
   2.9000000e+01   0.0000000e+00   6.3245900e-01   8.1954000e-01   2.4315370e+00   1.0000000e+00
   3.0000000e+01   0.0000000e+00   1.0874900e+00   8.1954000e-01   2.4315370e+00   1.0000000e+00
   3.1000000e+01   1.0000000e+00   8.8897200e-01   8.1954000e-01   2.4315370e+00   0.0000000e+00
   3.2000000e+01   0.0000000e+00   7.6837800e-01   8.1954000e-01   2.4315370e+00   0.0000000e+00
   3.3000000e+01   0.0000000e+00   6.7512300e-01   8.1954000e-01   2.4315370e+00   0.0000000e+00
   3.4000000e+01   0.0000000e+00   9.6390300e-01   8.1954000e-01   2.4315370e+00   1.0000000e+00
   3.5000000e+01   0.0000000e+00   1.2131080e+00   8.1954000e-01   2.4315370e+00   1.0000000e+00
   3.6000000e+01   1.0000000e+00   5.4745000e-01   8.1954000e-01   2.4315370e+00   1.0000000e+00
   3.7000000e+01   0.0000000e+00   4.7465400e-01   8.1954000e-01   2.4315370e+00   0.0000000e+00
   3.8000000e+01   1.0000000e+00   7.9831900e-01   8.1954000e-01   2.4315370e+00   1.0000000e+00
   3.9000000e+01   0.0000000e+00   1.9646180e+00   8.1954000e-01   2.4315370e+00   1.0000000e+00
   4.0000000e+01   0.0000000e+00   1.0172550e+00   8.1954000e-01   2.4315370e+00   0.0000000e+00
   4.1000000e+01   1.0000000e+00   5.9054700e-01   8.1954000e-01   2.4315370e+00   0.0000000e+00
   4.2000000e+01   0.0000000e+00   7.8488700e-01   8.1954000e-01   2.4315370e+00   0.0000000e+00
   4.3000000e+01   0.0000000e+00   1.3992460e+00   8.1954000e-01   2.4315370e+00   1.0000000e+00
   4.4000000e+01   1.0000000e+00   1.0402930e+00   8.1954000e-01   2.4315370e+00   1.0000000e+00
   4.5000000e+01   0.0000000e+00   1.5588120e+00   8.1954000e-01   2.4315370e+00   1.0000000e+00
   4.6000000e+01   0.0000000e+00   4.7035300e-01   8.1954000e-01   2.4315370e+00   1.0000000e+00
   4.7000000e+01   0.0000000e+00   1.4818350e+00   8.1954000e-01   2.4315370e+00   1.0000000e+00
   4.8000000e+01   1.0000000e+00   1.3138110e+00   8.1954000e-01   2.4315370e+00   0.0000000e+00
   4.9000000e+01   0.0000000e+00   1.9858170e+00   8.1954000e-01   2.4315370e+00   1.0000000e+00
   5.0000000e+01   1.0000000e+00   7.1086500e-01   8.1954000e-01   2.4315370e+00   0.0000000e+00
   5.1000000e+01   0.0000000e+00   1.2399820e+00   8.1954000e-01   2.4315370e+00   0.0000000e+00
   5.2000000e+01   1.0000000e+00   8.4553600e-01   8.1954000e-01   2.4315370e+00   1.0000000e+00
   5.3000000e+01   0.0000000e+00   1.3763410e+00   8.1954000e-01   2.4315370e+00   0.0000000e+00
   5.4000000e+01   0.0000000e+00   7.4225600e-01   8.1954000e-01   2.4315370e+00   0.0000000e+00
   5.5000000e+01   0.0000000e+00   4.6753500e-01   8.1954000e-01   2.4315370e+00   1.0000000e+00
   5.6000000e+01   1.0000000e+00   5.7921100e-01   8.1954000e-01   2.4315370e+00   0.0000000e+00
   5.7000000e+01   1.0000000e+00   7.7136300e-01   8.1954000e-01   2.4315370e+00   1.0000000e+00
   5.8000000e+01   0.0000000e+00   2.6608130e+00   8.1954000e-01   2.4315370e+00   1.0000000e+00
   5.9000000e+01   1.0000000e+00   4.5353600e-01   8.1954000e-01   2.4315370e+00   1.0000000e+00
   6.0000000e+01   0.0000000e+00   1.1221550e+00   8.1954000e-01   2.4315370e+00   0.0000000e+00
   6.1000000e+01   0.0000000e+00   9.9698100e-01   8.1954000e-01   2.4315370e+00   0.0000000e+00
   6.2000000e+01   1.0000000e+00   9.4782800e-01   8.1954000e-01   2.4315370e+00   0.0000000e+00
   6.3000000e+01   0.0000000e+00   5.4281200e-01   8.1954000e-01   2.4315370e+00   0.0000000e+00
   6.4000000e+01   1.0000000e+00   9.2307800e-01   8.1954000e-01   2.4315370e+00   0.0000000e+00
   6.5000000e+01   0.0000000e+00   4.6559000e-01   8.1954000e-01   2.4315370e+00   1.0000000e+00
   6.6000000e+01   0.0000000e+00   9.0589100e-01   8.1954000e-01   2.4315370e+00   0.0000000e+00
   6.7000000e+01   0.0000000e+00   6.9999700e-01   8.1954000e-01   2.4315370e+00   0.0000000e+00
   6.8000000e+01   1.0000000e+00   6.3209200e-01   8.1954000e-01   2.4315370e+00   1.0000000e+00
   6.9000000e+01   0.0000000e+00   7.5850900e-01   8.1954000e-01   2.4315370e+00   1.0000000e+00
   7.0000000e+01   1.0000000e+00   5.7379700e-01   8.1954000e-01   2.4315370e+00   0.0000000e+00
   7.1000000e+01   0.0000000e+00   5.0275900e-01   8.1954000e-01   2.4315370e+00   0.0000000e+00
   7.2000000e+01   1.0000000e+00   1.0271460e+00   8.1954000e-01   2.4315370e+00   1.0000000e+00
   7.3000000e+01   0.0000000e+00   7.1184900e-01   8.1954000e-01   2.4315370e+00   1.0000000e+00
   7.4000000e+01   0.0000000e+00   4.9678100e-01   8.1954000e-01   2.4315370e+00   1.0000000e+00
   7.5000000e+01   0.0000000e+00   9.2731000e-01   8.1954000e-01   2.4315370e+00   0.0000000e+00
   7.6000000e+01   0.0000000e+00   6.2537900e-01   8.1954000e-01   2.4315370e+00   1.0000000e+00
   7.7000000e+01   0.0000000e+00   4.9971100e-01   8.1954000e-01   2.4315370e+00   0.0000000e+00
   7.8000000e+01   1.0000000e+00   1.2289370e+00   8.1954000e-01   2.4315370e+00   1.0000000e+00
   7.9000000e+01   1.0000000e+00   7.7195100e-01   8.1954000e-01   2.4315370e+00   0.0000000e+00
   8.0000000e+01   0.0000000e+00   2.6100960e+00   8.1954000e-01   2.4315370e+00   1.0000000e+00
   8.1000000e+01   0.0000000e+00   1.8670500e+00   8.1954000e-01   2.4315370e+00   1.0000000e+00
   8.2000000e+01   0.0000000e+00   5.2112100e-01   8.1954000e-01   2.4315370e+00   1.0000000e+00
   8.3000000e+01   0.0000000e+00   1.1225240e+00   8.1954000e-01   2.4315370e+00   0.0000000e+00
   8.4000000e+01   0.0000000e+00   7.3666000e-01   8.1954000e-01   2.4315370e+00   0.0000000e+00
   8.5000000e+01   1.0000000e+00   1.1077420e+00   8.1954000e-01   2.4315370e+00   1.0000000e+00
   8.6000000e+01   0.0000000e+00   1.3781800e+00   8.1954000e-01   2.4315370e+00   0.0000000e+00
   8.7000000e+01   0.0000000e+00   4.9815100e-01   8.1954000e-01   2.4315370e+00   0.0000000e+00
   8.8000000e+01   1.0000000e+00   2.6859070e+00   8.1954000e-01   2.4315370e+00   0.0000000e+00
   8.9000000e+01   0.0000000e+00   9.7973700e-01   8.1954000e-01   2.4315370e+00   1.0000000e+00
   9.0000000e+01   0.0000000e+00   5.3459800e-01   8.1954000e-01   2.4315370e+00   0.0000000e+00
   9.1000000e+01   0.0000000e+00   8.9130700e-01   8.1954000e-01   2.4315370e+00   1.0000000e+00
   9.2000000e+01   0.0000000e+00   1.1383680e+00   8.1954000e-01   2.4315370e+00   1.0000000e+00
   9.3000000e+01   0.0000000e+00   1.1640430e+00   8.1954000e-01   2.4315370e+00   0.0000000e+00
   9.4000000e+01   1.0000000e+00   5.1384800e-01   8.1954000e-01   2.4315370e+00   1.0000000e+00
   9.5000000e+01   0.0000000e+00   1.4751160e+00   8.1954000e-01   2.4315370e+00   0.0000000e+00
   9.6000000e+01   1.0000000e+00   7.6725600e-01   8.1954000e-01   2.4315370e+00   0.0000000e+00
   9.7000000e+01   0.0000000e+00   5.1955400e-01   8.1954000e-01   2.4315370e+00   1.0000000e+00
   9.8000000e+01   0.0000000e+00   8.6823500e-01   8.1954000e-01   2.4315370e+00   0.0000000e+00
   9.9000000e+01   0.0000000e+00   1.6697720e+00   8.1954000e-01   2.4315370e+00   1.0000000e+00
   1.0000000e+02   0.0000000e+00   6.3593300e-01   8.1954000e-01   2.4315370e+00   1.0000000e+00
   1.0100000e+02   0.0000000e+00   7.2845500e-01   8.1954000e-01   2.4315370e+00   0.0000000e+00
   1.0200000e+02   1.0000000e+00   7.5000200e-01   8.1954000e-01   2.4315370e+00   0.0000000e+00
   1.0300000e+02   0.0000000e+00   8.4035100e-01   8.1954000e-01   2.4315370e+00   0.0000000e+00
   1.0400000e+02   0.0000000e+00   1.9281770e+00   8.1954000e-01   2.4315370e+00   0.0000000e+00
   1.0500000e+02   0.0000000e+00   1.0517460e+00   8.1954000e-01   2.4315370e+00   0.0000000e+00
   1.0600000e+02   0.0000000e+00   5.8123400e-01   8.1954000e-01   2.4315370e+00   0.0000000e+00
   1.0700000e+02   0.0000000e+00   7.1386500e-01   8.1954000e-01   2.4315370e+00   1.0000000e+00
   1.0800000e+02   0.0000000e+00   1.5102420e+00   8.1954000e-01   2.4315370e+00   1.0000000e+00
   1.0900000e+02   0.0000000e+00   4.5335400e-01   8.1954000e-01   2.4315370e+00   1.0000000e+00
   1.1000000e+02   1.0000000e+00   9.8981400e-01   8.1954000e-01   2.4315370e+00   1.0000000e+00
   1.1100000e+02   1.0000000e+00   7.8152500e-01   8.1954000e-01   2.4315370e+00   0.0000000e+00
   1.1200000e+02   0.0000000e+00   5.9365800e-01   8.1954000e-01   2.4315370e+00   1.0000000e+00
   1.1300000e+02   0.0000000e+00   1.0149530e+00   8.1954000e-01   2.4315370e+00   1.0000000e+00
   1.1400000e+02   1.0000000e+00   5.4188500e-01   8.1954000e-01   2.4315370e+00   1.0000000e+00
   1.1500000e+02   0.0000000e+00   1.1424970e+00   8.1954000e-01   2.4315370e+00   0.0000000e+00
   1.1600000e+02   0.0000000e+00   1.3181410e+00   8.1954000e-01   2.4315370e+00   0.0000000e+00
   1.1700000e+02   1.0000000e+00   6.1677300e-01   8.1954000e-01   2.4315370e+00   1.0000000e+00
   1.1800000e+02   0.0000000e+00   7.6705700e-01   8.1954000e-01   2.4315370e+00   1.0000000e+00
   1.1900000e+02   0.0000000e+00   8.6634700e-01   8.1954000e-01   2.4315370e+00   0.0000000e+00
   1.2000000e+02   0.0000000e+00   5.3538600e-01   8.1954000e-01   2.4315370e+00   0.0000000e+00
   1.2100000e+02   0.0000000e+00   7.0644500e-01   8.1954000e-01   2.4315370e+00   1.0000000e+00
   1.2200000e+02   0.0000000e+00   2.2862290e+00   8.1954000e-01   2.4315370e+00   1.0000000e+00
   1.2300000e+02   0.0000000e+00   1.4964000e+00   8.1954000e-01   2.4315370e+00   1.0000000e+00
   1.2400000e+02   0.0000000e+00   9.6489700e-01   8.1954000e-01   2.4315370e+00   0.0000000e+00
   1.2500000e+02   0.0000000e+00   8.5635600e-01   8.1954000e-01   2.4315370e+00   0.0000000e+00
   1.2600000e+02   0.0000000e+00   5.9620500e-01   8.1954000e-01   2.4315370e+00   1.0000000e+00
   1.2700000e+02   1.0000000e+00   7.4219100e-01   8.1954000e-01   2.4315370e+00   0.0000000e+00
   1.2800000e+02   0.0000000e+00   4.6414400e-01   8.1954000e-01   2.4315370e+00   0.0000000e+00
   1.2900000e+02   1.0000000e+00   6.8953900e-01   8.1954000e-01   2.4315370e+00   1.0000000e+00
   1.3000000e+02   0.0000000e+00   5.3086500e-01   8.1954000e-01   2.4315370e+00   0.0000000e+00
   1.3100000e+02   1.0000000e+00   4.5213700e-01   8.1954000e-01   2.4315370e+00   0.0000000e+00
   1.3200000e+02   0.0000000e+00   7.2199300e-01   8.1954000e-01   2.4315370e+00   1.0000000e+00
   1.3300000e+02   0.0000000e+00   9.2567500e-01   8.1954000e-01   2.4315370e+00   1.0000000e+00
   1.3400000e+02   0.0000000e+00   6.3481800e-01   8.1954000e-01   2.4315370e+00   0.0000000e+00
   1.3500000e+02   1.0000000e+00   1.1002600e+00   8.1954000e-01   2.4315370e+00   0.0000000e+00
   1.3600000e+02   1.0000000e+00   1.2007650e+00   8.1954000e-01   2.4315370e+00   1.0000000e+00
