   1.0000000e+00   0.0000000e+00   1.6525900e+00   8.2029200e-01   3.3822478e+00   1.0000000e+00
   2.0000000e+00   0.0000000e+00   4.8544800e-01   8.2029200e-01   3.3822478e+00   0.0000000e+00
   3.0000000e+00   1.0000000e+00   1.0962390e+00   8.2029200e-01   3.3822478e+00   0.0000000e+00
   4.0000000e+00   0.0000000e+00   5.5128400e-01   8.2029200e-01   3.3822478e+00   1.0000000e+00
   5.0000000e+00   0.0000000e+00   9.7116900e-01   8.2029200e-01   3.3822478e+00   1.0000000e+00
   6.0000000e+00   0.0000000e+00   1.4013960e+00   8.2029200e-01   3.3822478e+00   1.0000000e+00
   7.0000000e+00   0.0000000e+00   1.1873170e+00   8.2029200e-01   3.3822478e+00   1.0000000e+00
   8.0000000e+00   1.0000000e+00   4.6017300e-01   8.2029200e-01   3.3822478e+00   1.0000000e+00
   9.0000000e+00   0.0000000e+00   2.0597390e+00   8.2029200e-01   3.3822478e+00   0.0000000e+00
   1.0000000e+01   0.0000000e+00   5.8454600e-01   8.2029200e-01   3.3822478e+00   1.0000000e+00
   1.1000000e+01   0.0000000e+00   1.5821180e+00   8.2029200e-01   3.3822478e+00   1.0000000e+00
   1.2000000e+01   0.0000000e+00   8.1605200e-01   8.2029200e-01   3.3822478e+00   0.0000000e+00
   1.3000000e+01   0.0000000e+00   1.1015080e+00   8.2029200e-01   3.3822478e+00   1.0000000e+00
   1.4000000e+01   1.0000000e+00   8.2506200e-01   8.2029200e-01   3.3822478e+00   0.0000000e+00
   1.5000000e+01   0.0000000e+00   4.5834600e-01   8.2029200e-01   3.3822478e+00   0.0000000e+00
   1.6000000e+01   1.0000000e+00   4.7804400e-01   8.2029200e-01   3.3822478e+00   1.0000000e+00
   1.7000000e+01   1.0000000e+00   8.7179700e-01   8.2029200e-01   3.3822478e+00   1.0000000e+00
   1.8000000e+01   0.0000000e+00   9.2390200e-01   8.2029200e-01   3.3822478e+00   1.0000000e+00
   1.9000000e+01   0.0000000e+00   5.7556600e-01   8.2029200e-01   3.3822478e+00   1.0000000e+00
   2.0000000e+01   1.0000000e+00   1.0389030e+00   8.2029200e-01   3.3822478e+00   0.0000000e+00
   2.1000000e+01   0.0000000e+00   4.3849800e-01   8.2029200e-01   3.3822478e+00   0.0000000e+00
   2.2000000e+01   1.0000000e+00   1.4146100e+00   8.2029200e-01   3.3822478e+00   1.0000000e+00
   2.3000000e+01   0.0000000e+00   5.0095000e-01   8.2029200e-01   3.3822478e+00   0.0000000e+00
   2.4000000e+01   0.0000000e+00   6.0927200e-01   8.2029200e-01   3.3822478e+00   0.0000000e+00
   2.5000000e+01   0.0000000e+00   9.1265000e-01   8.2029200e-01   3.3822478e+00   0.0000000e+00
   2.6000000e+01   0.0000000e+00   9.4414000e-01   8.2029200e-01   3.3822478e+00   0.0000000e+00
   2.7000000e+01   0.0000000e+00   6.0089700e-01   8.2029200e-01   3.3822478e+00   1.0000000e+00
   2.8000000e+01   1.0000000e+00   8.1583400e-01   8.2029200e-01   3.3822478e+00   0.0000000e+00
   2.9000000e+01   0.0000000e+00   5.2024100e-01   8.2029200e-01   3.3822478e+00   1.0000000e+00
   3.0000000e+01   0.0000000e+00   4.8108700e-01   8.2029200e-01   3.3822478e+00   0.0000000e+00
   3.1000000e+01   0.0000000e+00   1.1497790e+00   8.2029200e-01   3.3822478e+00   0.0000000e+00
   3.2000000e+01   1.0000000e+00   1.6074560e+00   8.2029200e-01   3.3822478e+00   1.0000000e+00
   3.3000000e+01   0.0000000e+00   7.3195600e-01   8.2029200e-01   3.3822478e+00   0.0000000e+00
   3.4000000e+01   1.0000000e+00   5.0218200e-01   8.2029200e-01   3.3822478e+00   0.0000000e+00
   3.5000000e+01   0.0000000e+00   1.4089100e+00   8.2029200e-01   3.3822478e+00   1.0000000e+00
   3.6000000e+01   0.0000000e+00   6.6254200e-01   8.2029200e-01   3.3822478e+00   1.0000000e+00
   3.7000000e+01   0.0000000e+00   5.3081000e-01   8.2029200e-01   3.3822478e+00   1.0000000e+00
   3.8000000e+01   1.0000000e+00   5.4725800e-01   8.2029200e-01   3.3822478e+00   0.0000000e+00
   3.9000000e+01   0.0000000e+00   6.6716400e-01   8.2029200e-01   3.3822478e+00   0.0000000e+00
   4.0000000e+01   0.0000000e+00   4.8782500e-01   8.2029200e-01   3.3822478e+00   0.0000000e+00
   4.1000000e+01   1.0000000e+00   9.9007100e-01   8.2029200e-01   3.3822478e+00   1.0000000e+00
   4.2000000e+01   0.0000000e+00   8.5610300e-01   8.2029200e-01   3.3822478e+00   1.0000000e+00
   4.3000000e+01   0.0000000e+00   2.3794070e+00   8.2029200e-01   3.3822478e+00   1.0000000e+00
   4.4000000e+01   1.0000000e+00   9.3628400e-01   8.2029200e-01   3.3822478e+00   0.0000000e+00
   4.5000000e+01   0.0000000e+00   1.1475730e+00   8.2029200e-01   3.3822478e+00   1.0000000e+00
   4.6000000e+01   0.0000000e+00   1.3677370e+00   8.2029200e-01   3.3822478e+00   1.0000000e+00
   4.7000000e+01   0.0000000e+00   6.0006400e-01   8.2029200e-01   3.3822478e+00   1.0000000e+00
   4.8000000e+01   1.0000000e+00   4.3650200e-01   8.2029200e-01   3.3822478e+00   1.0000000e+00
   4.9000000e+01   0.0000000e+00   8.0117100e-01   8.2029200e-01   3.3822478e+00   1.0000000e+00
   5.0000000e+01   0.0000000e+00   1.0888840e+00   8.2029200e-01   3.3822478e+00   0.0000000e+00
   5.1000000e+01   0.0000000e+00   7.8360800e-01   8.2029200e-01   3.3822478e+00   0.0000000e+00
   5.2000000e+01   0.0000000e+00   5.5320600e-01   8.2029200e-01   3.3822478e+00   0.0000000e+00
   5.3000000e+01   0.0000000e+00   1.9330530e+00   8.2029200e-01   3.3822478e+00   0.0000000e+00
   5.4000000e+01   0.0000000e+00   6.5107900e-01   8.2029200e-01   3.3822478e+00   1.0000000e+00
   5.5000000e+01   1.0000000e+00   9.2005300e-01   8.2029200e-01   3.3822478e+00   1.0000000e+00
   5.6000000e+01   0.0000000e+00   1.6809610e+00   8.2029200e-01   3.3822478e+00   0.0000000e+00
   5.7000000e+01   1.0000000e+00   8.1811400e-01   8.2029200e-01   3.3822478e+00   0.0000000e+00
   5.8000000e+01   0.0000000e+00   1.9821700e+00   8.2029200e-01   3.3822478e+00   1.0000000e+00
   5.9000000e+01   1.0000000e+00   8.0265400e-01   8.2029200e-01   3.3822478e+00   1.0000000e+00
   6.0000000e+01   0.0000000e+00   7.2519200e-01   8.2029200e-01   3.3822478e+00   0.0000000e+00
   6.1000000e+01   0.0000000e+00   6.8492200e-01   8.2029200e-01   3.3822478e+00   1.0000000e+00
   6.2000000e+01   1.0000000e+00   6.6881000e-01   8.2029200e-01   3.3822478e+00   0.0000000e+00
   6.3000000e+01   0.0000000e+00   1.8390510e+00   8.2029200e-01   3.3822478e+00   1.0000000e+00
   6.4000000e+01   0.0000000e+00   9.0213600e-01   8.2029200e-01   3.3822478e+00   0.0000000e+00
   6.5000000e+01   0.0000000e+00   8.4967500e-01   8.2029200e-01   3.3822478e+00   0.0000000e+00
   6.6000000e+01   0.0000000e+00   4.5804700e-01   8.2029200e-01   3.3822478e+00   0.0000000e+00
   6.7000000e+01   0.0000000e+00   6.5143100e-01   8.2029200e-01   3.3822478e+00   0.0000000e+00
   6.8000000e+01   1.0000000e+00   6.5009300e-01   8.2029200e-01   3.3822478e+00   0.0000000e+00
   6.9000000e+01   0.0000000e+00   6.7403700e-01   8.2029200e-01   3.3822478e+00   0.0000000e+00
   7.0000000e+01   0.0000000e+00   1.1988250e+00   8.2029200e-01   3.3822478e+00   0.0000000e+00
   7.1000000e+01   0.0000000e+00   9.6482100e-01   8.2029200e-01   3.3822478e+00   0.0000000e+00
   7.2000000e+01   0.0000000e+00   7.3380900e-01   8.2029200e-01   3.3822478e+00   0.0000000e+00
   7.3000000e+01   0.0000000e+00   1.2263340e+00   8.2029200e-01   3.3822478e+00   1.0000000e+00
   7.4000000e+01   1.0000000e+00   1.0681130e+00   8.2029200e-01   3.3822478e+00   1.0000000e+00
   7.5000000e+01   0.0000000e+00   4.4108800e-01   8.2029200e-01   3.3822478e+00   0.0000000e+00
   7.6000000e+01   0.0000000e+00   1.5147730e+00   8.2029200e-01   3.3822478e+00   0.0000000e+00
   7.7000000e+01   1.0000000e+00   5.9690300e-01   8.2029200e-01   3.3822478e+00   1.0000000e+00
   7.8000000e+01   1.0000000e+00   5.0047800e-01   8.2029200e-01   3.3822478e+00   0.0000000e+00
   7.9000000e+01   0.0000000e+00   2.5688490e+00   8.2029200e-01   3.3822478e+00   1.0000000e+00
   8.0000000e+01   0.0000000e+00   1.4339860e+00   8.2029200e-01   3.3822478e+00   1.0000000e+00
   8.1000000e+01   0.0000000e+00   1.0091670e+00   8.2029200e-01   3.3822478e+00   1.0000000e+00
   8.2000000e+01   1.0000000e+00   4.4581200e-01   8.2029200e-01   3.3822478e+00   1.0000000e+00
   8.3000000e+01   0.0000000e+00   5.6597900e-01   8.2029200e-01   3.3822478e+00   1.0000000e+00
   8.4000000e+01   0.0000000e+00   1.1063980e+00   8.2029200e-01   3.3822478e+00   1.0000000e+00
   8.5000000e+01   1.0000000e+00   8.1408400e-01   8.2029200e-01   3.3822478e+00   0.0000000e+00
   8.6000000e+01   0.0000000e+00   1.5528450e+00   8.2029200e-01   3.3822478e+00   0.0000000e+00
   8.7000000e+01   0.0000000e+00   4.5904000e-01   8.2029200e-01   3.3822478e+00   1.0000000e+00
   8.8000000e+01   0.0000000e+00   1.5698220e+00   8.2029200e-01   3.3822478e+00   0.0000000e+00
   8.9000000e+01   0.0000000e+00   5.1532300e-01   8.2029200e-01   3.3822478e+00   0.0000000e+00
   9.0000000e+01   1.0000000e+00   1.1443900e+00   8.2029200e-01   3.3822478e+00   0.0000000e+00
   9.1000000e+01   0.0000000e+00   1.5615110e+00   8.2029200e-01   3.3822478e+00   1.0000000e+00
   9.2000000e+01   1.0000000e+00   4.6511500e-01   8.2029200e-01   3.3822478e+00   1.0000000e+00
   9.3000000e+01   0.0000000e+00   1.6334520e+00   8.2029200e-01   3.3822478e+00   1.0000000e+00
   9.4000000e+01   0.0000000e+00   2.5278610e+00   8.2029200e-01   3.3822478e+00   1.0000000e+00
   9.5000000e+01   0.0000000e+00   8.8947100e-01   8.2029200e-01   3.3822478e+00   1.0000000e+00
   9.6000000e+01   1.0000000e+00   2.2762410e+00   8.2029200e-01   3.3822478e+00   0.0000000e+00
   9.7000000e+01   0.0000000e+00   7.6801700e-01   8.2029200e-01   3.3822478e+00   0.0000000e+00
   9.8000000e+01   0.0000000e+00   9.8211500e-01   8.2029200e-01   3.3822478e+00   0.0000000e+00
   9.9000000e+01   0.0000000e+00   6.1843000e-01   8.2029200e-01   3.3822478e+00   1.0000000e+00
   1.0000000e+02   0.0000000e+00   7.5362200e-01   8.2029200e-01   3.3822478e+00   0.0000000e+00
   1.0100000e+02   0.0000000e+00   4.9800600e-01   8.2029200e-01   3.3822478e+00   0.0000000e+00
   1.0200000e+02   1.0000000e+00   8.4441400e-01   8.2029200e-01   3.3822478e+00   1.0000000e+00
   1.0300000e+02   0.0000000e+00   6.1579600e-01   8.2029200e-01   3.3822478e+00   1.0000000e+00
   1.0400000e+02   0.0000000e+00   5.7096400e-01   8.2029200e-01   3.3822478e+00   1.0000000e+00
   1.0500000e+02   0.0000000e+00   5.8207900e-01   8.2029200e-01   3.3822478e+00   0.0000000e+00
   1.0600000e+02   1.0000000e+00   1.6133360e+00   8.2029200e-01   3.3822478e+00   0.0000000e+00
   1.0700000e+02   0.0000000e+00   7.7166500e-01   8.2029200e-01   3.3822478e+00   0.0000000e+00
   1.0800000e+02   0.0000000e+00   9.9562900e-01   8.2029200e-01   3.3822478e+00   0.0000000e+00
   1.0900000e+02   1.0000000e+00   5.0765300e-01   8.2029200e-01   3.3822478e+00   1.0000000e+00
   1.1000000e+02   0.0000000e+00   5.8369000e-01   8.2029200e-01   3.3822478e+00   0.0000000e+00
   1.1100000e+02   0.0000000e+00   7.2028700e-01   8.2029200e-01   3.3822478e+00   1.0000000e+00
   1.1200000e+02   0.0000000e+00   7.5700000e-01   8.2029200e-01   3.3822478e+00   1.0000000e+00
   1.1300000e+02   0.0000000e+00   4.6095700e-01   8.2029200e-01   3.3822478e+00   0.0000000e+00
   1.1400000e+02   1.0000000e+00   8.2859000e-01   8.2029200e-01   3.3822478e+00   1.0000000e+00
   1.1500000e+02   0.0000000e+00   6.4601600e-01   8.2029200e-01   3.3822478e+00   1.0000000e+00
   1.1600000e+02   1.0000000e+00   1.0133090e+00   8.2029200e-01   3.3822478e+00   0.0000000e+00
   1.1700000e+02   0.0000000e+00   1.0753290e+00   8.2029200e-01   3.3822478e+00   1.0000000e+00
   1.1800000e+02   1.0000000e+00   4.6067900e-01   8.2029200e-01   3.3822478e+00   1.0000000e+00
   1.1900000e+02   0.0000000e+00   6.7243900e-01   8.2029200e-01   3.3822478e+00   0.0000000e+00
   1.2000000e+02   1.0000000e+00   9.5124100e-01   8.2029200e-01   3.3822478e+00   0.0000000e+00
   1.2100000e+02   0.0000000e+00   6.4402300e-01   8.2029200e-01   3.3822478e+00   0.0000000e+00
   1.2200000e+02   0.0000000e+00   8.1707900e-01   8.2029200e-01   3.3822478e+00   0.0000000e+00
   1.2300000e+02   0.0000000e+00   1.1556560e+00   8.2029200e-01   3.3822478e+00   1.0000000e+00
   1.2400000e+02   0.0000000e+00   5.0304300e-01   8.2029200e-01   3.3822478e+00   0.0000000e+00
   1.2500000e+02   1.0000000e+00   1.7283520e+00   8.2029200e-01   3.3822478e+00   0.0000000e+00
   1.2600000e+02   0.0000000e+00   9.2853700e-01   8.2029200e-01   3.3822478e+00   1.0000000e+00
   1.2700000e+02   0.0000000e+00   4.8337800e-01   8.2029200e-01   3.3822478e+00   0.0000000e+00
   1.2800000e+02   1.0000000e+00   1.4709300e+00   8.2029200e-01   3.3822478e+00   1.0000000e+00
   1.2900000e+02   0.0000000e+00   1.0765680e+00   8.2029200e-01   3.3822478e+00   1.0000000e+00
   1.3000000e+02   0.0000000e+00   5.5239900e-01   8.2029200e-01   3.3822478e+00   1.0000000e+00
   1.3100000e+02   1.0000000e+00   1.2970050e+00   8.2029200e-01   3.3822478e+00   0.0000000e+00
   1.3200000e+02   0.0000000e+00   7.5600000e-01   8.2029200e-01   3.3822478e+00   0.0000000e+00
   1.3300000e+02   1.0000000e+00   7.6508000e-01   8.2029200e-01   3.3822478e+00   1.0000000e+00
   1.3400000e+02   1.0000000e+00   1.0214510e+00   8.2029200e-01   3.3822478e+00   1.0000000e+00
   1.3500000e+02   0.0000000e+00   9.2973300e-01   8.2029200e-01   3.3822478e+00   1.0000000e+00
   1.3600000e+02   1.0000000e+00   4.6766300e-01   8.2029200e-01   3.3822478e+00   0.0000000e+00
