   1.0000000e+00   0.0000000e+00   3.6084150e+00   8.2054600e-01   2.8619169e+00   1.0000000e+00
   2.0000000e+00   0.0000000e+00   7.2929100e-01   8.2054600e-01   2.8619169e+00   1.0000000e+00
   3.0000000e+00   1.0000000e+00   8.9757800e-01   8.2054600e-01   2.8619169e+00   0.0000000e+00
   4.0000000e+00   0.0000000e+00   6.5608400e-01   8.2054600e-01   2.8619169e+00   0.0000000e+00
   5.0000000e+00   0.0000000e+00   1.2486950e+00   8.2054600e-01   2.8619169e+00   0.0000000e+00
   6.0000000e+00   0.0000000e+00   7.2565300e-01   8.2054600e-01   2.8619169e+00   1.0000000e+00
   7.0000000e+00   0.0000000e+00   1.2534270e+00   8.2054600e-01   2.8619169e+00   0.0000000e+00
   8.0000000e+00   1.0000000e+00   1.2950520e+00   8.2054600e-01   2.8619169e+00   1.0000000e+00
   9.0000000e+00   0.0000000e+00   6.7204700e-01   8.2054600e-01   2.8619169e+00   1.0000000e+00
   1.0000000e+01   0.0000000e+00   6.8693400e-01   8.2054600e-01   2.8619169e+00   1.0000000e+00
   1.1000000e+01   0.0000000e+00   5.1702000e-01   8.2054600e-01   2.8619169e+00   1.0000000e+00
   1.2000000e+01   0.0000000e+00   8.4824700e-01   8.2054600e-01   2.8619169e+00   1.0000000e+00
   1.3000000e+01   0.0000000e+00   1.0983270e+00   8.2054600e-01   2.8619169e+00   0.0000000e+00
   1.4000000e+01   1.0000000e+00   2.2858950e+00   8.2054600e-01   2.8619169e+00   0.0000000e+00
   1.5000000e+01   0.0000000e+00   7.0029400e-01   8.2054600e-01   2.8619169e+00   0.0000000e+00
   1.6000000e+01   1.0000000e+00   1.1966470e+00   8.2054600e-01   2.8619169e+00   1.0000000e+00
   1.7000000e+01   0.0000000e+00   7.8380700e-01   8.2054600e-01   2.8619169e+00   0.0000000e+00
   1.8000000e+01   0.0000000e+00   6.5062700e-01   8.2054600e-01   2.8619169e+00   1.0000000e+00
   1.9000000e+01   0.0000000e+00   7.4488600e-01   8.2054600e-01   2.8619169e+00   0.0000000e+00
   2.0000000e+01   0.0000000e+00   5.1855600e-01   8.2054600e-01   2.8619169e+00   0.0000000e+00
   2.1000000e+01   1.0000000e+00   1.3787690e+00   8.2054600e-01   2.8619169e+00   1.0000000e+00
   2.2000000e+01   0.0000000e+00   7.4764500e-01   8.2054600e-01   2.8619169e+00   0.0000000e+00
   2.3000000e+01   0.0000000e+00   7.9467100e-01   8.2054600e-01   2.8619169e+00   1.0000000e+00
   2.4000000e+01   1.0000000e+00   6.6624500e-01   8.2054600e-01   2.8619169e+00   0.0000000e+00
   2.5000000e+01   0.0000000e+00   1.2052850e+00   8.2054600e-01   2.8619169e+00   1.0000000e+00
   2.6000000e+01   1.0000000e+00   4.6828800e-01   8.2054600e-01   2.8619169e+00   1.0000000e+00
   2.7000000e+01   0.0000000e+00   5.4203300e-01   8.2054600e-01   2.8619169e+00   0.0000000e+00
   2.8000000e+01   0.0000000e+00   7.2770900e-01   8.2054600e-01   2.8619169e+00   0.0000000e+00
   2.9000000e+01   0.0000000e+00   9.2420500e-01   8.2054600e-01   2.8619169e+00   0.0000000e+00
   3.0000000e+01   0.0000000e+00   1.5938540e+00   8.2054600e-01   2.8619169e+00   1.0000000e+00
   3.1000000e+01   1.0000000e+00   1.0233500e+00   8.2054600e-01   2.8619169e+00   0.0000000e+00
   3.2000000e+01   0.0000000e+00   1.7075140e+00   8.2054600e-01   2.8619169e+00   0.0000000e+00
   3.3000000e+01   0.0000000e+00   7.6360300e-01   8.2054600e-01   2.8619169e+00   1.0000000e+00
   3.4000000e+01   1.0000000e+00   6.2352200e-01   8.2054600e-01   2.8619169e+00   1.0000000e+00
   3.5000000e+01   0.0000000e+00   6.5423800e-01   8.2054600e-01   2.8619169e+00   1.0000000e+00
   3.6000000e+01   1.0000000e+00   1.9009040e+00   8.2054600e-01   2.8619169e+00   0.0000000e+00
   3.7000000e+01   0.0000000e+00   7.1802400e-01   8.2054600e-01   2.8619169e+00   0.0000000e+00
   3.8000000e+01   1.0000000e+00   1.0553890e+00   8.2054600e-01   2.8619169e+00   0.0000000e+00
   3.9000000e+01   0.0000000e+00   4.5117200e-01   8.2054600e-01   2.8619169e+00   1.0000000e+00
   4.0000000e+01   1.0000000e+00   4.6443800e-01   8.2054600e-01   2.8619169e+00   1.0000000e+00
   4.1000000e+01   0.0000000e+00   5.5282800e-01   8.2054600e-01   2.8619169e+00   1.0000000e+00
   4.2000000e+01   1.0000000e+00   1.8381410e+00   8.2054600e-01   2.8619169e+00   0.0000000e+00
   4.3000000e+01   0.0000000e+00   9.4628000e-01   8.2054600e-01   2.8619169e+00   1.0000000e+00
   4.4000000e+01   0.0000000e+00   8.7046200e-01   8.2054600e-01   2.8619169e+00   0.0000000e+00
   4.5000000e+01   1.0000000e+00   9.7139700e-01   8.2054600e-01   2.8619169e+00   1.0000000e+00
   4.6000000e+01   0.0000000e+00   4.6766300e-01   8.2054600e-01   2.8619169e+00   1.0000000e+00
   4.7000000e+01   0.0000000e+00   1.3877380e+00   8.2054600e-01   2.8619169e+00   0.0000000e+00
   4.8000000e+01   0.0000000e+00   4.4761100e-01   8.2054600e-01   2.8619169e+00   0.0000000e+00
   4.9000000e+01   0.0000000e+00   7.8317800e-01   8.2054600e-01   2.8619169e+00   0.0000000e+00
   5.0000000e+01   0.0000000e+00   8.2709500e-01   8.2054600e-01   2.8619169e+00   0.0000000e+00
   5.1000000e+01   1.0000000e+00   5.3270100e-01   8.2054600e-01   2.8619169e+00   1.0000000e+00
   5.2000000e+01   0.0000000e+00   7.0787200e-01   8.2054600e-01   2.8619169e+00   0.0000000e+00
   5.3000000e+01   1.0000000e+00   1.1957740e+00   8.2054600e-01   2.8619169e+00   0.0000000e+00
   5.4000000e+01   0.0000000e+00   7.9328500e-01   8.2054600e-01   2.8619169e+00   0.0000000e+00
   5.5000000e+01   0.0000000e+00   7.3308300e-01   8.2054600e-01   2.8619169e+00   0.0000000e+00
   5.6000000e+01   0.0000000e+00   1.3959090e+00   8.2054600e-01   2.8619169e+00   1.0000000e+00
   5.7000000e+01   1.0000000e+00   5.5789200e-01   8.2054600e-01   2.8619169e+00   1.0000000e+00
   5.8000000e+01   0.0000000e+00   6.0266000e-01   8.2054600e-01   2.8619169e+00   1.0000000e+00
   5.9000000e+01   0.0000000e+00   8.9660200e-01   8.2054600e-01   2.8619169e+00   0.0000000e+00
   6.0000000e+01   0.0000000e+00   4.9152100e-01   8.2054600e-01   2.8619169e+00   1.0000000e+00
   6.1000000e+01   1.0000000e+00   6.6570800e-01   8.2054600e-01   2.8619169e+00   0.0000000e+00
   6.2000000e+01   0.0000000e+00   1.9690620e+00   8.2054600e-01   2.8619169e+00   1.0000000e+00
   6.3000000e+01   0.0000000e+00   5.3800600e-01   8.2054600e-01   2.8619169e+00   1.0000000e+00
   6.4000000e+01   0.0000000e+00   5.1366600e-01   8.2054600e-01   2.8619169e+00   0.0000000e+00
   6.5000000e+01   0.0000000e+00   4.4614100e-01   8.2054600e-01   2.8619169e+00   1.0000000e+00
   6.6000000e+01   1.0000000e+00   2.2574450e+00   8.2054600e-01   2.8619169e+00   0.0000000e+00
   6.7000000e+01   0.0000000e+00   5.5332200e-01   8.2054600e-01   2.8619169e+00   1.0000000e+00
   6.8000000e+01   1.0000000e+00   1.7770540e+00   8.2054600e-01   2.8619169e+00   1.0000000e+00
   6.9000000e+01   0.0000000e+00   2.1816840e+00   8.2054600e-01   2.8619169e+00   0.0000000e+00
   7.0000000e+01   0.0000000e+00   5.1401500e-01   8.2054600e-01   2.8619169e+00   1.0000000e+00
   7.1000000e+01   0.0000000e+00   5.1534400e-01   8.2054600e-01   2.8619169e+00   0.0000000e+00
   7.2000000e+01   1.0000000e+00   6.2420400e-01   8.2054600e-01   2.8619169e+00   1.0000000e+00
   7.3000000e+01   0.0000000e+00   6.2659900e-01   8.2054600e-01   2.8619169e+00   0.0000000e+00
   7.4000000e+01   1.0000000e+00   1.2470660e+00   8.2054600e-01   2.8619169e+00   0.0000000e+00
   7.5000000e+01   0.0000000e+00   7.6911600e-01   8.2054600e-01   2.8619169e+00   1.0000000e+00
   7.6000000e+01   1.0000000e+00   9.9334700e-01   8.2054600e-01   2.8619169e+00   1.0000000e+00
   7.7000000e+01   0.0000000e+00   1.3774370e+00   8.2054600e-01   2.8619169e+00   1.0000000e+00
   7.8000000e+01   0.0000000e+00   6.1756700e-01   8.2054600e-01   2.8619169e+00   1.0000000e+00
   7.9000000e+01   0.0000000e+00   1.0159080e+00   8.2054600e-01   2.8619169e+00   1.0000000e+00
   8.0000000e+01   0.0000000e+00   1.6694660e+00   8.2054600e-01   2.8619169e+00   0.0000000e+00
   8.1000000e+01   0.0000000e+00   6.2975900e-01   8.2054600e-01   2.8619169e+00   1.0000000e+00
   8.2000000e+01   1.0000000e+00   6.5625000e-01   8.2054600e-01   2.8619169e+00   0.0000000e+00
   8.3000000e+01   0.0000000e+00   5.2548400e-01   8.2054600e-01   2.8619169e+00   1.0000000e+00
   8.4000000e+01   0.0000000e+00   7.3387500e-01   8.2054600e-01   2.8619169e+00   0.0000000e+00
   8.5000000e+01   1.0000000e+00   7.9292400e-01   8.2054600e-01   2.8619169e+00   0.0000000e+00
   8.6000000e+01   0.0000000e+00   4.4887800e-01   8.2054600e-01   2.8619169e+00   1.0000000e+00
   8.7000000e+01   0.0000000e+00   5.8326900e-01   8.2054600e-01   2.8619169e+00   1.0000000e+00
   8.8000000e+01   1.0000000e+00   1.2350930e+00   8.2054600e-01   2.8619169e+00   1.0000000e+00
   8.9000000e+01   1.0000000e+00   6.5401400e-01   8.2054600e-01   2.8619169e+00   0.0000000e+00
   9.0000000e+01   0.0000000e+00   8.8480000e-01   8.2054600e-01   2.8619169e+00   0.0000000e+00
   9.1000000e+01   1.0000000e+00   4.4092500e-01   8.2054600e-01   2.8619169e+00   1.0000000e+00
   9.2000000e+01   0.0000000e+00   6.4285000e-01   8.2054600e-01   2.8619169e+00   0.0000000e+00
   9.3000000e+01   0.0000000e+00   9.7983100e-01   8.2054600e-01   2.8619169e+00   1.0000000e+00
   9.4000000e+01   0.0000000e+00   1.2070590e+00   8.2054600e-01   2.8619169e+00   0.0000000e+00
   9.5000000e+01   0.0000000e+00   1.0779860e+00   8.2054600e-01   2.8619169e+00   0.0000000e+00
   9.6000000e+01   0.0000000e+00   1.0304710e+00   8.2054600e-01   2.8619169e+00   1.0000000e+00
   9.7000000e+01   0.0000000e+00   6.5927800e-01   8.2054600e-01   2.8619169e+00   1.0000000e+00
   9.8000000e+01   0.0000000e+00   1.1551150e+00   8.2054600e-01   2.8619169e+00   1.0000000e+00
   9.9000000e+01   0.0000000e+00   5.4147900e-01   8.2054600e-01   2.8619169e+00   0.0000000e+00
   1.0000000e+02   1.0000000e+00   5.8552800e-01   8.2054600e-01   2.8619169e+00   0.0000000e+00
   1.0100000e+02   0.0000000e+00   1.4125820e+00   8.2054600e-01   2.8619169e+00   0.0000000e+00
   1.0200000e+02   0.0000000e+00   4.6684700e-01   8.2054600e-01   2.8619169e+00   0.0000000e+00
   1.0300000e+02   1.0000000e+00   4.7791900e-01   8.2054600e-01   2.8619169e+00   1.0000000e+00
   1.0400000e+02   0.0000000e+00   4.7656000e-01   8.2054600e-01   2.8619169e+00   0.0000000e+00
   1.0500000e+02   0.0000000e+00   1.9741100e+00   8.2054600e-01   2.8619169e+00   0.0000000e+00
   1.0600000e+02   0.0000000e+00   8.0400000e-01   8.2054600e-01   2.8619169e+00   1.0000000e+00
   1.0700000e+02   0.0000000e+00   7.0374100e-01   8.2054600e-01   2.8619169e+00   0.0000000e+00
   1.0800000e+02   0.0000000e+00   5.6279400e-01   8.2054600e-01   2.8619169e+00   1.0000000e+00
   1.0900000e+02   0.0000000e+00   5.6123500e-01   8.2054600e-01   2.8619169e+00   1.0000000e+00
   1.1000000e+02   0.0000000e+00   6.4457300e-01   8.2054600e-01   2.8619169e+00   1.0000000e+00
   1.1100000e+02   1.0000000e+00   6.3542600e-01   8.2054600e-01   2.8619169e+00   1.0000000e+00
   1.1200000e+02   0.0000000e+00   1.4366550e+00   8.2054600e-01   2.8619169e+00   0.0000000e+00
   1.1300000e+02   0.0000000e+00   1.9514410e+00   8.2054600e-01   2.8619169e+00   0.0000000e+00
   1.1400000e+02   0.0000000e+00   4.9841200e-01   8.2054600e-01   2.8619169e+00   0.0000000e+00
   1.1500000e+02   1.0000000e+00   7.7355300e-01   8.2054600e-01   2.8619169e+00   0.0000000e+00
   1.1600000e+02   1.0000000e+00   6.2095400e-01   8.2054600e-01   2.8619169e+00   1.0000000e+00
   1.1700000e+02   0.0000000e+00   1.3170700e+00   8.2054600e-01   2.8619169e+00   0.0000000e+00
   1.1800000e+02   0.0000000e+00   2.1027370e+00   8.2054600e-01   2.8619169e+00   1.0000000e+00
   1.1900000e+02   1.0000000e+00   7.4463700e-01   8.2054600e-01   2.8619169e+00   0.0000000e+00
   1.2000000e+02   0.0000000e+00   2.4174410e+00   8.2054600e-01   2.8619169e+00   1.0000000e+00
   1.2100000e+02   0.0000000e+00   6.0885300e-01   8.2054600e-01   2.8619169e+00   0.0000000e+00
   1.2200000e+02   1.0000000e+00   1.2418270e+00   8.2054600e-01   2.8619169e+00   0.0000000e+00
   1.2300000e+02   1.0000000e+00   1.4233090e+00   8.2054600e-01   2.8619169e+00   1.0000000e+00
   1.2400000e+02   0.0000000e+00   9.2165300e-01   8.2054600e-01   2.8619169e+00   1.0000000e+00
   1.2500000e+02   0.0000000e+00   1.3278200e+00   8.2054600e-01   2.8619169e+00   0.0000000e+00
   1.2600000e+02   0.0000000e+00   5.4035200e-01   8.2054600e-01   2.8619169e+00   0.0000000e+00
   1.2700000e+02   0.0000000e+00   4.9365800e-01   8.2054600e-01   2.8619169e+00   1.0000000e+00
   1.2800000e+02   0.0000000e+00   1.2494540e+00   8.2054600e-01   2.8619169e+00   0.0000000e+00
   1.2900000e+02   1.0000000e+00   4.8487300e-01   8.2054600e-01   2.8619169e+00   0.0000000e+00
   1.3000000e+02   0.0000000e+00   5.5114800e-01   8.2054600e-01   2.8619169e+00   1.0000000e+00
   1.3100000e+02   0.0000000e+00   6.7583700e-01   8.2054600e-01   2.8619169e+00   1.0000000e+00
   1.3200000e+02   1.0000000e+00   5.2691900e-01   8.2054600e-01   2.8619169e+00   1.0000000e+00
   1.3300000e+02   0.0000000e+00   1.5391120e+00   8.2054600e-01   2.8619169e+00   1.0000000e+00
   1.3400000e+02   0.0000000e+00   8.0285400e-01   8.2054600e-01   2.8619169e+00   0.0000000e+00
   1.3500000e+02   1.0000000e+00   6.9361600e-01   8.2054600e-01   2.8619169e+00   1.0000000e+00
   1.3600000e+02   1.0000000e+00   6.3097700e-01   8.2054600e-01   2.8619169e+00   0.0000000e+00
