   1.0000000e+00   0.0000000e+00   9.1475000e-01   8.2403200e-01   3.0601961e+00   0.0000000e+00
   2.0000000e+00   0.0000000e+00   1.0001060e+00   8.2403200e-01   3.0601961e+00   0.0000000e+00
   3.0000000e+00   1.0000000e+00   4.9200000e-01   8.2403200e-01   3.0601961e+00   0.0000000e+00
   4.0000000e+00   0.0000000e+00   6.7551800e-01   8.2403200e-01   3.0601961e+00   1.0000000e+00
   5.0000000e+00   0.0000000e+00   1.1366070e+00   8.2403200e-01   3.0601961e+00   0.0000000e+00
   6.0000000e+00   0.0000000e+00   1.9606430e+00   8.2403200e-01   3.0601961e+00   1.0000000e+00
   7.0000000e+00   1.0000000e+00   1.5663520e+00   8.2403200e-01   3.0601961e+00   1.0000000e+00
   8.0000000e+00   0.0000000e+00   1.0273040e+00   8.2403200e-01   3.0601961e+00   1.0000000e+00
   9.0000000e+00   0.0000000e+00   5.6620000e-01   8.2403200e-01   3.0601961e+00   0.0000000e+00
   1.0000000e+01   0.0000000e+00   9.0506200e-01   8.2403200e-01   3.0601961e+00   0.0000000e+00
   1.1000000e+01   0.0000000e+00   4.7894600e-01   8.2403200e-01   3.0601961e+00   1.0000000e+00
   1.2000000e+01   0.0000000e+00   6.1171400e-01   8.2403200e-01   3.0601961e+00   0.0000000e+00
   1.3000000e+01   0.0000000e+00   1.2802000e+00   8.2403200e-01   3.0601961e+00   0.0000000e+00
   1.4000000e+01   0.0000000e+00   8.0762400e-01   8.2403200e-01   3.0601961e+00   0.0000000e+00
   1.5000000e+01   1.0000000e+00   1.3495810e+00   8.2403200e-01   3.0601961e+00   0.0000000e+00
   1.6000000e+01   0.0000000e+00   5.9029100e-01   8.2403200e-01   3.0601961e+00   1.0000000e+00
   1.7000000e+01   1.0000000e+00   8.0099100e-01   8.2403200e-01   3.0601961e+00   1.0000000e+00
   1.8000000e+01   0.0000000e+00   4.8753300e-01   8.2403200e-01   3.0601961e+00   1.0000000e+00
   1.9000000e+01   1.0000000e+00   6.8902100e-01   8.2403200e-01   3.0601961e+00   1.0000000e+00
   2.0000000e+01   0.0000000e+00   4.4630700e-01   8.2403200e-01   3.0601961e+00   0.0000000e+00
   2.1000000e+01   1.0000000e+00   5.3204100e-01   8.2403200e-01   3.0601961e+00   0.0000000e+00
   2.2000000e+01   0.0000000e+00   5.5287400e-01   8.2403200e-01   3.0601961e+00   0.0000000e+00
   2.3000000e+01   0.0000000e+00   1.0735590e+00   8.2403200e-01   3.0601961e+00   1.0000000e+00
   2.4000000e+01   0.0000000e+00   4.3883800e-01   8.2403200e-01   3.0601961e+00   0.0000000e+00
   2.5000000e+01   0.0000000e+00   5.0999600e-01   8.2403200e-01   3.0601961e+00   0.0000000e+00
   2.6000000e+01   0.0000000e+00   7.4278200e-01   8.2403200e-01   3.0601961e+00   1.0000000e+00
   2.7000000e+01   0.0000000e+00   3.0525040e+00   8.2403200e-01   3.0601961e+00   1.0000000e+00
   2.8000000e+01   0.0000000e+00   6.9908700e-01   8.2403200e-01   3.0601961e+00   1.0000000e+00
   2.9000000e+01   1.0000000e+00   8.3385600e-01   8.2403200e-01   3.0601961e+00   1.0000000e+00
   3.0000000e+01   1.0000000e+00   6.3677200e-01   8.2403200e-01   3.0601961e+00   0.0000000e+00
   3.1000000e+01   0.0000000e+00   9.3251800e-01   8.2403200e-01   3.0601961e+00   0.0000000e+00
   3.2000000e+01   0.0000000e+00   1.1132710e+00   8.2403200e-01   3.0601961e+00   1.0000000e+00
   3.3000000e+01   1.0000000e+00   1.3620610e+00   8.2403200e-01   3.0601961e+00   1.0000000e+00
   3.4000000e+01   0.0000000e+00   6.1619100e-01   8.2403200e-01   3.0601961e+00   1.0000000e+00
   3.5000000e+01   0.0000000e+00   4.5474300e-01   8.2403200e-01   3.0601961e+00   0.0000000e+00
   3.6000000e+01   0.0000000e+00   8.4739700e-01   8.2403200e-01   3.0601961e+00   1.0000000e+00
   3.7000000e+01   1.0000000e+00   6.3258300e-01   8.2403200e-01   3.0601961e+00   0.0000000e+00
   3.8000000e+01   0.0000000e+00   1.4774910e+00   8.2403200e-01   3.0601961e+00   0.0000000e+00
   3.9000000e+01   1.0000000e+00   4.9643100e-01   8.2403200e-01   3.0601961e+00   0.0000000e+00
   4.0000000e+01   0.0000000e+00   4.4753500e-01   8.2403200e-01   3.0601961e+00   1.0000000e+00
   4.1000000e+01   0.0000000e+00   6.0002500e-01   8.2403200e-01   3.0601961e+00   0.0000000e+00
   4.2000000e+01   0.0000000e+00   5.8822600e-01   8.2403200e-01   3.0601961e+00   1.0000000e+00
   4.3000000e+01   0.0000000e+00   1.5348670e+00   8.2403200e-01   3.0601961e+00   0.0000000e+00
   4.4000000e+01   1.0000000e+00   7.1113500e-01   8.2403200e-01   3.0601961e+00   1.0000000e+00
   4.5000000e+01   0.0000000e+00   1.1973320e+00   8.2403200e-01   3.0601961e+00   1.0000000e+00
   4.6000000e+01   0.0000000e+00   1.2222250e+00   8.2403200e-01   3.0601961e+00   0.0000000e+00
   4.7000000e+01   0.0000000e+00   8.4117400e-01   8.2403200e-01   3.0601961e+00   1.0000000e+00
   4.8000000e+01   0.0000000e+00   5.4584900e-01   8.2403200e-01   3.0601961e+00   0.0000000e+00
   4.9000000e+01   1.0000000e+00   5.3574300e-01   8.2403200e-01   3.0601961e+00   0.0000000e+00
   5.0000000e+01   0.0000000e+00   5.7650800e-01   8.2403200e-01   3.0601961e+00   0.0000000e+00
   5.1000000e+01   0.0000000e+00   5.2819400e-01   8.2403200e-01   3.0601961e+00   1.0000000e+00
   5.2000000e+01   0.0000000e+00   2.3882830e+00   8.2403200e-01   3.0601961e+00   1.0000000e+00
   5.3000000e+01   0.0000000e+00   4.6215500e-01   8.2403200e-01   3.0601961e+00   1.0000000e+00
   5.4000000e+01   0.0000000e+00   5.0381800e-01   8.2403200e-01   3.0601961e+00   0.0000000e+00
   5.5000000e+01   1.0000000e+00   6.4532800e-01   8.2403200e-01   3.0601961e+00   1.0000000e+00
   5.6000000e+01   0.0000000e+00   8.4807100e-01   8.2403200e-01   3.0601961e+00   1.0000000e+00
   5.7000000e+01   0.0000000e+00   1.2248780e+00   8.2403200e-01   3.0601961e+00   1.0000000e+00
   5.8000000e+01   1.0000000e+00   1.6546100e+00   8.2403200e-01   3.0601961e+00   1.0000000e+00
   5.9000000e+01   0.0000000e+00   1.7452960e+00   8.2403200e-01   3.0601961e+00   0.0000000e+00
   6.0000000e+01   0.0000000e+00   5.0212100e-01   8.2403200e-01   3.0601961e+00   1.0000000e+00
   6.1000000e+01   0.0000000e+00   5.1685800e-01   8.2403200e-01   3.0601961e+00   1.0000000e+00
   6.2000000e+01   1.0000000e+00   1.9458280e+00   8.2403200e-01   3.0601961e+00   0.0000000e+00
   6.3000000e+01   0.0000000e+00   1.6942920e+00   8.2403200e-01   3.0601961e+00   0.0000000e+00
   6.4000000e+01   0.0000000e+00   5.4816500e-01   8.2403200e-01   3.0601961e+00   1.0000000e+00
   6.5000000e+01   0.0000000e+00   1.3673290e+00   8.2403200e-01   3.0601961e+00   0.0000000e+00
   6.6000000e+01   1.0000000e+00   4.8959500e-01   8.2403200e-01   3.0601961e+00   1.0000000e+00
   6.7000000e+01   0.0000000e+00   1.1322310e+00   8.2403200e-01   3.0601961e+00   0.0000000e+00
   6.8000000e+01   1.0000000e+00   1.3978620e+00   8.2403200e-01   3.0601961e+00   0.0000000e+00
   6.9000000e+01   0.0000000e+00   9.2758100e-01   8.2403200e-01   3.0601961e+00   0.0000000e+00
   7.0000000e+01   1.0000000e+00   5.8732000e-01   8.2403200e-01   3.0601961e+00   0.0000000e+00
   7.1000000e+01   0.0000000e+00   2.5447010e+00   8.2403200e-01   3.0601961e+00   1.0000000e+00
   7.2000000e+01   0.0000000e+00   7.2892300e-01   8.2403200e-01   3.0601961e+00   0.0000000e+00
   7.3000000e+01   0.0000000e+00   4.5375300e-01   8.2403200e-01   3.0601961e+00   1.0000000e+00
   7.4000000e+01   0.0000000e+00   5.4230600e-01   8.2403200e-01   3.0601961e+00   0.0000000e+00
   7.5000000e+01   0.0000000e+00   9.4088000e-01   8.2403200e-01   3.0601961e+00   1.0000000e+00
   7.6000000e+01   1.0000000e+00   1.8525160e+00   8.2403200e-01   3.0601961e+00   1.0000000e+00
   7.7000000e+01   0.0000000e+00   1.2552460e+00   8.2403200e-01   3.0601961e+00   0.0000000e+00
   7.8000000e+01   0.0000000e+00   4.6247300e-01   8.2403200e-01   3.0601961e+00   1.0000000e+00
   7.9000000e+01   0.0000000e+00   1.0301640e+00   8.2403200e-01   3.0601961e+00   1.0000000e+00
   8.0000000e+01   0.0000000e+00   1.3607990e+00   8.2403200e-01   3.0601961e+00   0.0000000e+00
   8.1000000e+01   1.0000000e+00   1.1659670e+00   8.2403200e-01   3.0601961e+00   1.0000000e+00
   8.2000000e+01   0.0000000e+00   7.0345800e-01   8.2403200e-01   3.0601961e+00   1.0000000e+00
   8.3000000e+01   1.0000000e+00   1.3180940e+00   8.2403200e-01   3.0601961e+00   0.0000000e+00
   8.4000000e+01   0.0000000e+00   5.6966200e-01   8.2403200e-01   3.0601961e+00   1.0000000e+00
   8.5000000e+01   0.0000000e+00   9.2439000e-01   8.2403200e-01   3.0601961e+00   0.0000000e+00
   8.6000000e+01   1.0000000e+00   1.4878950e+00   8.2403200e-01   3.0601961e+00   1.0000000e+00
   8.7000000e+01   0.0000000e+00   4.9754400e-01   8.2403200e-01   3.0601961e+00   1.0000000e+00
   8.8000000e+01   1.0000000e+00   4.5648100e-01   8.2403200e-01   3.0601961e+00   0.0000000e+00
   8.9000000e+01   0.0000000e+00   5.8373500e-01   8.2403200e-01   3.0601961e+00   1.0000000e+00
   9.0000000e+01   0.0000000e+00   4.7535000e-01   8.2403200e-01   3.0601961e+00   0.0000000e+00
   9.1000000e+01   0.0000000e+00   4.8909100e-01   8.2403200e-01   3.0601961e+00   1.0000000e+00
   9.2000000e+01   0.0000000e+00   4.9750500e-01   8.2403200e-01   3.0601961e+00   0.0000000e+00
   9.3000000e+01   1.0000000e+00   1.6629410e+00   8.2403200e-01   3.0601961e+00   0.0000000e+00
   9.4000000e+01   1.0000000e+00   4.9879000e-01   8.2403200e-01   3.0601961e+00   1.0000000e+00
   9.5000000e+01   0.0000000e+00   1.1744100e+00   8.2403200e-01   3.0601961e+00   1.0000000e+00
   9.6000000e+01   0.0000000e+00   4.9372500e-01   8.2403200e-01   3.0601961e+00   0.0000000e+00
   9.7000000e+01   1.0000000e+00   7.4386500e-01   8.2403200e-01   3.0601961e+00   0.0000000e+00
   9.8000000e+01   0.0000000e+00   5.8880700e-01   8.2403200e-01   3.0601961e+00   1.0000000e+00
   9.9000000e+01   1.0000000e+00   8.0218400e-01   8.2403200e-01   3.0601961e+00   1.0000000e+00
   1.0000000e+02   0.0000000e+00   4.7380400e-01   8.2403200e-01   3.0601961e+00   0.0000000e+00
   1.0100000e+02   1.0000000e+00   7.2290200e-01   8.2403200e-01   3.0601961e+00   0.0000000e+00
   1.0200000e+02   0.0000000e+00   1.2019910e+00   8.2403200e-01   3.0601961e+00   0.0000000e+00
   1.0300000e+02   0.0000000e+00   8.9116900e-01   8.2403200e-01   3.0601961e+00   0.0000000e+00
   1.0400000e+02   0.0000000e+00   2.1469660e+00   8.2403200e-01   3.0601961e+00   0.0000000e+00
   1.0500000e+02   0.0000000e+00   6.0612200e-01   8.2403200e-01   3.0601961e+00   1.0000000e+00
   1.0600000e+02   1.0000000e+00   5.4801900e-01   8.2403200e-01   3.0601961e+00   1.0000000e+00
   1.0700000e+02   0.0000000e+00   1.4305940e+00   8.2403200e-01   3.0601961e+00   0.0000000e+00
   1.0800000e+02   0.0000000e+00   6.3058800e-01   8.2403200e-01   3.0601961e+00   1.0000000e+00
   1.0900000e+02   0.0000000e+00   8.5036700e-01   8.2403200e-01   3.0601961e+00   1.0000000e+00
   1.1000000e+02   1.0000000e+00   4.9660400e-01   8.2403200e-01   3.0601961e+00   1.0000000e+00
   1.1100000e+02   0.0000000e+00   7.2385500e-01   8.2403200e-01   3.0601961e+00   1.0000000e+00
   1.1200000e+02   1.0000000e+00   4.3761800e-01   8.2403200e-01   3.0601961e+00   0.0000000e+00
   1.1300000e+02   1.0000000e+00   4.9836800e-01   8.2403200e-01   3.0601961e+00   1.0000000e+00
   1.1400000e+02   0.0000000e+00   1.8366020e+00   8.2403200e-01   3.0601961e+00   0.0000000e+00
   1.1500000e+02   1.0000000e+00   9.7305300e-01   8.2403200e-01   3.0601961e+00   0.0000000e+00
   1.1600000e+02   0.0000000e+00   7.4596400e-01   8.2403200e-01   3.0601961e+00   0.0000000e+00
   1.1700000e+02   0.0000000e+00   7.1720900e-01   8.2403200e-01   3.0601961e+00   1.0000000e+00
   1.1800000e+02   0.0000000e+00   5.8910400e-01   8.2403200e-01   3.0601961e+00   1.0000000e+00
   1.1900000e+02   0.0000000e+00   1.3424690e+00   8.2403200e-01   3.0601961e+00   1.0000000e+00
   1.2000000e+02   0.0000000e+00   8.7589000e-01   8.2403200e-01   3.0601961e+00   0.0000000e+00
   1.2100000e+02   0.0000000e+00   6.0421600e-01   8.2403200e-01   3.0601961e+00   0.0000000e+00
   1.2200000e+02   1.0000000e+00   7.8211700e-01   8.2403200e-01   3.0601961e+00   0.0000000e+00
   1.2300000e+02   0.0000000e+00   1.1857350e+00   8.2403200e-01   3.0601961e+00   1.0000000e+00
   1.2400000e+02   0.0000000e+00   6.1830900e-01   8.2403200e-01   3.0601961e+00   1.0000000e+00
   1.2500000e+02   0.0000000e+00   1.1691630e+00   8.2403200e-01   3.0601961e+00   0.0000000e+00
   1.2600000e+02   0.0000000e+00   9.9640300e-01   8.2403200e-01   3.0601961e+00   0.0000000e+00
   1.2700000e+02   0.0000000e+00   9.7331100e-01   8.2403200e-01   3.0601961e+00   0.0000000e+00
   1.2800000e+02   1.0000000e+00   4.9925800e-01   8.2403200e-01   3.0601961e+00   1.0000000e+00
   1.2900000e+02   0.0000000e+00   7.9120300e-01   8.2403200e-01   3.0601961e+00   0.0000000e+00
   1.3000000e+02   1.0000000e+00   1.2381940e+00   8.2403200e-01   3.0601961e+00   0.0000000e+00
   1.3100000e+02   0.0000000e+00   5.1214100e-01   8.2403200e-01   3.0601961e+00   1.0000000e+00
   1.3200000e+02   1.0000000e+00   1.0494640e+00   8.2403200e-01   3.0601961e+00   1.0000000e+00
   1.3300000e+02   0.0000000e+00   7.3549800e-01   8.2403200e-01   3.0601961e+00   1.0000000e+00
   1.3400000e+02   0.0000000e+00   3.7823430e+00   8.2403200e-01   3.0601961e+00   0.0000000e+00
   1.3500000e+02   1.0000000e+00   1.8315140e+00   8.2403200e-01   3.0601961e+00   1.0000000e+00
   1.3600000e+02   1.0000000e+00   6.4404100e-01   8.2403200e-01   3.0601961e+00   0.0000000e+00
