   1.0000000e+00   0.0000000e+00   2.9859730e+00   8.2591300e-01   2.6763748e+00   1.0000000e+00
   2.0000000e+00   0.0000000e+00   1.1045470e+00   8.2591300e-01   2.6763748e+00   1.0000000e+00
   3.0000000e+00   0.0000000e+00   4.7403400e-01   8.2591300e-01   2.6763748e+00   1.0000000e+00
   4.0000000e+00   1.0000000e+00   4.7965900e-01   8.2591300e-01   2.6763748e+00   0.0000000e+00
   5.0000000e+00   0.0000000e+00   6.1429300e-01   8.2591300e-01   2.6763748e+00   1.0000000e+00
   6.0000000e+00   1.0000000e+00   4.6562700e-01   8.2591300e-01   2.6763748e+00   1.0000000e+00
   7.0000000e+00   0.0000000e+00   2.5904110e+00   8.2591300e-01   2.6763748e+00   0.0000000e+00
   8.0000000e+00   0.0000000e+00   7.0100900e-01   8.2591300e-01   2.6763748e+00   1.0000000e+00
   9.0000000e+00   0.0000000e+00   4.5017800e-01   8.2591300e-01   2.6763748e+00   0.0000000e+00
   1.0000000e+01   0.0000000e+00   9.8679500e-01   8.2591300e-01   2.6763748e+00   0.0000000e+00
   1.1000000e+01   1.0000000e+00   1.5184910e+00   8.2591300e-01   2.6763748e+00   0.0000000e+00
   1.2000000e+01   0.0000000e+00   5.8577000e-01   8.2591300e-01   2.6763748e+00   0.0000000e+00
   1.3000000e+01   1.0000000e+00   9.0542900e-01   8.2591300e-01   2.6763748e+00   1.0000000e+00
   1.4000000e+01   0.0000000e+00   1.6978420e+00   8.2591300e-01   2.6763748e+00   0.0000000e+00
   1.5000000e+01   1.0000000e+00   1.0971680e+00   8.2591300e-01   2.6763748e+00   1.0000000e+00
   1.6000000e+01   0.0000000e+00   1.2988980e+00   8.2591300e-01   2.6763748e+00   1.0000000e+00
   1.7000000e+01   0.0000000e+00   4.5037000e-01   8.2591300e-01   2.6763748e+00   1.0000000e+00
   1.8000000e+01   0.0000000e+00   2.0696360e+00   8.2591300e-01   2.6763748e+00   1.0000000e+00
   1.9000000e+01   0.0000000e+00   6.2981000e-01   8.2591300e-01   2.6763748e+00   0.0000000e+00
   2.0000000e+01   0.0000000e+00   5.7942200e-01   8.2591300e-01   2.6763748e+00   0.0000000e+00
   2.1000000e+01   1.0000000e+00   4.6200400e-01   8.2591300e-01   2.6763748e+00   0.0000000e+00
   2.2000000e+01   0.0000000e+00   8.1082300e-01   8.2591300e-01   2.6763748e+00   1.0000000e+00
   2.3000000e+01   0.0000000e+00   6.9561200e-01   8.2591300e-01   2.6763748e+00   1.0000000e+00
   2.4000000e+01   0.0000000e+00   6.0368300e-01   8.2591300e-01   2.6763748e+00   0.0000000e+00
   2.5000000e+01   1.0000000e+00   1.7632870e+00   8.2591300e-01   2.6763748e+00   1.0000000e+00
   2.6000000e+01   0.0000000e+00   6.4518000e-01   8.2591300e-01   2.6763748e+00   0.0000000e+00
   2.7000000e+01   0.0000000e+00   5.5849000e-01   8.2591300e-01   2.6763748e+00   1.0000000e+00
   2.8000000e+01   0.0000000e+00   6.8507200e-01   8.2591300e-01   2.6763748e+00   0.0000000e+00
   2.9000000e+01   1.0000000e+00   9.9097100e-01   8.2591300e-01   2.6763748e+00   0.0000000e+00
   3.0000000e+01   0.0000000e+00   5.6044900e-01   8.2591300e-01   2.6763748e+00   0.0000000e+00
   3.1000000e+01   0.0000000e+00   1.1650010e+00   8.2591300e-01   2.6763748e+00   0.0000000e+00
   3.2000000e+01   0.0000000e+00   1.3424420e+00   8.2591300e-01   2.6763748e+00   0.0000000e+00
   3.3000000e+01   1.0000000e+00   8.4180500e-01   8.2591300e-01   2.6763748e+00   1.0000000e+00
   3.4000000e+01   0.0000000e+00   1.0702340e+00   8.2591300e-01   2.6763748e+00   1.0000000e+00
   3.5000000e+01   0.0000000e+00   8.0087400e-01   8.2591300e-01   2.6763748e+00   0.0000000e+00
   3.6000000e+01   1.0000000e+00   7.0870100e-01   8.2591300e-01   2.6763748e+00   0.0000000e+00
   3.7000000e+01   0.0000000e+00   4.5987300e-01   8.2591300e-01   2.6763748e+00   0.0000000e+00
   3.8000000e+01   1.0000000e+00   1.7500070e+00   8.2591300e-01   2.6763748e+00   0.0000000e+00
   3.9000000e+01   0.0000000e+00   4.5281900e-01   8.2591300e-01   2.6763748e+00   0.0000000e+00
   4.0000000e+01   1.0000000e+00   5.7436100e-01   8.2591300e-01   2.6763748e+00   1.0000000e+00
   4.1000000e+01   0.0000000e+00   2.6268460e+00   8.2591300e-01   2.6763748e+00   0.0000000e+00
   4.2000000e+01   0.0000000e+00   1.8449360e+00   8.2591300e-01   2.6763748e+00   0.0000000e+00
   4.3000000e+01   0.0000000e+00   1.0367380e+00   8.2591300e-01   2.6763748e+00   1.0000000e+00
   4.4000000e+01   0.0000000e+00   6.6952800e-01   8.2591300e-01   2.6763748e+00   1.0000000e+00
   4.5000000e+01   0.0000000e+00   9.6823000e-01   8.2591300e-01   2.6763748e+00   0.0000000e+00
   4.6000000e+01   0.0000000e+00   4.8444600e-01   8.2591300e-01   2.6763748e+00   1.0000000e+00
   4.7000000e+01   0.0000000e+00   5.1328700e-01   8.2591300e-01   2.6763748e+00   1.0000000e+00
   4.8000000e+01   0.0000000e+00   8.7502000e-01   8.2591300e-01   2.6763748e+00   1.0000000e+00
   4.9000000e+01   1.0000000e+00   1.7047710e+00   8.2591300e-01   2.6763748e+00   0.0000000e+00
   5.0000000e+01   0.0000000e+00   9.8695700e-01   8.2591300e-01   2.6763748e+00   1.0000000e+00
   5.1000000e+01   0.0000000e+00   1.1603050e+00   8.2591300e-01   2.6763748e+00   0.0000000e+00
   5.2000000e+01   1.0000000e+00   6.5103000e-01   8.2591300e-01   2.6763748e+00   1.0000000e+00
   5.3000000e+01   1.0000000e+00   1.3703530e+00   8.2591300e-01   2.6763748e+00   1.0000000e+00
   5.4000000e+01   0.0000000e+00   1.2425560e+00   8.2591300e-01   2.6763748e+00   0.0000000e+00
   5.5000000e+01   0.0000000e+00   6.5432100e-01   8.2591300e-01   2.6763748e+00   1.0000000e+00
   5.6000000e+01   0.0000000e+00   8.1783200e-01   8.2591300e-01   2.6763748e+00   0.0000000e+00
   5.7000000e+01   1.0000000e+00   1.2785040e+00   8.2591300e-01   2.6763748e+00   0.0000000e+00
   5.8000000e+01   0.0000000e+00   1.0669800e+00   8.2591300e-01   2.6763748e+00   1.0000000e+00
   5.9000000e+01   0.0000000e+00   8.5603700e-01   8.2591300e-01   2.6763748e+00   0.0000000e+00
   6.0000000e+01   0.0000000e+00   4.6187000e-01   8.2591300e-01   2.6763748e+00   0.0000000e+00
   6.1000000e+01   0.0000000e+00   9.1609400e-01   8.2591300e-01   2.6763748e+00   1.0000000e+00
   6.2000000e+01   1.0000000e+00   2.4167820e+00   8.2591300e-01   2.6763748e+00   1.0000000e+00
   6.3000000e+01   0.0000000e+00   1.2692030e+00   8.2591300e-01   2.6763748e+00   1.0000000e+00
   6.4000000e+01   1.0000000e+00   1.0706320e+00   8.2591300e-01   2.6763748e+00   0.0000000e+00
   6.5000000e+01   0.0000000e+00   1.6377550e+00   8.2591300e-01   2.6763748e+00   1.0000000e+00
   6.6000000e+01   0.0000000e+00   5.9971700e-01   8.2591300e-01   2.6763748e+00   0.0000000e+00
   6.7000000e+01   0.0000000e+00   1.5785550e+00   8.2591300e-01   2.6763748e+00   1.0000000e+00
   6.8000000e+01   0.0000000e+00   5.0104100e-01   8.2591300e-01   2.6763748e+00   1.0000000e+00
   6.9000000e+01   1.0000000e+00   1.9537260e+00   8.2591300e-01   2.6763748e+00   0.0000000e+00
   7.0000000e+01   1.0000000e+00   7.6262300e-01   8.2591300e-01   2.6763748e+00   1.0000000e+00
   7.1000000e+01   0.0000000e+00   5.8035000e-01   8.2591300e-01   2.6763748e+00   1.0000000e+00
   7.2000000e+01   0.0000000e+00   1.0705220e+00   8.2591300e-01   2.6763748e+00   1.0000000e+00
   7.3000000e+01   0.0000000e+00   4.7917700e-01   8.2591300e-01   2.6763748e+00   0.0000000e+00
   7.4000000e+01   0.0000000e+00   4.4393200e-01   8.2591300e-01   2.6763748e+00   0.0000000e+00
   7.5000000e+01   0.0000000e+00   5.7711200e-01   8.2591300e-01   2.6763748e+00   1.0000000e+00
   7.6000000e+01   0.0000000e+00   9.1765300e-01   8.2591300e-01   2.6763748e+00   1.0000000e+00
   7.7000000e+01   0.0000000e+00   5.3283700e-01   8.2591300e-01   2.6763748e+00   1.0000000e+00
   7.8000000e+01   1.0000000e+00   8.7629600e-01   8.2591300e-01   2.6763748e+00   1.0000000e+00
   7.9000000e+01   0.0000000e+00   6.5791300e-01   8.2591300e-01   2.6763748e+00   0.0000000e+00
   8.0000000e+01   0.0000000e+00   5.2869300e-01   8.2591300e-01   2.6763748e+00   0.0000000e+00
   8.1000000e+01   1.0000000e+00   8.4384000e-01   8.2591300e-01   2.6763748e+00   0.0000000e+00
   8.2000000e+01   0.0000000e+00   1.2675900e+00   8.2591300e-01   2.6763748e+00   0.0000000e+00
   8.3000000e+01   1.0000000e+00   8.8170300e-01   8.2591300e-01   2.6763748e+00   1.0000000e+00
   8.4000000e+01   0.0000000e+00   1.1394950e+00   8.2591300e-01   2.6763748e+00   1.0000000e+00
   8.5000000e+01   1.0000000e+00   5.7311100e-01   8.2591300e-01   2.6763748e+00   0.0000000e+00
   8.6000000e+01   0.0000000e+00   7.4447800e-01   8.2591300e-01   2.6763748e+00   0.0000000e+00
   8.7000000e+01   0.0000000e+00   1.1438580e+00   8.2591300e-01   2.6763748e+00   0.0000000e+00
   8.8000000e+01   1.0000000e+00   7.2471200e-01   8.2591300e-01   2.6763748e+00   0.0000000e+00
   8.9000000e+01   0.0000000e+00   9.9836900e-01   8.2591300e-01   2.6763748e+00   0.0000000e+00
   9.0000000e+01   1.0000000e+00   1.7547540e+00   8.2591300e-01   2.6763748e+00   1.0000000e+00
   9.1000000e+01   0.0000000e+00   8.3373400e-01   8.2591300e-01   2.6763748e+00   1.0000000e+00
   9.2000000e+01   0.0000000e+00   1.7928190e+00   8.2591300e-01   2.6763748e+00   1.0000000e+00
   9.3000000e+01   0.0000000e+00   6.8443800e-01   8.2591300e-01   2.6763748e+00   0.0000000e+00
   9.4000000e+01   0.0000000e+00   6.3064400e-01   8.2591300e-01   2.6763748e+00   1.0000000e+00
   9.5000000e+01   1.0000000e+00   5.5829400e-01   8.2591300e-01   2.6763748e+00   0.0000000e+00
   9.6000000e+01   0.0000000e+00   6.5000000e-01   8.2591300e-01   2.6763748e+00   1.0000000e+00
   9.7000000e+01   0.0000000e+00   7.3805000e-01   8.2591300e-01   2.6763748e+00   0.0000000e+00
   9.8000000e+01   0.0000000e+00   5.5134100e-01   8.2591300e-01   2.6763748e+00   1.0000000e+00
   9.9000000e+01   0.0000000e+00   4.9557200e-01   8.2591300e-01   2.6763748e+00   1.0000000e+00
   1.0000000e+02   1.0000000e+00   5.8530600e-01   8.2591300e-01   2.6763748e+00   1.0000000e+00
   1.0100000e+02   0.0000000e+00   6.7257300e-01   8.2591300e-01   2.6763748e+00   0.0000000e+00
   1.0200000e+02   1.0000000e+00   1.0800010e+00   8.2591300e-01   2.6763748e+00   0.0000000e+00
   1.0300000e+02   0.0000000e+00   9.0816000e-01   8.2591300e-01   2.6763748e+00   1.0000000e+00
   1.0400000e+02   0.0000000e+00   6.2941100e-01   8.2591300e-01   2.6763748e+00   0.0000000e+00
   1.0500000e+02   0.0000000e+00   1.1767460e+00   8.2591300e-01   2.6763748e+00   1.0000000e+00
   1.0600000e+02   0.0000000e+00   4.3808700e-01   8.2591300e-01   2.6763748e+00   1.0000000e+00
   1.0700000e+02   0.0000000e+00   5.1794600e-01   8.2591300e-01   2.6763748e+00   0.0000000e+00
   1.0800000e+02   1.0000000e+00   1.1562110e+00   8.2591300e-01   2.6763748e+00   1.0000000e+00
   1.0900000e+02   0.0000000e+00   8.1481000e-01   8.2591300e-01   2.6763748e+00   0.0000000e+00
   1.1000000e+02   0.0000000e+00   7.4173300e-01   8.2591300e-01   2.6763748e+00   0.0000000e+00
   1.1100000e+02   0.0000000e+00   8.6557000e-01   8.2591300e-01   2.6763748e+00   1.0000000e+00
   1.1200000e+02   1.0000000e+00   3.5184080e+00   8.2591300e-01   2.6763748e+00   1.0000000e+00
   1.1300000e+02   0.0000000e+00   5.6069300e-01   8.2591300e-01   2.6763748e+00   1.0000000e+00
   1.1400000e+02   1.0000000e+00   5.6964100e-01   8.2591300e-01   2.6763748e+00   0.0000000e+00
   1.1500000e+02   1.0000000e+00   6.4280200e-01   8.2591300e-01   2.6763748e+00   1.0000000e+00
   1.1600000e+02   0.0000000e+00   4.3829100e-01   8.2591300e-01   2.6763748e+00   0.0000000e+00
   1.1700000e+02   0.0000000e+00   4.9414500e-01   8.2591300e-01   2.6763748e+00   1.0000000e+00
   1.1800000e+02   1.0000000e+00   4.9617300e-01   8.2591300e-01   2.6763748e+00   0.0000000e+00
   1.1900000e+02   0.0000000e+00   8.3874600e-01   8.2591300e-01   2.6763748e+00   1.0000000e+00
   1.2000000e+02   1.0000000e+00   7.2932300e-01   8.2591300e-01   2.6763748e+00   0.0000000e+00
   1.2100000e+02   0.0000000e+00   7.0992000e-01   8.2591300e-01   2.6763748e+00   0.0000000e+00
   1.2200000e+02   0.0000000e+00   8.3981400e-01   8.2591300e-01   2.6763748e+00   1.0000000e+00
   1.2300000e+02   0.0000000e+00   7.1856600e-01   8.2591300e-01   2.6763748e+00   0.0000000e+00
   1.2400000e+02   0.0000000e+00   6.6099600e-01   8.2591300e-01   2.6763748e+00   1.0000000e+00
   1.2500000e+02   0.0000000e+00   9.5606600e-01   8.2591300e-01   2.6763748e+00   0.0000000e+00
   1.2600000e+02   1.0000000e+00   7.6348200e-01   8.2591300e-01   2.6763748e+00   1.0000000e+00
   1.2700000e+02   0.0000000e+00   5.6708200e-01   8.2591300e-01   2.6763748e+00   0.0000000e+00
   1.2800000e+02   0.0000000e+00   1.3037220e+00   8.2591300e-01   2.6763748e+00   0.0000000e+00
   1.2900000e+02   1.0000000e+00   4.6770600e-01   8.2591300e-01   2.6763748e+00   0.0000000e+00
   1.3000000e+02   0.0000000e+00   9.9441400e-01   8.2591300e-01   2.6763748e+00   0.0000000e+00
   1.3100000e+02   1.0000000e+00   6.1427000e-01   8.2591300e-01   2.6763748e+00   1.0000000e+00
   1.3200000e+02   0.0000000e+00   9.5023100e-01   8.2591300e-01   2.6763748e+00   1.0000000e+00
   1.3300000e+02   0.0000000e+00   5.3564300e-01   8.2591300e-01   2.6763748e+00   0.0000000e+00
   1.3400000e+02   0.0000000e+00   6.4623100e-01   8.2591300e-01   2.6763748e+00   1.0000000e+00
   1.3500000e+02   1.0000000e+00   5.6166700e-01   8.2591300e-01   2.6763748e+00   1.0000000e+00
   1.3600000e+02   1.0000000e+00   1.7204060e+00   8.2591300e-01   2.6763748e+00   0.0000000e+00
