   1.0000000e+00   0.0000000e+00   2.2028790e+00   8.1948800e-01   2.7405681e+00   0.0000000e+00
   2.0000000e+00   0.0000000e+00   7.1790500e-01   8.1948800e-01   2.7405681e+00   1.0000000e+00
   3.0000000e+00   1.0000000e+00   7.9622900e-01   8.1948800e-01   2.7405681e+00   0.0000000e+00
   4.0000000e+00   1.0000000e+00   4.4867500e-01   8.1948800e-01   2.7405681e+00   1.0000000e+00
   5.0000000e+00   0.0000000e+00   2.5997260e+00   8.1948800e-01   2.7405681e+00   1.0000000e+00
   6.0000000e+00   1.0000000e+00   4.4735800e-01   8.1948800e-01   2.7405681e+00   0.0000000e+00
   7.0000000e+00   0.0000000e+00   1.1369140e+00   8.1948800e-01   2.7405681e+00   1.0000000e+00
   8.0000000e+00   0.0000000e+00   6.3187800e-01   8.1948800e-01   2.7405681e+00   1.0000000e+00
   9.0000000e+00   1.0000000e+00   4.7558700e-01   8.1948800e-01   2.7405681e+00   1.0000000e+00
   1.0000000e+01   0.0000000e+00   9.2345800e-01   8.1948800e-01   2.7405681e+00   1.0000000e+00
   1.1000000e+01   1.0000000e+00   6.5772300e-01   8.1948800e-01   2.7405681e+00   1.0000000e+00
   1.2000000e+01   0.0000000e+00   9.2871600e-01   8.1948800e-01   2.7405681e+00   0.0000000e+00
   1.3000000e+01   1.0000000e+00   4.3909000e-01   8.1948800e-01   2.7405681e+00   0.0000000e+00
   1.4000000e+01   0.0000000e+00   2.8889240e+00   8.1948800e-01   2.7405681e+00   0.0000000e+00
   1.5000000e+01   0.0000000e+00   7.6614700e-01   8.1948800e-01   2.7405681e+00   1.0000000e+00
   1.6000000e+01   1.0000000e+00   8.6121700e-01   8.1948800e-01   2.7405681e+00   1.0000000e+00
   1.7000000e+01   0.0000000e+00   4.8339100e-01   8.1948800e-01   2.7405681e+00   1.0000000e+00
   1.8000000e+01   1.0000000e+00   5.2767200e-01   8.1948800e-01   2.7405681e+00   0.0000000e+00
   1.9000000e+01   0.0000000e+00   5.2603800e-01   8.1948800e-01   2.7405681e+00   1.0000000e+00
   2.0000000e+01   1.0000000e+00   1.2246600e+00   8.1948800e-01   2.7405681e+00   1.0000000e+00
   2.1000000e+01   0.0000000e+00   1.3242630e+00   8.1948800e-01   2.7405681e+00   0.0000000e+00
   2.2000000e+01   1.0000000e+00   1.2740080e+00   8.1948800e-01   2.7405681e+00   0.0000000e+00
   2.3000000e+01   0.0000000e+00   4.3563400e-01   8.1948800e-01   2.7405681e+00   0.0000000e+00
   2.4000000e+01   0.0000000e+00   4.5825500e-01   8.1948800e-01   2.7405681e+00   1.0000000e+00
   2.5000000e+01   0.0000000e+00   6.9059900e-01   8.1948800e-01   2.7405681e+00   1.0000000e+00
   2.6000000e+01   0.0000000e+00   4.8065000e-01   8.1948800e-01   2.7405681e+00   1.0000000e+00
   2.7000000e+01   0.0000000e+00   6.6248200e-01   8.1948800e-01   2.7405681e+00   0.0000000e+00
   2.8000000e+01   0.0000000e+00   5.9824600e-01   8.1948800e-01   2.7405681e+00   0.0000000e+00
   2.9000000e+01   0.0000000e+00   9.2675400e-01   8.1948800e-01   2.7405681e+00   0.0000000e+00
   3.0000000e+01   1.0000000e+00   7.4376900e-01   8.1948800e-01   2.7405681e+00   0.0000000e+00
   3.1000000e+01   0.0000000e+00   7.4841000e-01   8.1948800e-01   2.7405681e+00   0.0000000e+00
   3.2000000e+01   0.0000000e+00   4.8979800e-01   8.1948800e-01   2.7405681e+00   1.0000000e+00
   3.3000000e+01   0.0000000e+00   1.3489410e+00   8.1948800e-01   2.7405681e+00   0.0000000e+00
   3.4000000e+01   0.0000000e+00   1.3596190e+00   8.1948800e-01   2.7405681e+00   0.0000000e+00
   3.5000000e+01   0.0000000e+00   1.2540920e+00   8.1948800e-01   2.7405681e+00   0.0000000e+00
   3.6000000e+01   0.0000000e+00   2.1696960e+00   8.1948800e-01   2.7405681e+00   0.0000000e+00
   3.7000000e+01   0.0000000e+00   1.1644100e+00   8.1948800e-01   2.7405681e+00   1.0000000e+00
   3.8000000e+01   0.0000000e+00   5.7954700e-01   8.1948800e-01   2.7405681e+00   0.0000000e+00
   3.9000000e+01   0.0000000e+00   7.3334500e-01   8.1948800e-01   2.7405681e+00   0.0000000e+00
   4.0000000e+01   0.0000000e+00   9.8659600e-01   8.1948800e-01   2.7405681e+00   0.0000000e+00
   4.1000000e+01   0.0000000e+00   1.2579000e+00   8.1948800e-01   2.7405681e+00   1.0000000e+00
   4.2000000e+01   1.0000000e+00   8.5100700e-01   8.1948800e-01   2.7405681e+00   1.0000000e+00
   4.3000000e+01   0.0000000e+00   8.7007300e-01   8.1948800e-01   2.7405681e+00   0.0000000e+00
   4.4000000e+01   1.0000000e+00   5.9979400e-01   8.1948800e-01   2.7405681e+00   0.0000000e+00
   4.5000000e+01   0.0000000e+00   1.0107530e+00   8.1948800e-01   2.7405681e+00   1.0000000e+00
   4.6000000e+01   1.0000000e+00   9.9110800e-01   8.1948800e-01   2.7405681e+00   1.0000000e+00
   4.7000000e+01   0.0000000e+00   8.7253200e-01   8.1948800e-01   2.7405681e+00   1.0000000e+00
   4.8000000e+01   1.0000000e+00   6.4024500e-01   8.1948800e-01   2.7405681e+00   1.0000000e+00
   4.9000000e+01   0.0000000e+00   5.4401900e-01   8.1948800e-01   2.7405681e+00   0.0000000e+00
   5.0000000e+01   0.0000000e+00   1.4131570e+00   8.1948800e-01   2.7405681e+00   1.0000000e+00
   5.1000000e+01   1.0000000e+00   9.2106500e-01   8.1948800e-01   2.7405681e+00   0.0000000e+00
   5.2000000e+01   0.0000000e+00   8.1982500e-01   8.1948800e-01   2.7405681e+00   0.0000000e+00
   5.3000000e+01   1.0000000e+00   2.2608040e+00   8.1948800e-01   2.7405681e+00   1.0000000e+00
   5.4000000e+01   0.0000000e+00   1.0199590e+00   8.1948800e-01   2.7405681e+00   0.0000000e+00
   5.5000000e+01   0.0000000e+00   1.0682550e+00   8.1948800e-01   2.7405681e+00   1.0000000e+00
   5.6000000e+01   1.0000000e+00   4.9859000e-01   8.1948800e-01   2.7405681e+00   0.0000000e+00
   5.7000000e+01   0.0000000e+00   2.4145070e+00   8.1948800e-01   2.7405681e+00   1.0000000e+00
   5.8000000e+01   0.0000000e+00   1.6562140e+00   8.1948800e-01   2.7405681e+00   1.0000000e+00
   5.9000000e+01   0.0000000e+00   1.3354310e+00   8.1948800e-01   2.7405681e+00   0.0000000e+00
   6.0000000e+01   1.0000000e+00   7.7973000e-01   8.1948800e-01   2.7405681e+00   0.0000000e+00
   6.1000000e+01   0.0000000e+00   5.6090900e-01   8.1948800e-01   2.7405681e+00   1.0000000e+00
   6.2000000e+01   0.0000000e+00   1.0286560e+00   8.1948800e-01   2.7405681e+00   0.0000000e+00
   6.3000000e+01   1.0000000e+00   8.4826200e-01   8.1948800e-01   2.7405681e+00   1.0000000e+00
   6.4000000e+01   0.0000000e+00   1.2003630e+00   8.1948800e-01   2.7405681e+00   0.0000000e+00
   6.5000000e+01   1.0000000e+00   4.4513400e-01   8.1948800e-01   2.7405681e+00   1.0000000e+00
   6.6000000e+01   0.0000000e+00   7.3898600e-01   8.1948800e-01   2.7405681e+00   1.0000000e+00
   6.7000000e+01   1.0000000e+00   6.2944500e-01   8.1948800e-01   2.7405681e+00   0.0000000e+00
   6.8000000e+01   0.0000000e+00   9.9648600e-01   8.1948800e-01   2.7405681e+00   1.0000000e+00
   6.9000000e+01   1.0000000e+00   1.3840780e+00   8.1948800e-01   2.7405681e+00   1.0000000e+00
   7.0000000e+01   0.0000000e+00   1.2913810e+00   8.1948800e-01   2.7405681e+00   1.0000000e+00
   7.1000000e+01   0.0000000e+00   1.2858380e+00   8.1948800e-01   2.7405681e+00   1.0000000e+00
   7.2000000e+01   1.0000000e+00   3.0321590e+00   8.1948800e-01   2.7405681e+00   0.0000000e+00
   7.3000000e+01   0.0000000e+00   8.6131900e-01   8.1948800e-01   2.7405681e+00   0.0000000e+00
   7.4000000e+01   0.0000000e+00   5.4462200e-01   8.1948800e-01   2.7405681e+00   0.0000000e+00
   7.5000000e+01   0.0000000e+00   9.3164500e-01   8.1948800e-01   2.7405681e+00   1.0000000e+00
   7.6000000e+01   0.0000000e+00   1.1184700e+00   8.1948800e-01   2.7405681e+00   0.0000000e+00
   7.7000000e+01   1.0000000e+00   5.3583200e-01   8.1948800e-01   2.7405681e+00   0.0000000e+00
   7.8000000e+01   0.0000000e+00   1.3347760e+00   8.1948800e-01   2.7405681e+00   0.0000000e+00
   7.9000000e+01   0.0000000e+00   9.2552800e-01   8.1948800e-01   2.7405681e+00   1.0000000e+00
   8.0000000e+01   1.0000000e+00   9.5112400e-01   8.1948800e-01   2.7405681e+00   1.0000000e+00
   8.1000000e+01   1.0000000e+00   6.4500100e-01   8.1948800e-01   2.7405681e+00   0.0000000e+00
   8.2000000e+01   0.0000000e+00   1.5423890e+00   8.1948800e-01   2.7405681e+00   1.0000000e+00
   8.3000000e+01   0.0000000e+00   1.1011440e+00   8.1948800e-01   2.7405681e+00   0.0000000e+00
   8.4000000e+01   0.0000000e+00   1.0868950e+00   8.1948800e-01   2.7405681e+00   0.0000000e+00
   8.5000000e+01   0.0000000e+00   9.1696700e-01   8.1948800e-01   2.7405681e+00   1.0000000e+00
   8.6000000e+01   0.0000000e+00   8.4087500e-01   8.1948800e-01   2.7405681e+00   1.0000000e+00
   8.7000000e+01   0.0000000e+00   7.0993900e-01   8.1948800e-01   2.7405681e+00   0.0000000e+00
   8.8000000e+01   1.0000000e+00   5.6219200e-01   8.1948800e-01   2.7405681e+00   1.0000000e+00
   8.9000000e+01   1.0000000e+00   6.4989100e-01   8.1948800e-01   2.7405681e+00   0.0000000e+00
   9.0000000e+01   0.0000000e+00   9.1749400e-01   8.1948800e-01   2.7405681e+00   1.0000000e+00
   9.1000000e+01   0.0000000e+00   1.8018330e+00   8.1948800e-01   2.7405681e+00   0.0000000e+00
   9.2000000e+01   0.0000000e+00   7.0695900e-01   8.1948800e-01   2.7405681e+00   0.0000000e+00
   9.3000000e+01   0.0000000e+00   7.0591500e-01   8.1948800e-01   2.7405681e+00   0.0000000e+00
   9.4000000e+01   0.0000000e+00   8.4744900e-01   8.1948800e-01   2.7405681e+00   0.0000000e+00
   9.5000000e+01   0.0000000e+00   1.1036390e+00   8.1948800e-01   2.7405681e+00   1.0000000e+00
   9.6000000e+01   0.0000000e+00   7.3812800e-01   8.1948800e-01   2.7405681e+00   0.0000000e+00
   9.7000000e+01   1.0000000e+00   8.8223600e-01   8.1948800e-01   2.7405681e+00   1.0000000e+00
   9.8000000e+01   0.0000000e+00   1.0101860e+00   8.1948800e-01   2.7405681e+00   1.0000000e+00
   9.9000000e+01   0.0000000e+00   8.4112000e-01   8.1948800e-01   2.7405681e+00   1.0000000e+00
   1.0000000e+02   0.0000000e+00   1.0834170e+00   8.1948800e-01   2.7405681e+00   0.0000000e+00
   1.0100000e+02   0.0000000e+00   8.2543600e-01   8.1948800e-01   2.7405681e+00   1.0000000e+00
   1.0200000e+02   1.0000000e+00   6.4381500e-01   8.1948800e-01   2.7405681e+00   1.0000000e+00
   1.0300000e+02   0.0000000e+00   4.3761200e-01   8.1948800e-01   2.7405681e+00   0.0000000e+00
   1.0400000e+02   1.0000000e+00   4.8237500e-01   8.1948800e-01   2.7405681e+00   0.0000000e+00
   1.0500000e+02   0.0000000e+00   1.5128360e+00   8.1948800e-01   2.7405681e+00   0.0000000e+00
   1.0600000e+02   0.0000000e+00   1.1411880e+00   8.1948800e-01   2.7405681e+00   1.0000000e+00
   1.0700000e+02   1.0000000e+00   1.1481020e+00   8.1948800e-01   2.7405681e+00   1.0000000e+00
   1.0800000e+02   0.0000000e+00   6.5693400e-01   8.1948800e-01   2.7405681e+00   1.0000000e+00
   1.0900000e+02   0.0000000e+00   6.1596100e-01   8.1948800e-01   2.7405681e+00   1.0000000e+00
   1.1000000e+02   0.0000000e+00   4.9926000e-01   8.1948800e-01   2.7405681e+00   0.0000000e+00
   1.1100000e+02   1.0000000e+00   6.5849700e-01   8.1948800e-01   2.7405681e+00   0.0000000e+00
   1.1200000e+02   0.0000000e+00   1.5739170e+00   8.1948800e-01   2.7405681e+00   0.0000000e+00
   1.1300000e+02   0.0000000e+00   1.0545300e+00   8.1948800e-01   2.7405681e+00   0.0000000e+00
   1.1400000e+02   0.0000000e+00   5.0934100e-01   8.1948800e-01   2.7405681e+00   0.0000000e+00
   1.1500000e+02   0.0000000e+00   4.7020300e-01   8.1948800e-01   2.7405681e+00   0.0000000e+00
   1.1600000e+02   0.0000000e+00   1.1559320e+00   8.1948800e-01   2.7405681e+00   0.0000000e+00
   1.1700000e+02   0.0000000e+00   9.4216700e-01   8.1948800e-01   2.7405681e+00   1.0000000e+00
   1.1800000e+02   1.0000000e+00   5.5265300e-01   8.1948800e-01   2.7405681e+00   0.0000000e+00
   1.1900000e+02   0.0000000e+00   7.1029300e-01   8.1948800e-01   2.7405681e+00   1.0000000e+00
   1.2000000e+02   0.0000000e+00   9.0033400e-01   8.1948800e-01   2.7405681e+00   1.0000000e+00
   1.2100000e+02   0.0000000e+00   4.6787700e-01   8.1948800e-01   2.7405681e+00   1.0000000e+00
   1.2200000e+02   1.0000000e+00   6.4617900e-01   8.1948800e-01   2.7405681e+00   1.0000000e+00
   1.2300000e+02   0.0000000e+00   7.7177300e-01   8.1948800e-01   2.7405681e+00   0.0000000e+00
   1.2400000e+02   1.0000000e+00   4.7217900e-01   8.1948800e-01   2.7405681e+00   0.0000000e+00
   1.2500000e+02   0.0000000e+00   1.0790950e+00   8.1948800e-01   2.7405681e+00   0.0000000e+00
   1.2600000e+02   0.0000000e+00   5.1725400e-01   8.1948800e-01   2.7405681e+00   1.0000000e+00
   1.2700000e+02   0.0000000e+00   1.2911980e+00   8.1948800e-01   2.7405681e+00   0.0000000e+00
   1.2800000e+02   0.0000000e+00   8.8546200e-01   8.1948800e-01   2.7405681e+00   1.0000000e+00
   1.2900000e+02   1.0000000e+00   6.8636600e-01   8.1948800e-01   2.7405681e+00   1.0000000e+00
   1.3000000e+02   0.0000000e+00   4.8665900e-01   8.1948800e-01   2.7405681e+00   0.0000000e+00
   1.3100000e+02   0.0000000e+00   5.6938100e-01   8.1948800e-01   2.7405681e+00   1.0000000e+00
   1.3200000e+02   0.0000000e+00   6.9140600e-01   8.1948800e-01   2.7405681e+00   1.0000000e+00
   1.3300000e+02   0.0000000e+00   6.6419800e-01   8.1948800e-01   2.7405681e+00   1.0000000e+00
   1.3400000e+02   0.0000000e+00   5.1027100e-01   8.1948800e-01   2.7405681e+00   1.0000000e+00
   1.3500000e+02   1.0000000e+00   7.9557300e-01   8.1948800e-01   2.7405681e+00   1.0000000e+00
   1.3600000e+02   1.0000000e+00   8.5679100e-01   8.1948800e-01   2.7405681e+00   0.0000000e+00
