   1.0000000e+00   0.0000000e+00   4.5171200e-01   8.2279600e-01   3.7007935e+00   0.0000000e+00
   2.0000000e+00   0.0000000e+00   9.1770100e-01   8.2279600e-01   3.7007935e+00   1.0000000e+00
   3.0000000e+00   1.0000000e+00   7.7146400e-01   8.2279600e-01   3.7007935e+00   1.0000000e+00
   4.0000000e+00   0.0000000e+00   4.4593200e-01   8.2279600e-01   3.7007935e+00   1.0000000e+00
   5.0000000e+00   0.0000000e+00   6.9772500e-01   8.2279600e-01   3.7007935e+00   1.0000000e+00
   6.0000000e+00   1.0000000e+00   1.0304410e+00   8.2279600e-01   3.7007935e+00   0.0000000e+00
   7.0000000e+00   0.0000000e+00   6.5912500e-01   8.2279600e-01   3.7007935e+00   0.0000000e+00
   8.0000000e+00   0.0000000e+00   5.5476100e-01   8.2279600e-01   3.7007935e+00   1.0000000e+00
   9.0000000e+00   1.0000000e+00   1.3076290e+00   8.2279600e-01   3.7007935e+00   1.0000000e+00
   1.0000000e+01   0.0000000e+00   1.1243500e+00   8.2279600e-01   3.7007935e+00   1.0000000e+00
   1.1000000e+01   0.0000000e+00   5.5144900e-01   8.2279600e-01   3.7007935e+00   1.0000000e+00
   1.2000000e+01   0.0000000e+00   7.0988600e-01   8.2279600e-01   3.7007935e+00   1.0000000e+00
   1.3000000e+01   0.0000000e+00   1.1561530e+00   8.2279600e-01   3.7007935e+00   0.0000000e+00
   1.4000000e+01   0.0000000e+00   4.6589100e-01   8.2279600e-01   3.7007935e+00   1.0000000e+00
   1.5000000e+01   1.0000000e+00   5.0060400e-01   8.2279600e-01   3.7007935e+00   0.0000000e+00
   1.6000000e+01   0.0000000e+00   4.7913900e-01   8.2279600e-01   3.7007935e+00   0.0000000e+00
   1.7000000e+01   0.0000000e+00   1.1805720e+00   8.2279600e-01   3.7007935e+00   1.0000000e+00
   1.8000000e+01   0.0000000e+00   7.5110800e-01   8.2279600e-01   3.7007935e+00   0.0000000e+00
   1.9000000e+01   1.0000000e+00   2.5198220e+00   8.2279600e-01   3.7007935e+00   0.0000000e+00
   2.0000000e+01   0.0000000e+00   1.8655330e+00   8.2279600e-01   3.7007935e+00   0.0000000e+00
   2.1000000e+01   0.0000000e+00   1.1653400e+00   8.2279600e-01   3.7007935e+00   1.0000000e+00
   2.2000000e+01   0.0000000e+00   6.2638800e-01   8.2279600e-01   3.7007935e+00   0.0000000e+00
   2.3000000e+01   0.0000000e+00   8.4062800e-01   8.2279600e-01   3.7007935e+00   0.0000000e+00
   2.4000000e+01   1.0000000e+00   8.1115700e-01   8.2279600e-01   3.7007935e+00   1.0000000e+00
   2.5000000e+01   0.0000000e+00   1.4193740e+00   8.2279600e-01   3.7007935e+00   0.0000000e+00
   2.6000000e+01   1.0000000e+00   7.8112000e-01   8.2279600e-01   3.7007935e+00   0.0000000e+00
   2.7000000e+01   0.0000000e+00   1.2762280e+00   8.2279600e-01   3.7007935e+00   0.0000000e+00
   2.8000000e+01   0.0000000e+00   1.3937890e+00   8.2279600e-01   3.7007935e+00   0.0000000e+00
   2.9000000e+01   0.0000000e+00   9.7858500e-01   8.2279600e-01   3.7007935e+00   1.0000000e+00
   3.0000000e+01   0.0000000e+00   1.8427990e+00   8.2279600e-01   3.7007935e+00   0.0000000e+00
   3.1000000e+01   0.0000000e+00   5.1954000e-01   8.2279600e-01   3.7007935e+00   1.0000000e+00
   3.2000000e+01   1.0000000e+00   8.8164200e-01   8.2279600e-01   3.7007935e+00   1.0000000e+00
   3.3000000e+01   0.0000000e+00   4.8504900e-01   8.2279600e-01   3.7007935e+00   1.0000000e+00
   3.4000000e+01   1.0000000e+00   5.2571300e-01   8.2279600e-01   3.7007935e+00   0.0000000e+00
   3.5000000e+01   1.0000000e+00   1.2297360e+00   8.2279600e-01   3.7007935e+00   1.0000000e+00
   3.6000000e+01   0.0000000e+00   4.8868500e-01   8.2279600e-01   3.7007935e+00   0.0000000e+00
   3.7000000e+01   0.0000000e+00   1.7244240e+00   8.2279600e-01   3.7007935e+00   1.0000000e+00
   3.8000000e+01   1.0000000e+00   7.2467100e-01   8.2279600e-01   3.7007935e+00   1.0000000e+00
   3.9000000e+01   0.0000000e+00   1.3949090e+00   8.2279600e-01   3.7007935e+00   0.0000000e+00
   4.0000000e+01   1.0000000e+00   1.3007670e+00   8.2279600e-01   3.7007935e+00   0.0000000e+00
   4.1000000e+01   0.0000000e+00   5.1913000e-01   8.2279600e-01   3.7007935e+00   0.0000000e+00
   4.2000000e+01   0.0000000e+00   9.9014400e-01   8.2279600e-01   3.7007935e+00   1.0000000e+00
   4.3000000e+01   0.0000000e+00   1.0604330e+00   8.2279600e-01   3.7007935e+00   0.0000000e+00
   4.4000000e+01   0.0000000e+00   1.5445160e+00   8.2279600e-01   3.7007935e+00   1.0000000e+00
   4.5000000e+01   1.0000000e+00   5.0099100e-01   8.2279600e-01   3.7007935e+00   1.0000000e+00
   4.6000000e+01   0.0000000e+00   6.6863600e-01   8.2279600e-01   3.7007935e+00   1.0000000e+00
   4.7000000e+01   0.0000000e+00   1.0519660e+00   8.2279600e-01   3.7007935e+00   1.0000000e+00
   4.8000000e+01   0.0000000e+00   4.7001100e-01   8.2279600e-01   3.7007935e+00   0.0000000e+00
   4.9000000e+01   0.0000000e+00   1.4433230e+00   8.2279600e-01   3.7007935e+00   1.0000000e+00
   5.0000000e+01   0.0000000e+00   8.3012800e-01   8.2279600e-01   3.7007935e+00   0.0000000e+00
   5.1000000e+01   1.0000000e+00   4.5486900e-01   8.2279600e-01   3.7007935e+00   0.0000000e+00
   5.2000000e+01   0.0000000e+00   6.5108300e-01   8.2279600e-01   3.7007935e+00   1.0000000e+00
   5.3000000e+01   0.0000000e+00   4.6017100e-01   8.2279600e-01   3.7007935e+00   0.0000000e+00
   5.4000000e+01   1.0000000e+00   6.6175100e-01   8.2279600e-01   3.7007935e+00   0.0000000e+00
   5.5000000e+01   0.0000000e+00   6.7181800e-01   8.2279600e-01   3.7007935e+00   1.0000000e+00
   5.6000000e+01   1.0000000e+00   5.0585800e-01   8.2279600e-01   3.7007935e+00   1.0000000e+00
   5.7000000e+01   0.0000000e+00   1.3718930e+00   8.2279600e-01   3.7007935e+00   0.0000000e+00
   5.8000000e+01   0.0000000e+00   1.0513780e+00   8.2279600e-01   3.7007935e+00   0.0000000e+00
   5.9000000e+01   0.0000000e+00   1.5229200e+00   8.2279600e-01   3.7007935e+00   1.0000000e+00
   6.0000000e+01   1.0000000e+00   1.3775960e+00   8.2279600e-01   3.7007935e+00   0.0000000e+00
   6.1000000e+01   0.0000000e+00   1.4030160e+00   8.2279600e-01   3.7007935e+00   1.0000000e+00
   6.2000000e+01   0.0000000e+00   2.9450050e+00   8.2279600e-01   3.7007935e+00   1.0000000e+00
   6.3000000e+01   0.0000000e+00   9.0924100e-01   8.2279600e-01   3.7007935e+00   0.0000000e+00
   6.4000000e+01   0.0000000e+00   1.6016430e+00   8.2279600e-01   3.7007935e+00   0.0000000e+00
   6.5000000e+01   1.0000000e+00   5.5987600e-01   8.2279600e-01   3.7007935e+00   1.0000000e+00
   6.6000000e+01   1.0000000e+00   7.0318600e-01   8.2279600e-01   3.7007935e+00   1.0000000e+00
   6.7000000e+01   0.0000000e+00   1.8465100e+00   8.2279600e-01   3.7007935e+00   0.0000000e+00
   6.8000000e+01   1.0000000e+00   6.8122500e-01   8.2279600e-01   3.7007935e+00   0.0000000e+00
   6.9000000e+01   0.0000000e+00   7.0058100e-01   8.2279600e-01   3.7007935e+00   0.0000000e+00
   7.0000000e+01   0.0000000e+00   1.5684430e+00   8.2279600e-01   3.7007935e+00   1.0000000e+00
   7.1000000e+01   0.0000000e+00   4.4217700e-01   8.2279600e-01   3.7007935e+00   1.0000000e+00
   7.2000000e+01   0.0000000e+00   8.7722900e-01   8.2279600e-01   3.7007935e+00   1.0000000e+00
   7.3000000e+01   0.0000000e+00   6.7431000e-01   8.2279600e-01   3.7007935e+00   1.0000000e+00
   7.4000000e+01   0.0000000e+00   5.7359800e-01   8.2279600e-01   3.7007935e+00   1.0000000e+00
   7.5000000e+01   0.0000000e+00   6.7419000e-01   8.2279600e-01   3.7007935e+00   0.0000000e+00
   7.6000000e+01   1.0000000e+00   1.3155230e+00   8.2279600e-01   3.7007935e+00   0.0000000e+00
   7.7000000e+01   0.0000000e+00   9.7458000e-01   8.2279600e-01   3.7007935e+00   0.0000000e+00
   7.8000000e+01   1.0000000e+00   1.0547200e+00   8.2279600e-01   3.7007935e+00   1.0000000e+00
   7.9000000e+01   0.0000000e+00   5.0295100e-01   8.2279600e-01   3.7007935e+00   1.0000000e+00
   8.0000000e+01   0.0000000e+00   1.6558880e+00   8.2279600e-01   3.7007935e+00   1.0000000e+00
   8.1000000e+01   0.0000000e+00   7.1424000e-01   8.2279600e-01   3.7007935e+00   1.0000000e+00
   8.2000000e+01   0.0000000e+00   7.7074200e-01   8.2279600e-01   3.7007935e+00   0.0000000e+00
   8.3000000e+01   0.0000000e+00   2.0589120e+00   8.2279600e-01   3.7007935e+00   0.0000000e+00
   8.4000000e+01   1.0000000e+00   6.5383200e-01   8.2279600e-01   3.7007935e+00   0.0000000e+00
   8.5000000e+01   0.0000000e+00   1.2831520e+00   8.2279600e-01   3.7007935e+00   0.0000000e+00
   8.6000000e+01   0.0000000e+00   9.6382600e-01   8.2279600e-01   3.7007935e+00   1.0000000e+00
   8.7000000e+01   1.0000000e+00   8.4538000e-01   8.2279600e-01   3.7007935e+00   1.0000000e+00
   8.8000000e+01   0.0000000e+00   1.0227130e+00   8.2279600e-01   3.7007935e+00   0.0000000e+00
   8.9000000e+01   0.0000000e+00   1.0829420e+00   8.2279600e-01   3.7007935e+00   1.0000000e+00
   9.0000000e+01   0.0000000e+00   1.1466470e+00   8.2279600e-01   3.7007935e+00   1.0000000e+00
   9.1000000e+01   1.0000000e+00   1.4120130e+00   8.2279600e-01   3.7007935e+00   1.0000000e+00
   9.2000000e+01   0.0000000e+00   1.1715870e+00   8.2279600e-01   3.7007935e+00   0.0000000e+00
   9.3000000e+01   1.0000000e+00   5.4813200e-01   8.2279600e-01   3.7007935e+00   0.0000000e+00
   9.4000000e+01   0.0000000e+00   7.5307600e-01   8.2279600e-01   3.7007935e+00   0.0000000e+00
   9.5000000e+01   1.0000000e+00   6.1651700e-01   8.2279600e-01   3.7007935e+00   1.0000000e+00
   9.6000000e+01   1.0000000e+00   6.4903900e-01   8.2279600e-01   3.7007935e+00   0.0000000e+00
   9.7000000e+01   0.0000000e+00   5.2575100e-01   8.2279600e-01   3.7007935e+00   1.0000000e+00
   9.8000000e+01   0.0000000e+00   8.8135600e-01   8.2279600e-01   3.7007935e+00   0.0000000e+00
   9.9000000e+01   0.0000000e+00   5.0635400e-01   8.2279600e-01   3.7007935e+00   0.0000000e+00
   1.0000000e+02   0.0000000e+00   5.9393500e-01   8.2279600e-01   3.7007935e+00   0.0000000e+00
   1.0100000e+02   1.0000000e+00   5.6149000e-01   8.2279600e-01   3.7007935e+00   1.0000000e+00
   1.0200000e+02   0.0000000e+00   1.0332850e+00   8.2279600e-01   3.7007935e+00   0.0000000e+00
   1.0300000e+02   1.0000000e+00   4.7819500e-01   8.2279600e-01   3.7007935e+00   0.0000000e+00
   1.0400000e+02   0.0000000e+00   1.1655940e+00   8.2279600e-01   3.7007935e+00   0.0000000e+00
   1.0500000e+02   0.0000000e+00   4.4335000e-01   8.2279600e-01   3.7007935e+00   0.0000000e+00
   1.0600000e+02   0.0000000e+00   9.8801500e-01   8.2279600e-01   3.7007935e+00   1.0000000e+00
   1.0700000e+02   0.0000000e+00   5.9170500e-01   8.2279600e-01   3.7007935e+00   0.0000000e+00
   1.0800000e+02   1.0000000e+00   6.4911900e-01   8.2279600e-01   3.7007935e+00   0.0000000e+00
   1.0900000e+02   0.0000000e+00   6.5824400e-01   8.2279600e-01   3.7007935e+00   1.0000000e+00
   1.1000000e+02   1.0000000e+00   1.6476620e+00   8.2279600e-01   3.7007935e+00   1.0000000e+00
   1.1100000e+02   0.0000000e+00   5.0982800e-01   8.2279600e-01   3.7007935e+00   1.0000000e+00
   1.1200000e+02   0.0000000e+00   2.9153400e+00   8.2279600e-01   3.7007935e+00   0.0000000e+00
   1.1300000e+02   0.0000000e+00   9.2790900e-01   8.2279600e-01   3.7007935e+00   1.0000000e+00
   1.1400000e+02   0.0000000e+00   9.0533500e-01   8.2279600e-01   3.7007935e+00   1.0000000e+00
   1.1500000e+02   0.0000000e+00   8.4127000e-01   8.2279600e-01   3.7007935e+00   0.0000000e+00
   1.1600000e+02   0.0000000e+00   5.9959100e-01   8.2279600e-01   3.7007935e+00   0.0000000e+00
   1.1700000e+02   1.0000000e+00   1.0867290e+00   8.2279600e-01   3.7007935e+00   0.0000000e+00
   1.1800000e+02   0.0000000e+00   1.6251320e+00   8.2279600e-01   3.7007935e+00   1.0000000e+00
   1.1900000e+02   0.0000000e+00   1.3687470e+00   8.2279600e-01   3.7007935e+00   0.0000000e+00
   1.2000000e+02   0.0000000e+00   5.9623400e-01   8.2279600e-01   3.7007935e+00   0.0000000e+00
   1.2100000e+02   1.0000000e+00   6.3488700e-01   8.2279600e-01   3.7007935e+00   1.0000000e+00
   1.2200000e+02   0.0000000e+00   8.9889700e-01   8.2279600e-01   3.7007935e+00   0.0000000e+00
   1.2300000e+02   0.0000000e+00   7.8654700e-01   8.2279600e-01   3.7007935e+00   0.0000000e+00
   1.2400000e+02   0.0000000e+00   5.5171700e-01   8.2279600e-01   3.7007935e+00   1.0000000e+00
   1.2500000e+02   1.0000000e+00   6.8153700e-01   8.2279600e-01   3.7007935e+00   1.0000000e+00
   1.2600000e+02   0.0000000e+00   5.2947800e-01   8.2279600e-01   3.7007935e+00   1.0000000e+00
   1.2700000e+02   1.0000000e+00   4.5520200e-01   8.2279600e-01   3.7007935e+00   0.0000000e+00
   1.2800000e+02   0.0000000e+00   7.2173800e-01   8.2279600e-01   3.7007935e+00   1.0000000e+00
   1.2900000e+02   0.0000000e+00   4.4680300e-01   8.2279600e-01   3.7007935e+00   1.0000000e+00
   1.3000000e+02   1.0000000e+00   1.1125280e+00   8.2279600e-01   3.7007935e+00   1.0000000e+00
   1.3100000e+02   0.0000000e+00   4.9837200e-01   8.2279600e-01   3.7007935e+00   0.0000000e+00
   1.3200000e+02   1.0000000e+00   7.4216700e-01   8.2279600e-01   3.7007935e+00   0.0000000e+00
   1.3300000e+02   0.0000000e+00   1.5802710e+00   8.2279600e-01   3.7007935e+00   1.0000000e+00
   1.3400000e+02   1.0000000e+00   5.6135400e-01   8.2279600e-01   3.7007935e+00   0.0000000e+00
   1.3500000e+02   0.0000000e+00   6.1415300e-01   8.2279600e-01   3.7007935e+00   1.0000000e+00
   1.3600000e+02   1.0000000e+00   5.2737600e-01   8.2279600e-01   3.7007935e+00   1.0000000e+00
