   1.0000000e+00   0.0000000e+00   1.1061380e+00   8.2075500e-01   2.9179754e+00   0.0000000e+00
   2.0000000e+00   0.0000000e+00   9.1685100e-01   8.2075500e-01   2.9179754e+00   0.0000000e+00
   3.0000000e+00   1.0000000e+00   1.2468320e+00   8.2075500e-01   2.9179754e+00   0.0000000e+00
   4.0000000e+00   1.0000000e+00   1.2155340e+00   8.2075500e-01   2.9179754e+00   1.0000000e+00
   5.0000000e+00   0.0000000e+00   4.4176200e-01   8.2075500e-01   2.9179754e+00   1.0000000e+00
   6.0000000e+00   1.0000000e+00   8.0936700e-01   8.2075500e-01   2.9179754e+00   0.0000000e+00
   7.0000000e+00   0.0000000e+00   7.6396700e-01   8.2075500e-01   2.9179754e+00   1.0000000e+00
   8.0000000e+00   0.0000000e+00   5.4992600e-01   8.2075500e-01   2.9179754e+00   1.0000000e+00
   9.0000000e+00   1.0000000e+00   4.8124900e-01   8.2075500e-01   2.9179754e+00   1.0000000e+00
   1.0000000e+01   0.0000000e+00   9.3076500e-01   8.2075500e-01   2.9179754e+00   0.0000000e+00
   1.1000000e+01   0.0000000e+00   4.9265000e-01   8.2075500e-01   2.9179754e+00   0.0000000e+00
   1.2000000e+01   0.0000000e+00   1.1852950e+00   8.2075500e-01   2.9179754e+00   1.0000000e+00
   1.3000000e+01   1.0000000e+00   4.5578700e-01   8.2075500e-01   2.9179754e+00   1.0000000e+00
   1.4000000e+01   0.0000000e+00   7.6847800e-01   8.2075500e-01   2.9179754e+00   1.0000000e+00
   1.5000000e+01   1.0000000e+00   5.3563100e-01   8.2075500e-01   2.9179754e+00   0.0000000e+00
   1.6000000e+01   0.0000000e+00   1.0916690e+00   8.2075500e-01   2.9179754e+00   1.0000000e+00
   1.7000000e+01   1.0000000e+00   6.0730000e-01   8.2075500e-01   2.9179754e+00   1.0000000e+00
   1.8000000e+01   0.0000000e+00   6.1262600e-01   8.2075500e-01   2.9179754e+00   0.0000000e+00
   1.9000000e+01   1.0000000e+00   9.3208200e-01   8.2075500e-01   2.9179754e+00   0.0000000e+00
   2.0000000e+01   0.0000000e+00   6.1332800e-01   8.2075500e-01   2.9179754e+00   1.0000000e+00
   2.1000000e+01   0.0000000e+00   5.5667200e-01   8.2075500e-01   2.9179754e+00   0.0000000e+00
   2.2000000e+01   1.0000000e+00   1.0612610e+00   8.2075500e-01   2.9179754e+00   1.0000000e+00
   2.3000000e+01   0.0000000e+00   5.2956900e-01   8.2075500e-01   2.9179754e+00   0.0000000e+00
   2.4000000e+01   0.0000000e+00   5.0357200e-01   8.2075500e-01   2.9179754e+00   0.0000000e+00
   2.5000000e+01   0.0000000e+00   1.9342920e+00   8.2075500e-01   2.9179754e+00   1.0000000e+00
   2.6000000e+01   1.0000000e+00   6.1987500e-01   8.2075500e-01   2.9179754e+00   0.0000000e+00
   2.7000000e+01   0.0000000e+00   1.9112050e+00   8.2075500e-01   2.9179754e+00   1.0000000e+00
   2.8000000e+01   0.0000000e+00   6.7737600e-01   8.2075500e-01   2.9179754e+00   1.0000000e+00
   2.9000000e+01   1.0000000e+00   5.1909900e-01   8.2075500e-01   2.9179754e+00   0.0000000e+00
   3.0000000e+01   0.0000000e+00   1.0199800e+00   8.2075500e-01   2.9179754e+00   0.0000000e+00
   3.1000000e+01   0.0000000e+00   6.7449100e-01   8.2075500e-01   2.9179754e+00   1.0000000e+00
   3.2000000e+01   0.0000000e+00   1.3372300e+00   8.2075500e-01   2.9179754e+00   1.0000000e+00
   3.3000000e+01   0.0000000e+00   8.9933200e-01   8.2075500e-01   2.9179754e+00   0.0000000e+00
   3.4000000e+01   0.0000000e+00   8.2939200e-01   8.2075500e-01   2.9179754e+00   0.0000000e+00
   3.5000000e+01   1.0000000e+00   4.4608400e-01   8.2075500e-01   2.9179754e+00   1.0000000e+00
   3.6000000e+01   0.0000000e+00   1.5790950e+00   8.2075500e-01   2.9179754e+00   0.0000000e+00
   3.7000000e+01   0.0000000e+00   7.3196500e-01   8.2075500e-01   2.9179754e+00   1.0000000e+00
   3.8000000e+01   0.0000000e+00   8.8988100e-01   8.2075500e-01   2.9179754e+00   0.0000000e+00
   3.9000000e+01   1.0000000e+00   4.3721700e-01   8.2075500e-01   2.9179754e+00   0.0000000e+00
   4.0000000e+01   0.0000000e+00   1.1606830e+00   8.2075500e-01   2.9179754e+00   1.0000000e+00
   4.1000000e+01   1.0000000e+00   7.1279500e-01   8.2075500e-01   2.9179754e+00   1.0000000e+00
   4.2000000e+01   0.0000000e+00   7.6518200e-01   8.2075500e-01   2.9179754e+00   1.0000000e+00
   4.3000000e+01   0.0000000e+00   6.0703700e-01   8.2075500e-01   2.9179754e+00   1.0000000e+00
   4.4000000e+01   0.0000000e+00   1.6853760e+00   8.2075500e-01   2.9179754e+00   0.0000000e+00
   4.5000000e+01   0.0000000e+00   6.5765300e-01   8.2075500e-01   2.9179754e+00   1.0000000e+00
   4.6000000e+01   1.0000000e+00   7.3526500e-01   8.2075500e-01   2.9179754e+00   1.0000000e+00
   4.7000000e+01   0.0000000e+00   6.9418700e-01   8.2075500e-01   2.9179754e+00   0.0000000e+00
   4.8000000e+01   0.0000000e+00   9.3939500e-01   8.2075500e-01   2.9179754e+00   0.0000000e+00
   4.9000000e+01   0.0000000e+00   1.0534480e+00   8.2075500e-01   2.9179754e+00   0.0000000e+00
   5.0000000e+01   0.0000000e+00   5.4315500e-01   8.2075500e-01   2.9179754e+00   1.0000000e+00
   5.1000000e+01   1.0000000e+00   5.4873100e-01   8.2075500e-01   2.9179754e+00   0.0000000e+00
   5.2000000e+01   0.0000000e+00   1.0154990e+00   8.2075500e-01   2.9179754e+00   1.0000000e+00
   5.3000000e+01   0.0000000e+00   1.4935370e+00   8.2075500e-01   2.9179754e+00   0.0000000e+00
   5.4000000e+01   0.0000000e+00   9.6892700e-01   8.2075500e-01   2.9179754e+00   0.0000000e+00
   5.5000000e+01   0.0000000e+00   4.6611300e-01   8.2075500e-01   2.9179754e+00   0.0000000e+00
   5.6000000e+01   0.0000000e+00   8.7838100e-01   8.2075500e-01   2.9179754e+00   1.0000000e+00
   5.7000000e+01   1.0000000e+00   8.5728100e-01   8.2075500e-01   2.9179754e+00   1.0000000e+00
   5.8000000e+01   0.0000000e+00   1.0695300e+00   8.2075500e-01   2.9179754e+00   0.0000000e+00
   5.9000000e+01   0.0000000e+00   7.8191400e-01   8.2075500e-01   2.9179754e+00   0.0000000e+00
   6.0000000e+01   1.0000000e+00   4.8948500e-01   8.2075500e-01   2.9179754e+00   0.0000000e+00
   6.1000000e+01   0.0000000e+00   2.4214790e+00   8.2075500e-01   2.9179754e+00   0.0000000e+00
   6.2000000e+01   0.0000000e+00   5.6260100e-01   8.2075500e-01   2.9179754e+00   1.0000000e+00
   6.3000000e+01   1.0000000e+00   1.5290880e+00   8.2075500e-01   2.9179754e+00   0.0000000e+00
   6.4000000e+01   0.0000000e+00   1.0386700e+00   8.2075500e-01   2.9179754e+00   0.0000000e+00
   6.5000000e+01   0.0000000e+00   7.4130700e-01   8.2075500e-01   2.9179754e+00   1.0000000e+00
   6.6000000e+01   1.0000000e+00   6.3338000e-01   8.2075500e-01   2.9179754e+00   1.0000000e+00
   6.7000000e+01   1.0000000e+00   1.1795170e+00   8.2075500e-01   2.9179754e+00   1.0000000e+00
   6.8000000e+01   0.0000000e+00   1.0635380e+00   8.2075500e-01   2.9179754e+00   1.0000000e+00
   6.9000000e+01   0.0000000e+00   2.3671590e+00   8.2075500e-01   2.9179754e+00   1.0000000e+00
   7.0000000e+01   0.0000000e+00   1.5802290e+00   8.2075500e-01   2.9179754e+00   1.0000000e+00
   7.1000000e+01   0.0000000e+00   7.2378200e-01   8.2075500e-01   2.9179754e+00   1.0000000e+00
   7.2000000e+01   0.0000000e+00   1.9278430e+00   8.2075500e-01   2.9179754e+00   1.0000000e+00
   7.3000000e+01   1.0000000e+00   1.0509860e+00   8.2075500e-01   2.9179754e+00   0.0000000e+00
   7.4000000e+01   0.0000000e+00   4.4904000e-01   8.2075500e-01   2.9179754e+00   1.0000000e+00
   7.5000000e+01   1.0000000e+00   1.0754490e+00   8.2075500e-01   2.9179754e+00   1.0000000e+00
   7.6000000e+01   0.0000000e+00   6.8426200e-01   8.2075500e-01   2.9179754e+00   1.0000000e+00
   7.7000000e+01   0.0000000e+00   1.2698370e+00   8.2075500e-01   2.9179754e+00   1.0000000e+00
   7.8000000e+01   0.0000000e+00   7.0984400e-01   8.2075500e-01   2.9179754e+00   1.0000000e+00
   7.9000000e+01   0.0000000e+00   5.2927300e-01   8.2075500e-01   2.9179754e+00   0.0000000e+00
   8.0000000e+01   1.0000000e+00   7.2536200e-01   8.2075500e-01   2.9179754e+00   0.0000000e+00
   8.1000000e+01   0.0000000e+00   6.6028700e-01   8.2075500e-01   2.9179754e+00   1.0000000e+00
   8.2000000e+01   0.0000000e+00   7.6521200e-01   8.2075500e-01   2.9179754e+00   0.0000000e+00
   8.3000000e+01   0.0000000e+00   2.2107690e+00   8.2075500e-01   2.9179754e+00   0.0000000e+00
   8.4000000e+01   1.0000000e+00   6.4116800e-01   8.2075500e-01   2.9179754e+00   0.0000000e+00
   8.5000000e+01   0.0000000e+00   4.4648700e-01   8.2075500e-01   2.9179754e+00   0.0000000e+00
   8.6000000e+01   1.0000000e+00   1.0643740e+00   8.2075500e-01   2.9179754e+00   1.0000000e+00
   8.7000000e+01   0.0000000e+00   5.2268300e-01   8.2075500e-01   2.9179754e+00   1.0000000e+00
   8.8000000e+01   1.0000000e+00   4.7354900e-01   8.2075500e-01   2.9179754e+00   0.0000000e+00
   8.9000000e+01   0.0000000e+00   7.1474000e-01   8.2075500e-01   2.9179754e+00   0.0000000e+00
   9.0000000e+01   0.0000000e+00   4.7186100e-01   8.2075500e-01   2.9179754e+00   0.0000000e+00
   9.1000000e+01   0.0000000e+00   2.0945410e+00   8.2075500e-01   2.9179754e+00   0.0000000e+00
   9.2000000e+01   1.0000000e+00   1.8523690e+00   8.2075500e-01   2.9179754e+00   1.0000000e+00
   9.3000000e+01   0.0000000e+00   1.0550960e+00   8.2075500e-01   2.9179754e+00   1.0000000e+00
   9.4000000e+01   0.0000000e+00   8.4185100e-01   8.2075500e-01   2.9179754e+00   1.0000000e+00
   9.5000000e+01   0.0000000e+00   9.2402800e-01   8.2075500e-01   2.9179754e+00   0.0000000e+00
   9.6000000e+01   0.0000000e+00   1.3050390e+00   8.2075500e-01   2.9179754e+00   0.0000000e+00
   9.7000000e+01   0.0000000e+00   6.0119000e-01   8.2075500e-01   2.9179754e+00   0.0000000e+00
   9.8000000e+01   1.0000000e+00   9.6557500e-01   8.2075500e-01   2.9179754e+00   0.0000000e+00
   9.9000000e+01   0.0000000e+00   1.7330050e+00   8.2075500e-01   2.9179754e+00   0.0000000e+00
   1.0000000e+02   0.0000000e+00   1.0141700e+00   8.2075500e-01   2.9179754e+00   0.0000000e+00
   1.0100000e+02   0.0000000e+00   2.5542060e+00   8.2075500e-01   2.9179754e+00   1.0000000e+00
   1.0200000e+02   1.0000000e+00   6.5118600e-01   8.2075500e-01   2.9179754e+00   1.0000000e+00
   1.0300000e+02   0.0000000e+00   6.0897200e-01   8.2075500e-01   2.9179754e+00   1.0000000e+00
   1.0400000e+02   0.0000000e+00   1.0581830e+00   8.2075500e-01   2.9179754e+00   0.0000000e+00
   1.0500000e+02   0.0000000e+00   1.4755640e+00   8.2075500e-01   2.9179754e+00   1.0000000e+00
   1.0600000e+02   1.0000000e+00   1.2428690e+00   8.2075500e-01   2.9179754e+00   1.0000000e+00
   1.0700000e+02   0.0000000e+00   9.0430400e-01   8.2075500e-01   2.9179754e+00   1.0000000e+00
   1.0800000e+02   0.0000000e+00   1.8864630e+00   8.2075500e-01   2.9179754e+00   1.0000000e+00
   1.0900000e+02   0.0000000e+00   5.7468700e-01   8.2075500e-01   2.9179754e+00   0.0000000e+00
   1.1000000e+02   0.0000000e+00   6.4114300e-01   8.2075500e-01   2.9179754e+00   1.0000000e+00
   1.1100000e+02   1.0000000e+00   7.1330500e-01   8.2075500e-01   2.9179754e+00   0.0000000e+00
   1.1200000e+02   1.0000000e+00   5.7921600e-01   8.2075500e-01   2.9179754e+00   1.0000000e+00
   1.1300000e+02   0.0000000e+00   4.7555300e-01   8.2075500e-01   2.9179754e+00   0.0000000e+00
   1.1400000e+02   0.0000000e+00   6.5325800e-01   8.2075500e-01   2.9179754e+00   0.0000000e+00
   1.1500000e+02   0.0000000e+00   5.5595600e-01   8.2075500e-01   2.9179754e+00   0.0000000e+00
   1.1600000e+02   0.0000000e+00   4.5461300e-01   8.2075500e-01   2.9179754e+00   1.0000000e+00
   1.1700000e+02   0.0000000e+00   6.9141400e-01   8.2075500e-01   2.9179754e+00   1.0000000e+00
   1.1800000e+02   0.0000000e+00   8.9832100e-01   8.2075500e-01   2.9179754e+00   0.0000000e+00
   1.1900000e+02   1.0000000e+00   6.1670600e-01   8.2075500e-01   2.9179754e+00   0.0000000e+00
   1.2000000e+02   0.0000000e+00   4.3795600e-01   8.2075500e-01   2.9179754e+00   0.0000000e+00
   1.2100000e+02   1.0000000e+00   2.4517020e+00   8.2075500e-01   2.9179754e+00   0.0000000e+00
   1.2200000e+02   0.0000000e+00   1.3545300e+00   8.2075500e-01   2.9179754e+00   0.0000000e+00
   1.2300000e+02   1.0000000e+00   8.9614000e-01   8.2075500e-01   2.9179754e+00   1.0000000e+00
   1.2400000e+02   0.0000000e+00   7.5629400e-01   8.2075500e-01   2.9179754e+00   0.0000000e+00
   1.2500000e+02   0.0000000e+00   8.0561300e-01   8.2075500e-01   2.9179754e+00   1.0000000e+00
   1.2600000e+02   0.0000000e+00   1.8695910e+00   8.2075500e-01   2.9179754e+00   0.0000000e+00
   1.2700000e+02   0.0000000e+00   6.5006100e-01   8.2075500e-01   2.9179754e+00   0.0000000e+00
   1.2800000e+02   1.0000000e+00   7.8673800e-01   8.2075500e-01   2.9179754e+00   0.0000000e+00
   1.2900000e+02   0.0000000e+00   6.8550600e-01   8.2075500e-01   2.9179754e+00   1.0000000e+00
   1.3000000e+02   0.0000000e+00   6.1072500e-01   8.2075500e-01   2.9179754e+00   1.0000000e+00
   1.3100000e+02   0.0000000e+00   5.4170400e-01   8.2075500e-01   2.9179754e+00   0.0000000e+00
   1.3200000e+02   0.0000000e+00   6.8194500e-01   8.2075500e-01   2.9179754e+00   1.0000000e+00
   1.3300000e+02   1.0000000e+00   1.2155510e+00   8.2075500e-01   2.9179754e+00   1.0000000e+00
   1.3400000e+02   0.0000000e+00   1.2780030e+00   8.2075500e-01   2.9179754e+00   1.0000000e+00
   1.3500000e+02   1.0000000e+00   5.5089600e-01   8.2075500e-01   2.9179754e+00   1.0000000e+00
   1.3600000e+02   1.0000000e+00   6.9208800e-01   8.2075500e-01   2.9179754e+00   0.0000000e+00
