   1.0000000e+00   0.0000000e+00   1.0935240e+00   8.2025200e-01   2.6764178e+00   0.0000000e+00
   2.0000000e+00   0.0000000e+00   5.4477400e-01   8.2025200e-01   2.6764178e+00   0.0000000e+00
   3.0000000e+00   0.0000000e+00   1.9288190e+00   8.2025200e-01   2.6764178e+00   0.0000000e+00
   4.0000000e+00   1.0000000e+00   1.0802890e+00   8.2025200e-01   2.6764178e+00   1.0000000e+00
   5.0000000e+00   0.0000000e+00   4.4052400e-01   8.2025200e-01   2.6764178e+00   0.0000000e+00
   6.0000000e+00   1.0000000e+00   5.2433400e-01   8.2025200e-01   2.6764178e+00   0.0000000e+00
   7.0000000e+00   0.0000000e+00   1.3436620e+00   8.2025200e-01   2.6764178e+00   0.0000000e+00
   8.0000000e+00   0.0000000e+00   1.2041470e+00   8.2025200e-01   2.6764178e+00   1.0000000e+00
   9.0000000e+00   0.0000000e+00   4.4541500e-01   8.2025200e-01   2.6764178e+00   1.0000000e+00
   1.0000000e+01   1.0000000e+00   4.5585600e-01   8.2025200e-01   2.6764178e+00   1.0000000e+00
   1.1000000e+01   0.0000000e+00   1.1454440e+00   8.2025200e-01   2.6764178e+00   1.0000000e+00
   1.2000000e+01   1.0000000e+00   7.4943100e-01   8.2025200e-01   2.6764178e+00   0.0000000e+00
   1.3000000e+01   0.0000000e+00   1.1462700e+00   8.2025200e-01   2.6764178e+00   0.0000000e+00
   1.4000000e+01   0.0000000e+00   6.0775800e-01   8.2025200e-01   2.6764178e+00   1.0000000e+00
   1.5000000e+01   0.0000000e+00   5.5044900e-01   8.2025200e-01   2.6764178e+00   1.0000000e+00
   1.6000000e+01   1.0000000e+00   1.2760030e+00   8.2025200e-01   2.6764178e+00   0.0000000e+00
   1.7000000e+01   0.0000000e+00   1.3378050e+00   8.2025200e-01   2.6764178e+00   0.0000000e+00
   1.8000000e+01   1.0000000e+00   1.0022970e+00   8.2025200e-01   2.6764178e+00   1.0000000e+00
   1.9000000e+01   0.0000000e+00   4.9376800e-01   8.2025200e-01   2.6764178e+00   0.0000000e+00
   2.0000000e+01   0.0000000e+00   7.5579300e-01   8.2025200e-01   2.6764178e+00   0.0000000e+00
   2.1000000e+01   0.0000000e+00   5.1902400e-01   8.2025200e-01   2.6764178e+00   0.0000000e+00
   2.2000000e+01   1.0000000e+00   2.5638960e+00   8.2025200e-01   2.6764178e+00   0.0000000e+00
   2.3000000e+01   0.0000000e+00   7.3610100e-01   8.2025200e-01   2.6764178e+00   1.0000000e+00
   2.4000000e+01   0.0000000e+00   7.4145900e-01   8.2025200e-01   2.6764178e+00   0.0000000e+00
   2.5000000e+01   1.0000000e+00   5.9460900e-01   8.2025200e-01   2.6764178e+00   1.0000000e+00
   2.6000000e+01   0.0000000e+00   1.0693040e+00   8.2025200e-01   2.6764178e+00   1.0000000e+00
   2.7000000e+01   1.0000000e+00   6.1588400e-01   8.2025200e-01   2.6764178e+00   0.0000000e+00
   2.8000000e+01   0.0000000e+00   6.5131300e-01   8.2025200e-01   2.6764178e+00   1.0000000e+00
   2.9000000e+01   1.0000000e+00   1.3664940e+00   8.2025200e-01   2.6764178e+00   1.0000000e+00
   3.0000000e+01   0.0000000e+00   6.5206900e-01   8.2025200e-01   2.6764178e+00   0.0000000e+00
   3.1000000e+01   0.0000000e+00   5.5011500e-01   8.2025200e-01   2.6764178e+00   1.0000000e+00
   3.2000000e+01   0.0000000e+00   6.7547500e-01   8.2025200e-01   2.6764178e+00   1.0000000e+00
   3.3000000e+01   1.0000000e+00   1.0003520e+00   8.2025200e-01   2.6764178e+00   1.0000000e+00
   3.4000000e+01   0.0000000e+00   1.1515970e+00   8.2025200e-01   2.6764178e+00   1.0000000e+00
   3.5000000e+01   0.0000000e+00   4.4149800e-01   8.2025200e-01   2.6764178e+00   1.0000000e+00
   3.6000000e+01   0.0000000e+00   9.3057700e-01   8.2025200e-01   2.6764178e+00   1.0000000e+00
   3.7000000e+01   0.0000000e+00   5.5801600e-01   8.2025200e-01   2.6764178e+00   1.0000000e+00
   3.8000000e+01   0.0000000e+00   8.7084000e-01   8.2025200e-01   2.6764178e+00   0.0000000e+00
   3.9000000e+01   1.0000000e+00   7.2337100e-01   8.2025200e-01   2.6764178e+00   0.0000000e+00
   4.0000000e+01   0.0000000e+00   1.4588590e+00   8.2025200e-01   2.6764178e+00   0.0000000e+00
   4.1000000e+01   1.0000000e+00   5.5389800e-01   8.2025200e-01   2.6764178e+00   1.0000000e+00
   4.2000000e+01   0.0000000e+00   4.5390100e-01   8.2025200e-01   2.6764178e+00   0.0000000e+00
   4.3000000e+01   0.0000000e+00   8.4023400e-01   8.2025200e-01   2.6764178e+00   0.0000000e+00
   4.4000000e+01   0.0000000e+00   4.7201000e-01   8.2025200e-01   2.6764178e+00   1.0000000e+00
   4.5000000e+01   0.0000000e+00   4.9194400e-01   8.2025200e-01   2.6764178e+00   1.0000000e+00
   4.6000000e+01   0.0000000e+00   8.4962500e-01   8.2025200e-01   2.6764178e+00   1.0000000e+00
   4.7000000e+01   0.0000000e+00   2.0460030e+00   8.2025200e-01   2.6764178e+00   0.0000000e+00
   4.8000000e+01   0.0000000e+00   1.5133290e+00   8.2025200e-01   2.6764178e+00   1.0000000e+00
   4.9000000e+01   1.0000000e+00   5.9088600e-01   8.2025200e-01   2.6764178e+00   0.0000000e+00
   5.0000000e+01   1.0000000e+00   5.4186200e-01   8.2025200e-01   2.6764178e+00   0.0000000e+00
   5.1000000e+01   0.0000000e+00   2.0241910e+00   8.2025200e-01   2.6764178e+00   1.0000000e+00
   5.2000000e+01   0.0000000e+00   1.0428900e+00   8.2025200e-01   2.6764178e+00   0.0000000e+00
   5.3000000e+01   0.0000000e+00   4.7309000e-01   8.2025200e-01   2.6764178e+00   0.0000000e+00
   5.4000000e+01   1.0000000e+00   5.5581500e-01   8.2025200e-01   2.6764178e+00   1.0000000e+00
   5.5000000e+01   1.0000000e+00   7.7901600e-01   8.2025200e-01   2.6764178e+00   0.0000000e+00
   5.6000000e+01   0.0000000e+00   1.4966330e+00   8.2025200e-01   2.6764178e+00   0.0000000e+00
   5.7000000e+01   0.0000000e+00   1.9934970e+00   8.2025200e-01   2.6764178e+00   1.0000000e+00
   5.8000000e+01   1.0000000e+00   5.0474700e-01   8.2025200e-01   2.6764178e+00   1.0000000e+00
   5.9000000e+01   0.0000000e+00   5.5441300e-01   8.2025200e-01   2.6764178e+00   1.0000000e+00
   6.0000000e+01   0.0000000e+00   5.9209100e-01   8.2025200e-01   2.6764178e+00   1.0000000e+00
   6.1000000e+01   0.0000000e+00   1.1866490e+00   8.2025200e-01   2.6764178e+00   0.0000000e+00
   6.2000000e+01   0.0000000e+00   5.4761900e-01   8.2025200e-01   2.6764178e+00   1.0000000e+00
   6.3000000e+01   1.0000000e+00   4.5713700e-01   8.2025200e-01   2.6764178e+00   1.0000000e+00
   6.4000000e+01   0.0000000e+00   5.5226800e-01   8.2025200e-01   2.6764178e+00   0.0000000e+00
   6.5000000e+01   0.0000000e+00   1.6012210e+00   8.2025200e-01   2.6764178e+00   1.0000000e+00
   6.6000000e+01   1.0000000e+00   2.1844970e+00   8.2025200e-01   2.6764178e+00   0.0000000e+00
   6.7000000e+01   0.0000000e+00   4.6349600e-01   8.2025200e-01   2.6764178e+00   0.0000000e+00
   6.8000000e+01   1.0000000e+00   6.9011000e-01   8.2025200e-01   2.6764178e+00   0.0000000e+00
   6.9000000e+01   0.0000000e+00   1.4212520e+00   8.2025200e-01   2.6764178e+00   1.0000000e+00
   7.0000000e+01   0.0000000e+00   4.4019500e-01   8.2025200e-01   2.6764178e+00   1.0000000e+00
   7.1000000e+01   0.0000000e+00   1.1311310e+00   8.2025200e-01   2.6764178e+00   1.0000000e+00
   7.2000000e+01   0.0000000e+00   5.1151400e-01   8.2025200e-01   2.6764178e+00   0.0000000e+00
   7.3000000e+01   0.0000000e+00   5.0566500e-01   8.2025200e-01   2.6764178e+00   0.0000000e+00
   7.4000000e+01   1.0000000e+00   4.6042400e-01   8.2025200e-01   2.6764178e+00   1.0000000e+00
   7.5000000e+01   0.0000000e+00   4.8320100e-01   8.2025200e-01   2.6764178e+00   0.0000000e+00
   7.6000000e+01   0.0000000e+00   7.7512800e-01   8.2025200e-01   2.6764178e+00   1.0000000e+00
   7.7000000e+01   0.0000000e+00   1.3097930e+00   8.2025200e-01   2.6764178e+00   1.0000000e+00
   7.8000000e+01   1.0000000e+00   3.3427270e+00   8.2025200e-01   2.6764178e+00   0.0000000e+00
   7.9000000e+01   0.0000000e+00   6.9985900e-01   8.2025200e-01   2.6764178e+00   1.0000000e+00
   8.0000000e+01   0.0000000e+00   1.1705410e+00   8.2025200e-01   2.6764178e+00   0.0000000e+00
   8.1000000e+01   1.0000000e+00   5.7320500e-01   8.2025200e-01   2.6764178e+00   1.0000000e+00
   8.2000000e+01   0.0000000e+00   6.3826600e-01   8.2025200e-01   2.6764178e+00   1.0000000e+00
   8.3000000e+01   0.0000000e+00   6.0172900e-01   8.2025200e-01   2.6764178e+00   0.0000000e+00
   8.4000000e+01   0.0000000e+00   1.0858020e+00   8.2025200e-01   2.6764178e+00   0.0000000e+00
   8.5000000e+01   1.0000000e+00   4.6138400e-01   8.2025200e-01   2.6764178e+00   1.0000000e+00
   8.6000000e+01   1.0000000e+00   1.5202640e+00   8.2025200e-01   2.6764178e+00   0.0000000e+00
   8.7000000e+01   0.0000000e+00   4.8321600e-01   8.2025200e-01   2.6764178e+00   0.0000000e+00
   8.8000000e+01   1.0000000e+00   7.5274400e-01   8.2025200e-01   2.6764178e+00   1.0000000e+00
   8.9000000e+01   0.0000000e+00   1.4582460e+00   8.2025200e-01   2.6764178e+00   1.0000000e+00
   9.0000000e+01   0.0000000e+00   8.6317400e-01   8.2025200e-01   2.6764178e+00   0.0000000e+00
   9.1000000e+01   1.0000000e+00   5.4245400e-01   8.2025200e-01   2.6764178e+00   0.0000000e+00
   9.2000000e+01   0.0000000e+00   1.2656250e+00   8.2025200e-01   2.6764178e+00   1.0000000e+00
   9.3000000e+01   1.0000000e+00   1.2479850e+00   8.2025200e-01   2.6764178e+00   1.0000000e+00
   9.4000000e+01   0.0000000e+00   1.6993280e+00   8.2025200e-01   2.6764178e+00   0.0000000e+00
   9.5000000e+01   0.0000000e+00   1.0277080e+00   8.2025200e-01   2.6764178e+00   0.0000000e+00
   9.6000000e+01   0.0000000e+00   4.5514100e-01   8.2025200e-01   2.6764178e+00   1.0000000e+00
   9.7000000e+01   1.0000000e+00   2.0518810e+00   8.2025200e-01   2.6764178e+00   0.0000000e+00
   9.8000000e+01   0.0000000e+00   8.5519500e-01   8.2025200e-01   2.6764178e+00   0.0000000e+00
   9.9000000e+01   0.0000000e+00   4.3530000e-01   8.2025200e-01   2.6764178e+00   1.0000000e+00
   1.0000000e+02   0.0000000e+00   1.4888930e+00   8.2025200e-01   2.6764178e+00   1.0000000e+00
   1.0100000e+02   0.0000000e+00   5.3239200e-01   8.2025200e-01   2.6764178e+00   0.0000000e+00
   1.0200000e+02   1.0000000e+00   2.0153440e+00   8.2025200e-01   2.6764178e+00   0.0000000e+00
   1.0300000e+02   0.0000000e+00   7.2643100e-01   8.2025200e-01   2.6764178e+00   1.0000000e+00
   1.0400000e+02   1.0000000e+00   4.3630600e-01   8.2025200e-01   2.6764178e+00   1.0000000e+00
   1.0500000e+02   0.0000000e+00   4.4836900e-01   8.2025200e-01   2.6764178e+00   0.0000000e+00
   1.0600000e+02   0.0000000e+00   7.1643900e-01   8.2025200e-01   2.6764178e+00   0.0000000e+00
   1.0700000e+02   0.0000000e+00   8.8281500e-01   8.2025200e-01   2.6764178e+00   0.0000000e+00
   1.0800000e+02   0.0000000e+00   5.4333100e-01   8.2025200e-01   2.6764178e+00   0.0000000e+00
   1.0900000e+02   1.0000000e+00   1.1873960e+00   8.2025200e-01   2.6764178e+00   0.0000000e+00
   1.1000000e+02   0.0000000e+00   1.1383250e+00   8.2025200e-01   2.6764178e+00   0.0000000e+00
   1.1100000e+02   0.0000000e+00   9.0314300e-01   8.2025200e-01   2.6764178e+00   1.0000000e+00
   1.1200000e+02   0.0000000e+00   8.5486300e-01   8.2025200e-01   2.6764178e+00   1.0000000e+00
   1.1300000e+02   0.0000000e+00   5.3121400e-01   8.2025200e-01   2.6764178e+00   1.0000000e+00
   1.1400000e+02   0.0000000e+00   6.5869100e-01   8.2025200e-01   2.6764178e+00   1.0000000e+00
   1.1500000e+02   1.0000000e+00   1.5654050e+00   8.2025200e-01   2.6764178e+00   1.0000000e+00
   1.1600000e+02   0.0000000e+00   8.0475300e-01   8.2025200e-01   2.6764178e+00   0.0000000e+00
   1.1700000e+02   0.0000000e+00   6.0570200e-01   8.2025200e-01   2.6764178e+00   0.0000000e+00
   1.1800000e+02   0.0000000e+00   3.8468170e+00   8.2025200e-01   2.6764178e+00   0.0000000e+00
   1.1900000e+02   0.0000000e+00   1.0764550e+00   8.2025200e-01   2.6764178e+00   0.0000000e+00
   1.2000000e+02   0.0000000e+00   7.9305100e-01   8.2025200e-01   2.6764178e+00   0.0000000e+00
   1.2100000e+02   1.0000000e+00   1.2675600e+00   8.2025200e-01   2.6764178e+00   1.0000000e+00
   1.2200000e+02   0.0000000e+00   7.1120000e-01   8.2025200e-01   2.6764178e+00   1.0000000e+00
   1.2300000e+02   0.0000000e+00   5.2920100e-01   8.2025200e-01   2.6764178e+00   1.0000000e+00
   1.2400000e+02   0.0000000e+00   1.1477080e+00   8.2025200e-01   2.6764178e+00   0.0000000e+00
   1.2500000e+02   1.0000000e+00   5.9060300e-01   8.2025200e-01   2.6764178e+00   0.0000000e+00
   1.2600000e+02   0.0000000e+00   7.9023800e-01   8.2025200e-01   2.6764178e+00   0.0000000e+00
   1.2700000e+02   1.0000000e+00   9.2884500e-01   8.2025200e-01   2.6764178e+00   1.0000000e+00
   1.2800000e+02   0.0000000e+00   7.0815700e-01   8.2025200e-01   2.6764178e+00   1.0000000e+00
   1.2900000e+02   0.0000000e+00   1.0714480e+00   8.2025200e-01   2.6764178e+00   0.0000000e+00
   1.3000000e+02   0.0000000e+00   1.1785120e+00   8.2025200e-01   2.6764178e+00   1.0000000e+00
   1.3100000e+02   0.0000000e+00   5.7214500e-01   8.2025200e-01   2.6764178e+00   1.0000000e+00
   1.3200000e+02   0.0000000e+00   6.5841000e-01   8.2025200e-01   2.6764178e+00   1.0000000e+00
   1.3300000e+02   1.0000000e+00   6.8979400e-01   8.2025200e-01   2.6764178e+00   0.0000000e+00
   1.3400000e+02   0.0000000e+00   6.1324600e-01   8.2025200e-01   2.6764178e+00   1.0000000e+00
   1.3500000e+02   1.0000000e+00   7.4254100e-01   8.2025200e-01   2.6764178e+00   0.0000000e+00
   1.3600000e+02   1.0000000e+00   8.8389000e-01   8.2025200e-01   2.6764178e+00   1.0000000e+00
