   1.0000000e+00   0.0000000e+00   3.3133510e+00   8.1988300e-01   2.7873952e+00   1.0000000e+00
   2.0000000e+00   0.0000000e+00   8.3144500e-01   8.1988300e-01   2.7873952e+00   0.0000000e+00
   3.0000000e+00   0.0000000e+00   1.3802980e+00   8.1988300e-01   2.7873952e+00   1.0000000e+00
   4.0000000e+00   1.0000000e+00   8.9892300e-01   8.1988300e-01   2.7873952e+00   1.0000000e+00
   5.0000000e+00   0.0000000e+00   8.1639900e-01   8.1988300e-01   2.7873952e+00   1.0000000e+00
   6.0000000e+00   1.0000000e+00   1.2976850e+00   8.1988300e-01   2.7873952e+00   0.0000000e+00
   7.0000000e+00   0.0000000e+00   1.0684800e+00   8.1988300e-01   2.7873952e+00   0.0000000e+00
   8.0000000e+00   0.0000000e+00   7.5631800e-01   8.1988300e-01   2.7873952e+00   0.0000000e+00
   9.0000000e+00   1.0000000e+00   5.8189700e-01   8.1988300e-01   2.7873952e+00   1.0000000e+00
   1.0000000e+01   1.0000000e+00   6.4677500e-01   8.1988300e-01   2.7873952e+00   0.0000000e+00
   1.1000000e+01   0.0000000e+00   7.3768000e-01   8.1988300e-01   2.7873952e+00   1.0000000e+00
   1.2000000e+01   0.0000000e+00   5.1298900e-01   8.1988300e-01   2.7873952e+00   1.0000000e+00
   1.3000000e+01   0.0000000e+00   1.4596900e+00   8.1988300e-01   2.7873952e+00   0.0000000e+00
   1.4000000e+01   1.0000000e+00   7.8282200e-01   8.1988300e-01   2.7873952e+00   0.0000000e+00
   1.5000000e+01   0.0000000e+00   6.3666600e-01   8.1988300e-01   2.7873952e+00   0.0000000e+00
   1.6000000e+01   0.0000000e+00   1.8643920e+00   8.1988300e-01   2.7873952e+00   0.0000000e+00
   1.7000000e+01   0.0000000e+00   2.3957160e+00   8.1988300e-01   2.7873952e+00   1.0000000e+00
   1.8000000e+01   0.0000000e+00   4.3829400e-01   8.1988300e-01   2.7873952e+00   0.0000000e+00
   1.9000000e+01   1.0000000e+00   5.8933800e-01   8.1988300e-01   2.7873952e+00   1.0000000e+00
   2.0000000e+01   0.0000000e+00   6.1968300e-01   8.1988300e-01   2.7873952e+00   1.0000000e+00
   2.1000000e+01   0.0000000e+00   7.5936500e-01   8.1988300e-01   2.7873952e+00   0.0000000e+00
   2.2000000e+01   0.0000000e+00   6.6504300e-01   8.1988300e-01   2.7873952e+00   1.0000000e+00
   2.3000000e+01   1.0000000e+00   7.0040900e-01   8.1988300e-01   2.7873952e+00   0.0000000e+00
   2.4000000e+01   0.0000000e+00   1.4001470e+00   8.1988300e-01   2.7873952e+00   0.0000000e+00
   2.5000000e+01   0.0000000e+00   7.2889000e-01   8.1988300e-01   2.7873952e+00   0.0000000e+00
   2.6000000e+01   1.0000000e+00   8.5984200e-01   8.1988300e-01   2.7873952e+00   1.0000000e+00
   2.7000000e+01   0.0000000e+00   9.0817100e-01   8.1988300e-01   2.7873952e+00   1.0000000e+00
   2.8000000e+01   0.0000000e+00   7.3041700e-01   8.1988300e-01   2.7873952e+00   1.0000000e+00
   2.9000000e+01   0.0000000e+00   5.4975100e-01   8.1988300e-01   2.7873952e+00   0.0000000e+00
   3.0000000e+01   0.0000000e+00   6.4369400e-01   8.1988300e-01   2.7873952e+00   1.0000000e+00
   3.1000000e+01   1.0000000e+00   7.4686400e-01   8.1988300e-01   2.7873952e+00   0.0000000e+00
   3.2000000e+01   0.0000000e+00   1.3210560e+00   8.1988300e-01   2.7873952e+00   1.0000000e+00
   3.3000000e+01   0.0000000e+00   1.4329910e+00   8.1988300e-01   2.7873952e+00   1.0000000e+00
   3.4000000e+01   0.0000000e+00   1.2462660e+00   8.1988300e-01   2.7873952e+00   0.0000000e+00
   3.5000000e+01   1.0000000e+00   1.0538830e+00   8.1988300e-01   2.7873952e+00   1.0000000e+00
   3.6000000e+01   0.0000000e+00   6.6750400e-01   8.1988300e-01   2.7873952e+00   0.0000000e+00
   3.7000000e+01   0.0000000e+00   1.0766210e+00   8.1988300e-01   2.7873952e+00   1.0000000e+00
   3.8000000e+01   1.0000000e+00   1.2069110e+00   8.1988300e-01   2.7873952e+00   1.0000000e+00
   3.9000000e+01   0.0000000e+00   1.4639350e+00   8.1988300e-01   2.7873952e+00   1.0000000e+00
   4.0000000e+01   0.0000000e+00   8.0537600e-01   8.1988300e-01   2.7873952e+00   1.0000000e+00
   4.1000000e+01   1.0000000e+00   1.2212270e+00   8.1988300e-01   2.7873952e+00   0.0000000e+00
   4.2000000e+01   0.0000000e+00   7.1997900e-01   8.1988300e-01   2.7873952e+00   0.0000000e+00
   4.3000000e+01   1.0000000e+00   5.7689700e-01   8.1988300e-01   2.7873952e+00   1.0000000e+00
   4.4000000e+01   0.0000000e+00   6.0591800e-01   8.1988300e-01   2.7873952e+00   0.0000000e+00
   4.5000000e+01   0.0000000e+00   7.9199700e-01   8.1988300e-01   2.7873952e+00   1.0000000e+00
   4.6000000e+01   0.0000000e+00   4.7263800e-01   8.1988300e-01   2.7873952e+00   0.0000000e+00
   4.7000000e+01   0.0000000e+00   4.7112100e-01   8.1988300e-01   2.7873952e+00   0.0000000e+00
   4.8000000e+01   1.0000000e+00   6.6281000e-01   8.1988300e-01   2.7873952e+00   0.0000000e+00
   4.9000000e+01   0.0000000e+00   6.7520500e-01   8.1988300e-01   2.7873952e+00   1.0000000e+00
   5.0000000e+01   1.0000000e+00   7.2492800e-01   8.1988300e-01   2.7873952e+00   0.0000000e+00
   5.1000000e+01   0.0000000e+00   5.9417800e-01   8.1988300e-01   2.7873952e+00   0.0000000e+00
   5.2000000e+01   1.0000000e+00   1.2339250e+00   8.1988300e-01   2.7873952e+00   1.0000000e+00
   5.3000000e+01   0.0000000e+00   4.3504800e-01   8.1988300e-01   2.7873952e+00   1.0000000e+00
   5.4000000e+01   0.0000000e+00   7.2295700e-01   8.1988300e-01   2.7873952e+00   0.0000000e+00
   5.5000000e+01   0.0000000e+00   9.5893000e-01   8.1988300e-01   2.7873952e+00   1.0000000e+00
   5.6000000e+01   1.0000000e+00   7.8891000e-01   8.1988300e-01   2.7873952e+00   0.0000000e+00
   5.7000000e+01   0.0000000e+00   5.7603900e-01   8.1988300e-01   2.7873952e+00   0.0000000e+00
   5.8000000e+01   1.0000000e+00   1.9117460e+00   8.1988300e-01   2.7873952e+00   1.0000000e+00
   5.9000000e+01   0.0000000e+00   6.3570600e-01   8.1988300e-01   2.7873952e+00   1.0000000e+00
   6.0000000e+01   0.0000000e+00   8.9718200e-01   8.1988300e-01   2.7873952e+00   1.0000000e+00
   6.1000000e+01   0.0000000e+00   1.3118310e+00   8.1988300e-01   2.7873952e+00   1.0000000e+00
   6.2000000e+01   0.0000000e+00   8.8335600e-01   8.1988300e-01   2.7873952e+00   0.0000000e+00
   6.3000000e+01   0.0000000e+00   8.6332900e-01   8.1988300e-01   2.7873952e+00   0.0000000e+00
   6.4000000e+01   0.0000000e+00   5.9014600e-01   8.1988300e-01   2.7873952e+00   0.0000000e+00
   6.5000000e+01   0.0000000e+00   1.2317550e+00   8.1988300e-01   2.7873952e+00   0.0000000e+00
   6.6000000e+01   1.0000000e+00   6.6513100e-01   8.1988300e-01   2.7873952e+00   1.0000000e+00
   6.7000000e+01   0.0000000e+00   4.3867900e-01   8.1988300e-01   2.7873952e+00   1.0000000e+00
   6.8000000e+01   0.0000000e+00   1.2520230e+00   8.1988300e-01   2.7873952e+00   0.0000000e+00
   6.9000000e+01   0.0000000e+00   6.6337600e-01   8.1988300e-01   2.7873952e+00   0.0000000e+00
   7.0000000e+01   1.0000000e+00   1.1341330e+00   8.1988300e-01   2.7873952e+00   0.0000000e+00
   7.1000000e+01   0.0000000e+00   1.6603420e+00   8.1988300e-01   2.7873952e+00   1.0000000e+00
   7.2000000e+01   0.0000000e+00   7.5039300e-01   8.1988300e-01   2.7873952e+00   1.0000000e+00
   7.3000000e+01   0.0000000e+00   4.8935500e-01   8.1988300e-01   2.7873952e+00   1.0000000e+00
   7.4000000e+01   1.0000000e+00   9.0656900e-01   8.1988300e-01   2.7873952e+00   0.0000000e+00
   7.5000000e+01   0.0000000e+00   5.6491400e-01   8.1988300e-01   2.7873952e+00   1.0000000e+00
   7.6000000e+01   1.0000000e+00   5.1642400e-01   8.1988300e-01   2.7873952e+00   1.0000000e+00
   7.7000000e+01   0.0000000e+00   8.3237100e-01   8.1988300e-01   2.7873952e+00   1.0000000e+00
   7.8000000e+01   1.0000000e+00   6.0525800e-01   8.1988300e-01   2.7873952e+00   0.0000000e+00
   7.9000000e+01   0.0000000e+00   6.8012500e-01   8.1988300e-01   2.7873952e+00   0.0000000e+00
   8.0000000e+01   0.0000000e+00   1.1063270e+00   8.1988300e-01   2.7873952e+00   1.0000000e+00
   8.1000000e+01   0.0000000e+00   5.2159600e-01   8.1988300e-01   2.7873952e+00   0.0000000e+00
   8.2000000e+01   1.0000000e+00   5.7111500e-01   8.1988300e-01   2.7873952e+00   1.0000000e+00
   8.3000000e+01   0.0000000e+00   1.3032930e+00   8.1988300e-01   2.7873952e+00   0.0000000e+00
   8.4000000e+01   1.0000000e+00   9.0444800e-01   8.1988300e-01   2.7873952e+00   1.0000000e+00
   8.5000000e+01   0.0000000e+00   5.6706100e-01   8.1988300e-01   2.7873952e+00   1.0000000e+00
   8.6000000e+01   0.0000000e+00   8.2713700e-01   8.1988300e-01   2.7873952e+00   1.0000000e+00
   8.7000000e+01   0.0000000e+00   1.8533220e+00   8.1988300e-01   2.7873952e+00   0.0000000e+00
   8.8000000e+01   0.0000000e+00   4.9199700e-01   8.1988300e-01   2.7873952e+00   0.0000000e+00
   8.9000000e+01   1.0000000e+00   1.0558130e+00   8.1988300e-01   2.7873952e+00   0.0000000e+00
   9.0000000e+01   0.0000000e+00   1.3464290e+00   8.1988300e-01   2.7873952e+00   1.0000000e+00
   9.1000000e+01   1.0000000e+00   5.7357300e-01   8.1988300e-01   2.7873952e+00   1.0000000e+00
   9.2000000e+01   1.0000000e+00   4.9146900e-01   8.1988300e-01   2.7873952e+00   0.0000000e+00
   9.3000000e+01   0.0000000e+00   1.1173610e+00   8.1988300e-01   2.7873952e+00   0.0000000e+00
   9.4000000e+01   1.0000000e+00   1.9246800e+00   8.1988300e-01   2.7873952e+00   1.0000000e+00
   9.5000000e+01   0.0000000e+00   5.1742000e-01   8.1988300e-01   2.7873952e+00   1.0000000e+00
   9.6000000e+01   0.0000000e+00   6.5814400e-01   8.1988300e-01   2.7873952e+00   0.0000000e+00
   9.7000000e+01   0.0000000e+00   1.7181820e+00   8.1988300e-01   2.7873952e+00   0.0000000e+00
   9.8000000e+01   1.0000000e+00   1.4512510e+00   8.1988300e-01   2.7873952e+00   0.0000000e+00
   9.9000000e+01   0.0000000e+00   4.4219500e-01   8.1988300e-01   2.7873952e+00   0.0000000e+00
   1.0000000e+02   0.0000000e+00   1.2123530e+00   8.1988300e-01   2.7873952e+00   0.0000000e+00
   1.0100000e+02   0.0000000e+00   1.8663090e+00   8.1988300e-01   2.7873952e+00   1.0000000e+00
   1.0200000e+02   0.0000000e+00   1.6950790e+00   8.1988300e-01   2.7873952e+00   1.0000000e+00
   1.0300000e+02   1.0000000e+00   7.7019500e-01   8.1988300e-01   2.7873952e+00   0.0000000e+00
   1.0400000e+02   1.0000000e+00   4.5632900e-01   8.1988300e-01   2.7873952e+00   1.0000000e+00
   1.0500000e+02   0.0000000e+00   2.0220510e+00   8.1988300e-01   2.7873952e+00   1.0000000e+00
   1.0600000e+02   0.0000000e+00   5.7225200e-01   8.1988300e-01   2.7873952e+00   1.0000000e+00
   1.0700000e+02   0.0000000e+00   1.3743850e+00   8.1988300e-01   2.7873952e+00   0.0000000e+00
   1.0800000e+02   1.0000000e+00   5.2624400e-01   8.1988300e-01   2.7873952e+00   0.0000000e+00
   1.0900000e+02   0.0000000e+00   1.7471470e+00   8.1988300e-01   2.7873952e+00   1.0000000e+00
   1.1000000e+02   0.0000000e+00   9.8979000e-01   8.1988300e-01   2.7873952e+00   0.0000000e+00
   1.1100000e+02   0.0000000e+00   6.5174300e-01   8.1988300e-01   2.7873952e+00   0.0000000e+00
   1.1200000e+02   1.0000000e+00   4.5466500e-01   8.1988300e-01   2.7873952e+00   1.0000000e+00
   1.1300000e+02   0.0000000e+00   4.7334400e-01   8.1988300e-01   2.7873952e+00   1.0000000e+00
   1.1400000e+02   0.0000000e+00   6.9875400e-01   8.1988300e-01   2.7873952e+00   1.0000000e+00
   1.1500000e+02   0.0000000e+00   5.5889400e-01   8.1988300e-01   2.7873952e+00   0.0000000e+00
   1.1600000e+02   0.0000000e+00   7.9242700e-01   8.1988300e-01   2.7873952e+00   0.0000000e+00
   1.1700000e+02   1.0000000e+00   9.7057800e-01   8.1988300e-01   2.7873952e+00   1.0000000e+00
   1.1800000e+02   0.0000000e+00   6.5818300e-01   8.1988300e-01   2.7873952e+00   0.0000000e+00
   1.1900000e+02   1.0000000e+00   8.0646700e-01   8.1988300e-01   2.7873952e+00   0.0000000e+00
   1.2000000e+02   0.0000000e+00   7.9165900e-01   8.1988300e-01   2.7873952e+00   1.0000000e+00
   1.2100000e+02   0.0000000e+00   7.1335000e-01   8.1988300e-01   2.7873952e+00   0.0000000e+00
   1.2200000e+02   0.0000000e+00   4.8167700e-01   8.1988300e-01   2.7873952e+00   1.0000000e+00
   1.2300000e+02   0.0000000e+00   1.0803010e+00   8.1988300e-01   2.7873952e+00   1.0000000e+00
   1.2400000e+02   1.0000000e+00   6.7445600e-01   8.1988300e-01   2.7873952e+00   1.0000000e+00
   1.2500000e+02   0.0000000e+00   1.1116090e+00   8.1988300e-01   2.7873952e+00   0.0000000e+00
   1.2600000e+02   0.0000000e+00   6.6057500e-01   8.1988300e-01   2.7873952e+00   0.0000000e+00
   1.2700000e+02   0.0000000e+00   5.6874800e-01   8.1988300e-01   2.7873952e+00   1.0000000e+00
   1.2800000e+02   0.0000000e+00   2.1762310e+00   8.1988300e-01   2.7873952e+00   1.0000000e+00
   1.2900000e+02   0.0000000e+00   1.7157660e+00   8.1988300e-01   2.7873952e+00   0.0000000e+00
   1.3000000e+02   1.0000000e+00   1.3660090e+00   8.1988300e-01   2.7873952e+00   0.0000000e+00
   1.3100000e+02   0.0000000e+00   1.0527540e+00   8.1988300e-01   2.7873952e+00   1.0000000e+00
   1.3200000e+02   1.0000000e+00   1.4280370e+00   8.1988300e-01   2.7873952e+00   0.0000000e+00
   1.3300000e+02   0.0000000e+00   5.4195300e-01   8.1988300e-01   2.7873952e+00   1.0000000e+00
   1.3400000e+02   0.0000000e+00   7.9514300e-01   8.1988300e-01   2.7873952e+00   0.0000000e+00
   1.3500000e+02   1.0000000e+00   4.8170900e-01   8.1988300e-01   2.7873952e+00   1.0000000e+00
   1.3600000e+02   0.0000000e+00   4.6719100e-01   8.1988300e-01   2.7873952e+00   0.0000000e+00
