   1.0000000e+00   0.0000000e+00   5.6648200e-01   8.1941700e-01   2.5544710e+00   1.0000000e+00
   2.0000000e+00   0.0000000e+00   7.7818200e-01   8.1941700e-01   2.5544710e+00   0.0000000e+00
   3.0000000e+00   1.0000000e+00   1.5246880e+00   8.1941700e-01   2.5544710e+00   1.0000000e+00
   4.0000000e+00   0.0000000e+00   4.4122800e-01   8.1941700e-01   2.5544710e+00   0.0000000e+00
   5.0000000e+00   0.0000000e+00   5.4756000e-01   8.1941700e-01   2.5544710e+00   1.0000000e+00
   6.0000000e+00   1.0000000e+00   7.6431500e-01   8.1941700e-01   2.5544710e+00   0.0000000e+00
   7.0000000e+00   0.0000000e+00   1.0663000e+00   8.1941700e-01   2.5544710e+00   1.0000000e+00
   8.0000000e+00   0.0000000e+00   1.2138710e+00   8.1941700e-01   2.5544710e+00   1.0000000e+00
   9.0000000e+00   0.0000000e+00   4.9671400e-01   8.1941700e-01   2.5544710e+00   1.0000000e+00
   1.0000000e+01   0.0000000e+00   1.0207370e+00   8.1941700e-01   2.5544710e+00   0.0000000e+00
   1.1000000e+01   1.0000000e+00   9.0155800e-01   8.1941700e-01   2.5544710e+00   1.0000000e+00
   1.2000000e+01   0.0000000e+00   8.4590500e-01   8.1941700e-01   2.5544710e+00   0.0000000e+00
   1.3000000e+01   1.0000000e+00   5.5650800e-01   8.1941700e-01   2.5544710e+00   0.0000000e+00
   1.4000000e+01   0.0000000e+00   9.4567700e-01   8.1941700e-01   2.5544710e+00   0.0000000e+00
   1.5000000e+01   0.0000000e+00   4.6618900e-01   8.1941700e-01   2.5544710e+00   0.0000000e+00
   1.6000000e+01   0.0000000e+00   5.0630100e-01   8.1941700e-01   2.5544710e+00   0.0000000e+00
   1.7000000e+01   0.0000000e+00   5.2950400e-01   8.1941700e-01   2.5544710e+00   0.0000000e+00
   1.8000000e+01   0.0000000e+00   5.6657100e-01   8.1941700e-01   2.5544710e+00   1.0000000e+00
   1.9000000e+01   0.0000000e+00   1.3426990e+00   8.1941700e-01   2.5544710e+00   1.0000000e+00
   2.0000000e+01   1.0000000e+00   5.9170400e-01   8.1941700e-01   2.5544710e+00   0.0000000e+00
   2.1000000e+01   0.0000000e+00   4.5645200e-01   8.1941700e-01   2.5544710e+00   0.0000000e+00
   2.2000000e+01   1.0000000e+00   1.0232820e+00   8.1941700e-01   2.5544710e+00   1.0000000e+00
   2.3000000e+01   0.0000000e+00   7.0264600e-01   8.1941700e-01   2.5544710e+00   0.0000000e+00
   2.4000000e+01   0.0000000e+00   5.5686100e-01   8.1941700e-01   2.5544710e+00   1.0000000e+00
   2.5000000e+01   0.0000000e+00   1.1834760e+00   8.1941700e-01   2.5544710e+00   0.0000000e+00
   2.6000000e+01   1.0000000e+00   7.1994000e-01   8.1941700e-01   2.5544710e+00   0.0000000e+00
   2.7000000e+01   0.0000000e+00   5.4365300e-01   8.1941700e-01   2.5544710e+00   1.0000000e+00
   2.8000000e+01   0.0000000e+00   6.7598500e-01   8.1941700e-01   2.5544710e+00   1.0000000e+00
   2.9000000e+01   1.0000000e+00   6.3434500e-01   8.1941700e-01   2.5544710e+00   1.0000000e+00
   3.0000000e+01   0.0000000e+00   4.6751100e-01   8.1941700e-01   2.5544710e+00   1.0000000e+00
   3.1000000e+01   1.0000000e+00   1.1543870e+00   8.1941700e-01   2.5544710e+00   0.0000000e+00
   3.2000000e+01   0.0000000e+00   1.1838090e+00   8.1941700e-01   2.5544710e+00   0.0000000e+00
   3.3000000e+01   1.0000000e+00   1.4297740e+00   8.1941700e-01   2.5544710e+00   1.0000000e+00
   3.4000000e+01   0.0000000e+00   5.6059800e-01   8.1941700e-01   2.5544710e+00   1.0000000e+00
   3.5000000e+01   0.0000000e+00   1.6126030e+00   8.1941700e-01   2.5544710e+00   0.0000000e+00
   3.6000000e+01   1.0000000e+00   1.4030580e+00   8.1941700e-01   2.5544710e+00   1.0000000e+00
   3.7000000e+01   0.0000000e+00   5.8851200e-01   8.1941700e-01   2.5544710e+00   1.0000000e+00
   3.8000000e+01   0.0000000e+00   9.3057500e-01   8.1941700e-01   2.5544710e+00   0.0000000e+00
   3.9000000e+01   0.0000000e+00   1.5368380e+00   8.1941700e-01   2.5544710e+00   1.0000000e+00
   4.0000000e+01   0.0000000e+00   6.2298800e-01   8.1941700e-01   2.5544710e+00   0.0000000e+00
   4.1000000e+01   0.0000000e+00   2.4739140e+00   8.1941700e-01   2.5544710e+00   1.0000000e+00
   4.2000000e+01   1.0000000e+00   6.2232900e-01   8.1941700e-01   2.5544710e+00   0.0000000e+00
   4.3000000e+01   0.0000000e+00   6.9428000e-01   8.1941700e-01   2.5544710e+00   1.0000000e+00
   4.4000000e+01   1.0000000e+00   6.8877700e-01   8.1941700e-01   2.5544710e+00   1.0000000e+00
   4.5000000e+01   0.0000000e+00   7.7705200e-01   8.1941700e-01   2.5544710e+00   1.0000000e+00
   4.6000000e+01   0.0000000e+00   3.5750520e+00   8.1941700e-01   2.5544710e+00   0.0000000e+00
   4.7000000e+01   1.0000000e+00   1.1801290e+00   8.1941700e-01   2.5544710e+00   0.0000000e+00
   4.8000000e+01   0.0000000e+00   1.6340860e+00   8.1941700e-01   2.5544710e+00   1.0000000e+00
   4.9000000e+01   0.0000000e+00   4.7951000e-01   8.1941700e-01   2.5544710e+00   0.0000000e+00
   5.0000000e+01   0.0000000e+00   8.3935900e-01   8.1941700e-01   2.5544710e+00   0.0000000e+00
   5.1000000e+01   0.0000000e+00   5.3155100e-01   8.1941700e-01   2.5544710e+00   1.0000000e+00
   5.2000000e+01   0.0000000e+00   5.4688200e-01   8.1941700e-01   2.5544710e+00   1.0000000e+00
   5.3000000e+01   1.0000000e+00   4.4553700e-01   8.1941700e-01   2.5544710e+00   0.0000000e+00
   5.4000000e+01   0.0000000e+00   6.9650100e-01   8.1941700e-01   2.5544710e+00   1.0000000e+00
   5.5000000e+01   0.0000000e+00   7.5831100e-01   8.1941700e-01   2.5544710e+00   1.0000000e+00
   5.6000000e+01   0.0000000e+00   7.0928900e-01   8.1941700e-01   2.5544710e+00   0.0000000e+00
   5.7000000e+01   0.0000000e+00   8.9679300e-01   8.1941700e-01   2.5544710e+00   1.0000000e+00
   5.8000000e+01   0.0000000e+00   3.1057850e+00   8.1941700e-01   2.5544710e+00   0.0000000e+00
   5.9000000e+01   1.0000000e+00   8.9339800e-01   8.1941700e-01   2.5544710e+00   1.0000000e+00
   6.0000000e+01   0.0000000e+00   7.9238500e-01   8.1941700e-01   2.5544710e+00   0.0000000e+00
   6.1000000e+01   0.0000000e+00   5.5421100e-01   8.1941700e-01   2.5544710e+00   0.0000000e+00
   6.2000000e+01   1.0000000e+00   1.2292240e+00   8.1941700e-01   2.5544710e+00   0.0000000e+00
   6.3000000e+01   0.0000000e+00   5.2723500e-01   8.1941700e-01   2.5544710e+00   0.0000000e+00
   6.4000000e+01   1.0000000e+00   7.1777400e-01   8.1941700e-01   2.5544710e+00   1.0000000e+00
   6.5000000e+01   0.0000000e+00   1.1762070e+00   8.1941700e-01   2.5544710e+00   0.0000000e+00
   6.6000000e+01   0.0000000e+00   5.6500100e-01   8.1941700e-01   2.5544710e+00   0.0000000e+00
   6.7000000e+01   0.0000000e+00   1.0128450e+00   8.1941700e-01   2.5544710e+00   1.0000000e+00
   6.8000000e+01   1.0000000e+00   6.1727200e-01   8.1941700e-01   2.5544710e+00   1.0000000e+00
   6.9000000e+01   0.0000000e+00   1.4348780e+00   8.1941700e-01   2.5544710e+00   0.0000000e+00
   7.0000000e+01   1.0000000e+00   5.4919700e-01   8.1941700e-01   2.5544710e+00   0.0000000e+00
   7.1000000e+01   0.0000000e+00   9.0699300e-01   8.1941700e-01   2.5544710e+00   0.0000000e+00
   7.2000000e+01   0.0000000e+00   1.6504230e+00   8.1941700e-01   2.5544710e+00   1.0000000e+00
   7.3000000e+01   0.0000000e+00   7.0214200e-01   8.1941700e-01   2.5544710e+00   0.0000000e+00
   7.4000000e+01   0.0000000e+00   1.3810690e+00   8.1941700e-01   2.5544710e+00   0.0000000e+00
   7.5000000e+01   0.0000000e+00   1.7501810e+00   8.1941700e-01   2.5544710e+00   0.0000000e+00
   7.6000000e+01   1.0000000e+00   7.5349400e-01   8.1941700e-01   2.5544710e+00   0.0000000e+00
   7.7000000e+01   0.0000000e+00   7.8309200e-01   8.1941700e-01   2.5544710e+00   0.0000000e+00
   7.8000000e+01   0.0000000e+00   4.4113700e-01   8.1941700e-01   2.5544710e+00   1.0000000e+00
   7.9000000e+01   0.0000000e+00   1.1529350e+00   8.1941700e-01   2.5544710e+00   1.0000000e+00
   8.0000000e+01   0.0000000e+00   5.6351500e-01   8.1941700e-01   2.5544710e+00   1.0000000e+00
   8.1000000e+01   1.0000000e+00   8.4039400e-01   8.1941700e-01   2.5544710e+00   1.0000000e+00
   8.2000000e+01   0.0000000e+00   1.1656300e+00   8.1941700e-01   2.5544710e+00   1.0000000e+00
   8.3000000e+01   0.0000000e+00   4.7319800e-01   8.1941700e-01   2.5544710e+00   1.0000000e+00
   8.4000000e+01   0.0000000e+00   5.8631800e-01   8.1941700e-01   2.5544710e+00   0.0000000e+00
   8.5000000e+01   0.0000000e+00   5.5909300e-01   8.1941700e-01   2.5544710e+00   0.0000000e+00
   8.6000000e+01   0.0000000e+00   6.5368500e-01   8.1941700e-01   2.5544710e+00   1.0000000e+00
   8.7000000e+01   0.0000000e+00   5.0929900e-01   8.1941700e-01   2.5544710e+00   0.0000000e+00
   8.8000000e+01   1.0000000e+00   1.1906960e+00   8.1941700e-01   2.5544710e+00   0.0000000e+00
   8.9000000e+01   0.0000000e+00   2.4908360e+00   8.1941700e-01   2.5544710e+00   1.0000000e+00
   9.0000000e+01   0.0000000e+00   4.8500800e-01   8.1941700e-01   2.5544710e+00   0.0000000e+00
   9.1000000e+01   1.0000000e+00   7.3914700e-01   8.1941700e-01   2.5544710e+00   1.0000000e+00
   9.2000000e+01   0.0000000e+00   4.4097300e-01   8.1941700e-01   2.5544710e+00   1.0000000e+00
   9.3000000e+01   1.0000000e+00   1.0579330e+00   8.1941700e-01   2.5544710e+00   1.0000000e+00
   9.4000000e+01   0.0000000e+00   6.0368000e-01   8.1941700e-01   2.5544710e+00   1.0000000e+00
   9.5000000e+01   0.0000000e+00   7.0020400e-01   8.1941700e-01   2.5544710e+00   1.0000000e+00
   9.6000000e+01   1.0000000e+00   4.7616900e-01   8.1941700e-01   2.5544710e+00   0.0000000e+00
   9.7000000e+01   0.0000000e+00   1.1151200e+00   8.1941700e-01   2.5544710e+00   0.0000000e+00
   9.8000000e+01   1.0000000e+00   1.3724240e+00   8.1941700e-01   2.5544710e+00   1.0000000e+00
   9.9000000e+01   0.0000000e+00   7.3395800e-01   8.1941700e-01   2.5544710e+00   1.0000000e+00
   1.0000000e+02   0.0000000e+00   1.4556350e+00   8.1941700e-01   2.5544710e+00   0.0000000e+00
   1.0100000e+02   0.0000000e+00   9.6747900e-01   8.1941700e-01   2.5544710e+00   1.0000000e+00
   1.0200000e+02   1.0000000e+00   6.2286100e-01   8.1941700e-01   2.5544710e+00   0.0000000e+00
   1.0300000e+02   0.0000000e+00   1.8826300e+00   8.1941700e-01   2.5544710e+00   1.0000000e+00
   1.0400000e+02   0.0000000e+00   6.6678400e-01   8.1941700e-01   2.5544710e+00   0.0000000e+00
   1.0500000e+02   0.0000000e+00   1.2916330e+00   8.1941700e-01   2.5544710e+00   1.0000000e+00
   1.0600000e+02   0.0000000e+00   7.3661600e-01   8.1941700e-01   2.5544710e+00   1.0000000e+00
   1.0700000e+02   0.0000000e+00   5.0423400e-01   8.1941700e-01   2.5544710e+00   1.0000000e+00
   1.0800000e+02   0.0000000e+00   2.3829200e+00   8.1941700e-01   2.5544710e+00   1.0000000e+00
   1.0900000e+02   0.0000000e+00   1.2371620e+00   8.1941700e-01   2.5544710e+00   0.0000000e+00
   1.1000000e+02   1.0000000e+00   6.8571600e-01   8.1941700e-01   2.5544710e+00   1.0000000e+00
   1.1100000e+02   1.0000000e+00   5.8273800e-01   8.1941700e-01   2.5544710e+00   0.0000000e+00
   1.1200000e+02   0.0000000e+00   7.9549700e-01   8.1941700e-01   2.5544710e+00   0.0000000e+00
   1.1300000e+02   0.0000000e+00   8.6262500e-01   8.1941700e-01   2.5544710e+00   1.0000000e+00
   1.1400000e+02   0.0000000e+00   1.4134110e+00   8.1941700e-01   2.5544710e+00   0.0000000e+00
   1.1500000e+02   1.0000000e+00   4.9035200e-01   8.1941700e-01   2.5544710e+00   0.0000000e+00
   1.1600000e+02   0.0000000e+00   8.3176700e-01   8.1941700e-01   2.5544710e+00   0.0000000e+00
   1.1700000e+02   1.0000000e+00   1.1221520e+00   8.1941700e-01   2.5544710e+00   1.0000000e+00
   1.1800000e+02   0.0000000e+00   5.2409400e-01   8.1941700e-01   2.5544710e+00   1.0000000e+00
   1.1900000e+02   0.0000000e+00   1.1215080e+00   8.1941700e-01   2.5544710e+00   0.0000000e+00
   1.2000000e+02   1.0000000e+00   6.4972500e-01   8.1941700e-01   2.5544710e+00   0.0000000e+00
   1.2100000e+02   1.0000000e+00   4.4498400e-01   8.1941700e-01   2.5544710e+00   1.0000000e+00
   1.2200000e+02   0.0000000e+00   1.3639970e+00   8.1941700e-01   2.5544710e+00   1.0000000e+00
   1.2300000e+02   0.0000000e+00   1.5681210e+00   8.1941700e-01   2.5544710e+00   0.0000000e+00
   1.2400000e+02   1.0000000e+00   1.7518670e+00   8.1941700e-01   2.5544710e+00   1.0000000e+00
   1.2500000e+02   0.0000000e+00   4.5979400e-01   8.1941700e-01   2.5544710e+00   1.0000000e+00
   1.2600000e+02   0.0000000e+00   1.1468760e+00   8.1941700e-01   2.5544710e+00   0.0000000e+00
   1.2700000e+02   1.0000000e+00   5.9800900e-01   8.1941700e-01   2.5544710e+00   0.0000000e+00
   1.2800000e+02   1.0000000e+00   1.0634210e+00   8.1941700e-01   2.5544710e+00   1.0000000e+00
   1.2900000e+02   0.0000000e+00   9.5770200e-01   8.1941700e-01   2.5544710e+00   1.0000000e+00
   1.3000000e+02   1.0000000e+00   7.3910400e-01   8.1941700e-01   2.5544710e+00   0.0000000e+00
   1.3100000e+02   0.0000000e+00   4.7886500e-01   8.1941700e-01   2.5544710e+00   1.0000000e+00
   1.3200000e+02   0.0000000e+00   5.3818900e-01   8.1941700e-01   2.5544710e+00   0.0000000e+00
   1.3300000e+02   0.0000000e+00   2.1140830e+00   8.1941700e-01   2.5544710e+00   0.0000000e+00
   1.3400000e+02   0.0000000e+00   6.2337600e-01   8.1941700e-01   2.5544710e+00   0.0000000e+00
   1.3500000e+02   1.0000000e+00   1.2053540e+00   8.1941700e-01   2.5544710e+00   0.0000000e+00
   1.3600000e+02   1.0000000e+00   6.1522400e-01   8.1941700e-01   2.5544710e+00   1.0000000e+00
