   1.0000000e+00   0.0000000e+00   1.9644850e+00   8.2019300e-01   3.1468740e+00   0.0000000e+00
   2.0000000e+00   0.0000000e+00   4.5585300e-01   8.2019300e-01   3.1468740e+00   0.0000000e+00
   3.0000000e+00   0.0000000e+00   1.3943810e+00   8.2019300e-01   3.1468740e+00   0.0000000e+00
   4.0000000e+00   1.0000000e+00   1.0246170e+00   8.2019300e-01   3.1468740e+00   1.0000000e+00
   5.0000000e+00   0.0000000e+00   1.5567510e+00   8.2019300e-01   3.1468740e+00   1.0000000e+00
   6.0000000e+00   0.0000000e+00   7.0659800e-01   8.2019300e-01   3.1468740e+00   1.0000000e+00
   7.0000000e+00   0.0000000e+00   4.3679200e-01   8.2019300e-01   3.1468740e+00   0.0000000e+00
   8.0000000e+00   0.0000000e+00   5.1651400e-01   8.2019300e-01   3.1468740e+00   1.0000000e+00
   9.0000000e+00   0.0000000e+00   1.1510070e+00   8.2019300e-01   3.1468740e+00   0.0000000e+00
   1.0000000e+01   0.0000000e+00   1.0575860e+00   8.2019300e-01   3.1468740e+00   0.0000000e+00
   1.1000000e+01   0.0000000e+00   9.0814100e-01   8.2019300e-01   3.1468740e+00   0.0000000e+00
   1.2000000e+01   1.0000000e+00   5.0359500e-01   8.2019300e-01   3.1468740e+00   0.0000000e+00
   1.3000000e+01   0.0000000e+00   2.3656170e+00   8.2019300e-01   3.1468740e+00   1.0000000e+00
   1.4000000e+01   0.0000000e+00   4.3539600e-01   8.2019300e-01   3.1468740e+00   1.0000000e+00
   1.5000000e+01   0.0000000e+00   5.4711400e-01   8.2019300e-01   3.1468740e+00   0.0000000e+00
   1.6000000e+01   1.0000000e+00   3.0047540e+00   8.2019300e-01   3.1468740e+00   1.0000000e+00
   1.7000000e+01   0.0000000e+00   7.3232800e-01   8.2019300e-01   3.1468740e+00   1.0000000e+00
   1.8000000e+01   1.0000000e+00   7.4666200e-01   8.2019300e-01   3.1468740e+00   0.0000000e+00
   1.9000000e+01   0.0000000e+00   6.2319400e-01   8.2019300e-01   3.1468740e+00   1.0000000e+00
   2.0000000e+01   0.0000000e+00   5.3185100e-01   8.2019300e-01   3.1468740e+00   0.0000000e+00
   2.1000000e+01   1.0000000e+00   2.2646630e+00   8.2019300e-01   3.1468740e+00   0.0000000e+00
   2.2000000e+01   0.0000000e+00   5.1159400e-01   8.2019300e-01   3.1468740e+00   1.0000000e+00
   2.3000000e+01   1.0000000e+00   5.2858100e-01   8.2019300e-01   3.1468740e+00   1.0000000e+00
   2.4000000e+01   0.0000000e+00   1.1463840e+00   8.2019300e-01   3.1468740e+00   1.0000000e+00
   2.5000000e+01   1.0000000e+00   2.0247110e+00   8.2019300e-01   3.1468740e+00   0.0000000e+00
   2.6000000e+01   0.0000000e+00   1.2207730e+00   8.2019300e-01   3.1468740e+00   0.0000000e+00
   2.7000000e+01   1.0000000e+00   1.3841980e+00   8.2019300e-01   3.1468740e+00   1.0000000e+00
   2.8000000e+01   0.0000000e+00   4.6943100e-01   8.2019300e-01   3.1468740e+00   1.0000000e+00
   2.9000000e+01   1.0000000e+00   6.6819700e-01   8.2019300e-01   3.1468740e+00   0.0000000e+00
   3.0000000e+01   0.0000000e+00   1.1605290e+00   8.2019300e-01   3.1468740e+00   0.0000000e+00
   3.1000000e+01   0.0000000e+00   9.3320600e-01   8.2019300e-01   3.1468740e+00   0.0000000e+00
   3.2000000e+01   0.0000000e+00   4.7089100e-01   8.2019300e-01   3.1468740e+00   1.0000000e+00
   3.3000000e+01   0.0000000e+00   5.0656600e-01   8.2019300e-01   3.1468740e+00   1.0000000e+00
   3.4000000e+01   1.0000000e+00   6.7375500e-01   8.2019300e-01   3.1468740e+00   1.0000000e+00
   3.5000000e+01   1.0000000e+00   6.0755300e-01   8.2019300e-01   3.1468740e+00   1.0000000e+00
   3.6000000e+01   0.0000000e+00   1.3289490e+00   8.2019300e-01   3.1468740e+00   0.0000000e+00
   3.7000000e+01   0.0000000e+00   9.8078400e-01   8.2019300e-01   3.1468740e+00   0.0000000e+00
   3.8000000e+01   1.0000000e+00   6.0078400e-01   8.2019300e-01   3.1468740e+00   0.0000000e+00
   3.9000000e+01   0.0000000e+00   7.6334000e-01   8.2019300e-01   3.1468740e+00   0.0000000e+00
   4.0000000e+01   0.0000000e+00   7.2828000e-01   8.2019300e-01   3.1468740e+00   0.0000000e+00
   4.1000000e+01   0.0000000e+00   5.5453700e-01   8.2019300e-01   3.1468740e+00   1.0000000e+00
   4.2000000e+01   0.0000000e+00   9.0835400e-01   8.2019300e-01   3.1468740e+00   1.0000000e+00
   4.3000000e+01   0.0000000e+00   8.2095800e-01   8.2019300e-01   3.1468740e+00   0.0000000e+00
   4.4000000e+01   0.0000000e+00   1.0718540e+00   8.2019300e-01   3.1468740e+00   1.0000000e+00
   4.5000000e+01   1.0000000e+00   8.0249700e-01   8.2019300e-01   3.1468740e+00   1.0000000e+00
   4.6000000e+01   0.0000000e+00   5.9256000e-01   8.2019300e-01   3.1468740e+00   1.0000000e+00
   4.7000000e+01   1.0000000e+00   1.0384890e+00   8.2019300e-01   3.1468740e+00   0.0000000e+00
   4.8000000e+01   0.0000000e+00   6.4674400e-01   8.2019300e-01   3.1468740e+00   0.0000000e+00
   4.9000000e+01   0.0000000e+00   1.1643440e+00   8.2019300e-01   3.1468740e+00   0.0000000e+00
   5.0000000e+01   0.0000000e+00   1.3087550e+00   8.2019300e-01   3.1468740e+00   0.0000000e+00
   5.1000000e+01   1.0000000e+00   9.9450700e-01   8.2019300e-01   3.1468740e+00   0.0000000e+00
   5.2000000e+01   0.0000000e+00   9.9820700e-01   8.2019300e-01   3.1468740e+00   0.0000000e+00
   5.3000000e+01   1.0000000e+00   5.1452800e-01   8.2019300e-01   3.1468740e+00   1.0000000e+00
   5.4000000e+01   1.0000000e+00   6.7397600e-01   8.2019300e-01   3.1468740e+00   0.0000000e+00
   5.5000000e+01   0.0000000e+00   1.6336110e+00   8.2019300e-01   3.1468740e+00   0.0000000e+00
   5.6000000e+01   0.0000000e+00   1.1095850e+00   8.2019300e-01   3.1468740e+00   1.0000000e+00
   5.7000000e+01   0.0000000e+00   7.1652600e-01   8.2019300e-01   3.1468740e+00   1.0000000e+00
   5.8000000e+01   0.0000000e+00   2.2967570e+00   8.2019300e-01   3.1468740e+00   1.0000000e+00
   5.9000000e+01   0.0000000e+00   5.8500500e-01   8.2019300e-01   3.1468740e+00   0.0000000e+00
   6.0000000e+01   0.0000000e+00   7.0177600e-01   8.2019300e-01   3.1468740e+00   0.0000000e+00
   6.1000000e+01   1.0000000e+00   5.1656400e-01   8.2019300e-01   3.1468740e+00   1.0000000e+00
   6.2000000e+01   0.0000000e+00   4.8936600e-01   8.2019300e-01   3.1468740e+00   1.0000000e+00
   6.3000000e+01   0.0000000e+00   5.1369700e-01   8.2019300e-01   3.1468740e+00   1.0000000e+00
   6.4000000e+01   0.0000000e+00   7.9945200e-01   8.2019300e-01   3.1468740e+00   1.0000000e+00
   6.5000000e+01   0.0000000e+00   5.1657300e-01   8.2019300e-01   3.1468740e+00   0.0000000e+00
   6.6000000e+01   0.0000000e+00   6.7322000e-01   8.2019300e-01   3.1468740e+00   1.0000000e+00
   6.7000000e+01   1.0000000e+00   7.2678300e-01   8.2019300e-01   3.1468740e+00   1.0000000e+00
   6.8000000e+01   0.0000000e+00   7.0893000e-01   8.2019300e-01   3.1468740e+00   1.0000000e+00
   6.9000000e+01   0.0000000e+00   4.3826200e-01   8.2019300e-01   3.1468740e+00   1.0000000e+00
   7.0000000e+01   0.0000000e+00   4.4405700e-01   8.2019300e-01   3.1468740e+00   1.0000000e+00
   7.1000000e+01   0.0000000e+00   4.7542600e-01   8.2019300e-01   3.1468740e+00   1.0000000e+00
   7.2000000e+01   0.0000000e+00   8.7719200e-01   8.2019300e-01   3.1468740e+00   0.0000000e+00
   7.3000000e+01   1.0000000e+00   1.0220630e+00   8.2019300e-01   3.1468740e+00   0.0000000e+00
   7.4000000e+01   0.0000000e+00   2.4073710e+00   8.2019300e-01   3.1468740e+00   0.0000000e+00
   7.5000000e+01   0.0000000e+00   6.9048100e-01   8.2019300e-01   3.1468740e+00   0.0000000e+00
   7.6000000e+01   1.0000000e+00   1.0497710e+00   8.2019300e-01   3.1468740e+00   0.0000000e+00
   7.7000000e+01   0.0000000e+00   9.9308900e-01   8.2019300e-01   3.1468740e+00   1.0000000e+00
   7.8000000e+01   1.0000000e+00   1.1054430e+00   8.2019300e-01   3.1468740e+00   1.0000000e+00
   7.9000000e+01   0.0000000e+00   1.6866710e+00   8.2019300e-01   3.1468740e+00   1.0000000e+00
   8.0000000e+01   1.0000000e+00   8.2702000e-01   8.2019300e-01   3.1468740e+00   0.0000000e+00
   8.1000000e+01   0.0000000e+00   5.5135600e-01   8.2019300e-01   3.1468740e+00   0.0000000e+00
   8.2000000e+01   0.0000000e+00   2.1437230e+00   8.2019300e-01   3.1468740e+00   0.0000000e+00
   8.3000000e+01   0.0000000e+00   1.8057730e+00   8.2019300e-01   3.1468740e+00   0.0000000e+00
   8.4000000e+01   1.0000000e+00   7.4458300e-01   8.2019300e-01   3.1468740e+00   1.0000000e+00
   8.5000000e+01   0.0000000e+00   8.3695700e-01   8.2019300e-01   3.1468740e+00   1.0000000e+00
   8.6000000e+01   0.0000000e+00   9.7132700e-01   8.2019300e-01   3.1468740e+00   0.0000000e+00
   8.7000000e+01   0.0000000e+00   6.2406800e-01   8.2019300e-01   3.1468740e+00   1.0000000e+00
   8.8000000e+01   1.0000000e+00   1.4275320e+00   8.2019300e-01   3.1468740e+00   1.0000000e+00
   8.9000000e+01   0.0000000e+00   1.5460680e+00   8.2019300e-01   3.1468740e+00   0.0000000e+00
   9.0000000e+01   0.0000000e+00   1.3132730e+00   8.2019300e-01   3.1468740e+00   0.0000000e+00
   9.1000000e+01   1.0000000e+00   7.0811600e-01   8.2019300e-01   3.1468740e+00   0.0000000e+00
   9.2000000e+01   0.0000000e+00   1.0085150e+00   8.2019300e-01   3.1468740e+00   0.0000000e+00
   9.3000000e+01   0.0000000e+00   9.8004400e-01   8.2019300e-01   3.1468740e+00   0.0000000e+00
   9.4000000e+01   0.0000000e+00   6.0011000e-01   8.2019300e-01   3.1468740e+00   1.0000000e+00
   9.5000000e+01   0.0000000e+00   5.2748100e-01   8.2019300e-01   3.1468740e+00   1.0000000e+00
   9.6000000e+01   0.0000000e+00   5.4620100e-01   8.2019300e-01   3.1468740e+00   0.0000000e+00
   9.7000000e+01   1.0000000e+00   4.9295400e-01   8.2019300e-01   3.1468740e+00   1.0000000e+00
   9.8000000e+01   0.0000000e+00   2.1856050e+00   8.2019300e-01   3.1468740e+00   1.0000000e+00
   9.9000000e+01   1.0000000e+00   5.7939300e-01   8.2019300e-01   3.1468740e+00   0.0000000e+00
   1.0000000e+02   0.0000000e+00   6.6471500e-01   8.2019300e-01   3.1468740e+00   1.0000000e+00
   1.0100000e+02   0.0000000e+00   4.9773100e-01   8.2019300e-01   3.1468740e+00   1.0000000e+00
   1.0200000e+02   0.0000000e+00   1.2704430e+00   8.2019300e-01   3.1468740e+00   1.0000000e+00
   1.0300000e+02   1.0000000e+00   5.0283100e-01   8.2019300e-01   3.1468740e+00   1.0000000e+00
   1.0400000e+02   0.0000000e+00   5.5407900e-01   8.2019300e-01   3.1468740e+00   1.0000000e+00
   1.0500000e+02   0.0000000e+00   7.1928600e-01   8.2019300e-01   3.1468740e+00   1.0000000e+00
   1.0600000e+02   1.0000000e+00   6.0319600e-01   8.2019300e-01   3.1468740e+00   0.0000000e+00
   1.0700000e+02   0.0000000e+00   5.7692300e-01   8.2019300e-01   3.1468740e+00   1.0000000e+00
   1.0800000e+02   1.0000000e+00   9.1418700e-01   8.2019300e-01   3.1468740e+00   0.0000000e+00
   1.0900000e+02   0.0000000e+00   4.4926700e-01   8.2019300e-01   3.1468740e+00   0.0000000e+00
   1.1000000e+02   0.0000000e+00   7.8151900e-01   8.2019300e-01   3.1468740e+00   0.0000000e+00
   1.1100000e+02   1.0000000e+00   5.5433200e-01   8.2019300e-01   3.1468740e+00   1.0000000e+00
   1.1200000e+02   0.0000000e+00   9.2323800e-01   8.2019300e-01   3.1468740e+00   0.0000000e+00
   1.1300000e+02   0.0000000e+00   6.7296600e-01   8.2019300e-01   3.1468740e+00   0.0000000e+00
   1.1400000e+02   0.0000000e+00   5.8596500e-01   8.2019300e-01   3.1468740e+00   1.0000000e+00
   1.1500000e+02   0.0000000e+00   5.1640800e-01   8.2019300e-01   3.1468740e+00   1.0000000e+00
   1.1600000e+02   0.0000000e+00   7.8475800e-01   8.2019300e-01   3.1468740e+00   1.0000000e+00
   1.1700000e+02   0.0000000e+00   6.2446200e-01   8.2019300e-01   3.1468740e+00   0.0000000e+00
   1.1800000e+02   0.0000000e+00   1.1186860e+00   8.2019300e-01   3.1468740e+00   1.0000000e+00
   1.1900000e+02   1.0000000e+00   2.6195560e+00   8.2019300e-01   3.1468740e+00   0.0000000e+00
   1.2000000e+02   0.0000000e+00   8.9661500e-01   8.2019300e-01   3.1468740e+00   0.0000000e+00
   1.2100000e+02   1.0000000e+00   5.0575600e-01   8.2019300e-01   3.1468740e+00   1.0000000e+00
   1.2200000e+02   0.0000000e+00   8.4715500e-01   8.2019300e-01   3.1468740e+00   0.0000000e+00
   1.2300000e+02   0.0000000e+00   5.6663400e-01   8.2019300e-01   3.1468740e+00   0.0000000e+00
   1.2400000e+02   0.0000000e+00   1.1876610e+00   8.2019300e-01   3.1468740e+00   0.0000000e+00
   1.2500000e+02   0.0000000e+00   1.7407670e+00   8.2019300e-01   3.1468740e+00   1.0000000e+00
   1.2600000e+02   1.0000000e+00   1.6353750e+00   8.2019300e-01   3.1468740e+00   1.0000000e+00
   1.2700000e+02   1.0000000e+00   6.6619100e-01   8.2019300e-01   3.1468740e+00   0.0000000e+00
   1.2800000e+02   0.0000000e+00   1.3606310e+00   8.2019300e-01   3.1468740e+00   0.0000000e+00
   1.2900000e+02   0.0000000e+00   1.3775530e+00   8.2019300e-01   3.1468740e+00   0.0000000e+00
   1.3000000e+02   1.0000000e+00   9.3416000e-01   8.2019300e-01   3.1468740e+00   1.0000000e+00
   1.3100000e+02   0.0000000e+00   5.9414800e-01   8.2019300e-01   3.1468740e+00   1.0000000e+00
   1.3200000e+02   0.0000000e+00   8.3213900e-01   8.2019300e-01   3.1468740e+00   1.0000000e+00
   1.3300000e+02   1.0000000e+00   6.2050400e-01   8.2019300e-01   3.1468740e+00   0.0000000e+00
   1.3400000e+02   0.0000000e+00   7.5529600e-01   8.2019300e-01   3.1468740e+00   1.0000000e+00
   1.3500000e+02   1.0000000e+00   6.5535600e-01   8.2019300e-01   3.1468740e+00   0.0000000e+00
   1.3600000e+02   1.0000000e+00   7.2502600e-01   8.2019300e-01   3.1468740e+00   1.0000000e+00
