   1.0000000e+00   0.0000000e+00   1.5859120e+00   8.2270400e-01   3.3521822e+00   1.0000000e+00
   2.0000000e+00   0.0000000e+00   5.7157000e-01   8.2270400e-01   3.3521822e+00   1.0000000e+00
   3.0000000e+00   0.0000000e+00   5.2168900e-01   8.2270400e-01   3.3521822e+00   1.0000000e+00
   4.0000000e+00   1.0000000e+00   2.3689050e+00   8.2270400e-01   3.3521822e+00   1.0000000e+00
   5.0000000e+00   0.0000000e+00   6.7302500e-01   8.2270400e-01   3.3521822e+00   0.0000000e+00
   6.0000000e+00   0.0000000e+00   1.3841850e+00   8.2270400e-01   3.3521822e+00   1.0000000e+00
   7.0000000e+00   0.0000000e+00   9.7626800e-01   8.2270400e-01   3.3521822e+00   1.0000000e+00
   8.0000000e+00   1.0000000e+00   8.5996300e-01   8.2270400e-01   3.3521822e+00   0.0000000e+00
   9.0000000e+00   0.0000000e+00   7.2605500e-01   8.2270400e-01   3.3521822e+00   0.0000000e+00
   1.0000000e+01   1.0000000e+00   4.4198600e-01   8.2270400e-01   3.3521822e+00   1.0000000e+00
   1.1000000e+01   0.0000000e+00   8.1341900e-01   8.2270400e-01   3.3521822e+00   1.0000000e+00
   1.2000000e+01   0.0000000e+00   7.5218800e-01   8.2270400e-01   3.3521822e+00   1.0000000e+00
   1.3000000e+01   0.0000000e+00   5.2540500e-01   8.2270400e-01   3.3521822e+00   1.0000000e+00
   1.4000000e+01   0.0000000e+00   5.9406400e-01   8.2270400e-01   3.3521822e+00   0.0000000e+00
   1.5000000e+01   0.0000000e+00   5.2164400e-01   8.2270400e-01   3.3521822e+00   0.0000000e+00
   1.6000000e+01   1.0000000e+00   8.3262700e-01   8.2270400e-01   3.3521822e+00   0.0000000e+00
   1.7000000e+01   0.0000000e+00   7.0948100e-01   8.2270400e-01   3.3521822e+00   0.0000000e+00
   1.8000000e+01   0.0000000e+00   1.3803620e+00   8.2270400e-01   3.3521822e+00   1.0000000e+00
   1.9000000e+01   0.0000000e+00   5.7542800e-01   8.2270400e-01   3.3521822e+00   1.0000000e+00
   2.0000000e+01   0.0000000e+00   6.7205600e-01   8.2270400e-01   3.3521822e+00   1.0000000e+00
   2.1000000e+01   0.0000000e+00   5.9089300e-01   8.2270400e-01   3.3521822e+00   0.0000000e+00
   2.2000000e+01   1.0000000e+00   1.7138530e+00   8.2270400e-01   3.3521822e+00   0.0000000e+00
   2.3000000e+01   0.0000000e+00   2.3273830e+00   8.2270400e-01   3.3521822e+00   0.0000000e+00
   2.4000000e+01   0.0000000e+00   8.3481900e-01   8.2270400e-01   3.3521822e+00   1.0000000e+00
   2.5000000e+01   0.0000000e+00   4.6209300e-01   8.2270400e-01   3.3521822e+00   1.0000000e+00
   2.6000000e+01   0.0000000e+00   1.8485090e+00   8.2270400e-01   3.3521822e+00   0.0000000e+00
   2.7000000e+01   0.0000000e+00   7.0932800e-01   8.2270400e-01   3.3521822e+00   0.0000000e+00
   2.8000000e+01   1.0000000e+00   1.5867740e+00   8.2270400e-01   3.3521822e+00   1.0000000e+00
   2.9000000e+01   0.0000000e+00   2.2394350e+00   8.2270400e-01   3.3521822e+00   0.0000000e+00
   3.0000000e+01   1.0000000e+00   9.9444400e-01   8.2270400e-01   3.3521822e+00   0.0000000e+00
   3.1000000e+01   0.0000000e+00   8.7119400e-01   8.2270400e-01   3.3521822e+00   0.0000000e+00
   3.2000000e+01   1.0000000e+00   6.6023000e-01   8.2270400e-01   3.3521822e+00   1.0000000e+00
   3.3000000e+01   1.0000000e+00   6.1047300e-01   8.2270400e-01   3.3521822e+00   0.0000000e+00
   3.4000000e+01   0.0000000e+00   6.1439900e-01   8.2270400e-01   3.3521822e+00   0.0000000e+00
   3.5000000e+01   1.0000000e+00   4.3878500e-01   8.2270400e-01   3.3521822e+00   1.0000000e+00
   3.6000000e+01   0.0000000e+00   8.3159800e-01   8.2270400e-01   3.3521822e+00   0.0000000e+00
   3.7000000e+01   0.0000000e+00   8.3816100e-01   8.2270400e-01   3.3521822e+00   1.0000000e+00
   3.8000000e+01   1.0000000e+00   5.6012800e-01   8.2270400e-01   3.3521822e+00   1.0000000e+00
   3.9000000e+01   0.0000000e+00   6.0529600e-01   8.2270400e-01   3.3521822e+00   0.0000000e+00
   4.0000000e+01   0.0000000e+00   7.6584600e-01   8.2270400e-01   3.3521822e+00   0.0000000e+00
   4.1000000e+01   0.0000000e+00   7.6565900e-01   8.2270400e-01   3.3521822e+00   1.0000000e+00
   4.2000000e+01   1.0000000e+00   2.0334250e+00   8.2270400e-01   3.3521822e+00   0.0000000e+00
   4.3000000e+01   0.0000000e+00   5.0355400e-01   8.2270400e-01   3.3521822e+00   1.0000000e+00
   4.4000000e+01   0.0000000e+00   6.9861100e-01   8.2270400e-01   3.3521822e+00   1.0000000e+00
   4.5000000e+01   0.0000000e+00   8.0552700e-01   8.2270400e-01   3.3521822e+00   0.0000000e+00
   4.6000000e+01   0.0000000e+00   8.0844600e-01   8.2270400e-01   3.3521822e+00   0.0000000e+00
   4.7000000e+01   0.0000000e+00   7.8632500e-01   8.2270400e-01   3.3521822e+00   0.0000000e+00
   4.8000000e+01   0.0000000e+00   5.7595100e-01   8.2270400e-01   3.3521822e+00   1.0000000e+00
   4.9000000e+01   1.0000000e+00   6.3966600e-01   8.2270400e-01   3.3521822e+00   1.0000000e+00
   5.0000000e+01   0.0000000e+00   9.2666300e-01   8.2270400e-01   3.3521822e+00   0.0000000e+00
   5.1000000e+01   0.0000000e+00   6.5739900e-01   8.2270400e-01   3.3521822e+00   0.0000000e+00
   5.2000000e+01   0.0000000e+00   2.1102580e+00   8.2270400e-01   3.3521822e+00   1.0000000e+00
   5.3000000e+01   1.0000000e+00   7.0006600e-01   8.2270400e-01   3.3521822e+00   0.0000000e+00
   5.4000000e+01   0.0000000e+00   8.4139900e-01   8.2270400e-01   3.3521822e+00   1.0000000e+00
   5.5000000e+01   1.0000000e+00   8.9687700e-01   8.2270400e-01   3.3521822e+00   0.0000000e+00
   5.6000000e+01   0.0000000e+00   7.6344500e-01   8.2270400e-01   3.3521822e+00   0.0000000e+00
   5.7000000e+01   0.0000000e+00   8.4869200e-01   8.2270400e-01   3.3521822e+00   0.0000000e+00
   5.8000000e+01   1.0000000e+00   4.7752900e-01   8.2270400e-01   3.3521822e+00   1.0000000e+00
   5.9000000e+01   0.0000000e+00   5.6712300e-01   8.2270400e-01   3.3521822e+00   1.0000000e+00
   6.0000000e+01   0.0000000e+00   8.7971600e-01   8.2270400e-01   3.3521822e+00   0.0000000e+00
   6.1000000e+01   0.0000000e+00   4.9660400e-01   8.2270400e-01   3.3521822e+00   0.0000000e+00
   6.2000000e+01   0.0000000e+00   6.1049800e-01   8.2270400e-01   3.3521822e+00   1.0000000e+00
   6.3000000e+01   0.0000000e+00   1.7113490e+00   8.2270400e-01   3.3521822e+00   1.0000000e+00
   6.4000000e+01   1.0000000e+00   5.7062000e-01   8.2270400e-01   3.3521822e+00   0.0000000e+00
   6.5000000e+01   0.0000000e+00   1.5927160e+00   8.2270400e-01   3.3521822e+00   1.0000000e+00
   6.6000000e+01   0.0000000e+00   9.4927200e-01   8.2270400e-01   3.3521822e+00   1.0000000e+00
   6.7000000e+01   0.0000000e+00   7.5128900e-01   8.2270400e-01   3.3521822e+00   0.0000000e+00
   6.8000000e+01   1.0000000e+00   4.5467100e-01   8.2270400e-01   3.3521822e+00   1.0000000e+00
   6.9000000e+01   0.0000000e+00   8.2920700e-01   8.2270400e-01   3.3521822e+00   0.0000000e+00
   7.0000000e+01   1.0000000e+00   6.2275700e-01   8.2270400e-01   3.3521822e+00   1.0000000e+00
   7.1000000e+01   0.0000000e+00   2.2786390e+00   8.2270400e-01   3.3521822e+00   1.0000000e+00
   7.2000000e+01   0.0000000e+00   1.3713150e+00   8.2270400e-01   3.3521822e+00   1.0000000e+00
   7.3000000e+01   0.0000000e+00   4.7896300e-01   8.2270400e-01   3.3521822e+00   1.0000000e+00
   7.4000000e+01   0.0000000e+00   5.3409000e-01   8.2270400e-01   3.3521822e+00   0.0000000e+00
   7.5000000e+01   1.0000000e+00   3.4094810e+00   8.2270400e-01   3.3521822e+00   0.0000000e+00
   7.6000000e+01   0.0000000e+00   7.7314800e-01   8.2270400e-01   3.3521822e+00   1.0000000e+00
   7.7000000e+01   0.0000000e+00   5.8943500e-01   8.2270400e-01   3.3521822e+00   1.0000000e+00
   7.8000000e+01   0.0000000e+00   2.0751750e+00   8.2270400e-01   3.3521822e+00   0.0000000e+00
   7.9000000e+01   0.0000000e+00   6.9635600e-01   8.2270400e-01   3.3521822e+00   0.0000000e+00
   8.0000000e+01   0.0000000e+00   5.8750300e-01   8.2270400e-01   3.3521822e+00   1.0000000e+00
   8.1000000e+01   1.0000000e+00   1.0304130e+00   8.2270400e-01   3.3521822e+00   0.0000000e+00
   8.2000000e+01   0.0000000e+00   4.8647400e-01   8.2270400e-01   3.3521822e+00   1.0000000e+00
   8.3000000e+01   1.0000000e+00   6.7069900e-01   8.2270400e-01   3.3521822e+00   1.0000000e+00
   8.4000000e+01   0.0000000e+00   9.5562700e-01   8.2270400e-01   3.3521822e+00   0.0000000e+00
   8.5000000e+01   0.0000000e+00   1.7756150e+00   8.2270400e-01   3.3521822e+00   0.0000000e+00
   8.6000000e+01   0.0000000e+00   8.2037700e-01   8.2270400e-01   3.3521822e+00   1.0000000e+00
   8.7000000e+01   0.0000000e+00   8.6734700e-01   8.2270400e-01   3.3521822e+00   0.0000000e+00
   8.8000000e+01   1.0000000e+00   8.6772500e-01   8.2270400e-01   3.3521822e+00   0.0000000e+00
   8.9000000e+01   0.0000000e+00   5.1655800e-01   8.2270400e-01   3.3521822e+00   1.0000000e+00
   9.0000000e+01   1.0000000e+00   1.5204330e+00   8.2270400e-01   3.3521822e+00   1.0000000e+00
   9.1000000e+01   1.0000000e+00   5.5949000e-01   8.2270400e-01   3.3521822e+00   1.0000000e+00
   9.2000000e+01   0.0000000e+00   1.4935950e+00   8.2270400e-01   3.3521822e+00   0.0000000e+00
   9.3000000e+01   1.0000000e+00   1.6632340e+00   8.2270400e-01   3.3521822e+00   0.0000000e+00
   9.4000000e+01   0.0000000e+00   2.1461200e+00   8.2270400e-01   3.3521822e+00   0.0000000e+00
   9.5000000e+01   0.0000000e+00   7.1773300e-01   8.2270400e-01   3.3521822e+00   1.0000000e+00
   9.6000000e+01   1.0000000e+00   5.5283700e-01   8.2270400e-01   3.3521822e+00   1.0000000e+00
   9.7000000e+01   0.0000000e+00   6.2150000e-01   8.2270400e-01   3.3521822e+00   1.0000000e+00
   9.8000000e+01   0.0000000e+00   8.0007100e-01   8.2270400e-01   3.3521822e+00   0.0000000e+00
   9.9000000e+01   0.0000000e+00   5.6594700e-01   8.2270400e-01   3.3521822e+00   0.0000000e+00
   1.0000000e+02   0.0000000e+00   9.1106100e-01   8.2270400e-01   3.3521822e+00   0.0000000e+00
   1.0100000e+02   0.0000000e+00   1.0823780e+00   8.2270400e-01   3.3521822e+00   1.0000000e+00
   1.0200000e+02   1.0000000e+00   1.5021250e+00   8.2270400e-01   3.3521822e+00   0.0000000e+00
   1.0300000e+02   0.0000000e+00   7.7484400e-01   8.2270400e-01   3.3521822e+00   0.0000000e+00
   1.0400000e+02   0.0000000e+00   5.9233200e-01   8.2270400e-01   3.3521822e+00   1.0000000e+00
   1.0500000e+02   1.0000000e+00   1.9839080e+00   8.2270400e-01   3.3521822e+00   1.0000000e+00
   1.0600000e+02   0.0000000e+00   4.7083900e-01   8.2270400e-01   3.3521822e+00   1.0000000e+00
   1.0700000e+02   1.0000000e+00   9.0165100e-01   8.2270400e-01   3.3521822e+00   0.0000000e+00
   1.0800000e+02   0.0000000e+00   6.0465300e-01   8.2270400e-01   3.3521822e+00   0.0000000e+00
   1.0900000e+02   1.0000000e+00   5.4510200e-01   8.2270400e-01   3.3521822e+00   0.0000000e+00
   1.1000000e+02   1.0000000e+00   7.3687800e-01   8.2270400e-01   3.3521822e+00   1.0000000e+00
   1.1100000e+02   0.0000000e+00   5.5443100e-01   8.2270400e-01   3.3521822e+00   1.0000000e+00
   1.1200000e+02   0.0000000e+00   4.9153600e-01   8.2270400e-01   3.3521822e+00   0.0000000e+00
   1.1300000e+02   0.0000000e+00   9.8605200e-01   8.2270400e-01   3.3521822e+00   1.0000000e+00
   1.1400000e+02   0.0000000e+00   4.7317500e-01   8.2270400e-01   3.3521822e+00   1.0000000e+00
   1.1500000e+02   1.0000000e+00   1.5830170e+00   8.2270400e-01   3.3521822e+00   0.0000000e+00
   1.1600000e+02   0.0000000e+00   6.2140200e-01   8.2270400e-01   3.3521822e+00   0.0000000e+00
   1.1700000e+02   1.0000000e+00   1.5447450e+00   8.2270400e-01   3.3521822e+00   1.0000000e+00
   1.1800000e+02   0.0000000e+00   8.1154700e-01   8.2270400e-01   3.3521822e+00   1.0000000e+00
   1.1900000e+02   1.0000000e+00   7.4572100e-01   8.2270400e-01   3.3521822e+00   1.0000000e+00
   1.2000000e+02   0.0000000e+00   4.8368400e-01   8.2270400e-01   3.3521822e+00   1.0000000e+00
   1.2100000e+02   0.0000000e+00   8.8992100e-01   8.2270400e-01   3.3521822e+00   0.0000000e+00
   1.2200000e+02   0.0000000e+00   4.5611100e-01   8.2270400e-01   3.3521822e+00   1.0000000e+00
   1.2300000e+02   1.0000000e+00   7.7561100e-01   8.2270400e-01   3.3521822e+00   0.0000000e+00
   1.2400000e+02   0.0000000e+00   2.0088740e+00   8.2270400e-01   3.3521822e+00   0.0000000e+00
   1.2500000e+02   0.0000000e+00   4.6436700e-01   8.2270400e-01   3.3521822e+00   0.0000000e+00
   1.2600000e+02   0.0000000e+00   7.1266600e-01   8.2270400e-01   3.3521822e+00   0.0000000e+00
   1.2700000e+02   1.0000000e+00   8.6281600e-01   8.2270400e-01   3.3521822e+00   1.0000000e+00
   1.2800000e+02   0.0000000e+00   5.1459000e-01   8.2270400e-01   3.3521822e+00   0.0000000e+00
   1.2900000e+02   0.0000000e+00   1.2303200e+00   8.2270400e-01   3.3521822e+00   1.0000000e+00
   1.3000000e+02   0.0000000e+00   1.1870150e+00   8.2270400e-01   3.3521822e+00   1.0000000e+00
   1.3100000e+02   0.0000000e+00   6.6370500e-01   8.2270400e-01   3.3521822e+00   1.0000000e+00
   1.3200000e+02   1.0000000e+00   5.0016000e-01   8.2270400e-01   3.3521822e+00   0.0000000e+00
   1.3300000e+02   0.0000000e+00   5.7301200e-01   8.2270400e-01   3.3521822e+00   0.0000000e+00
   1.3400000e+02   0.0000000e+00   1.6548830e+00   8.2270400e-01   3.3521822e+00   0.0000000e+00
   1.3500000e+02   1.0000000e+00   6.1490900e-01   8.2270400e-01   3.3521822e+00   0.0000000e+00
   1.3600000e+02   1.0000000e+00   7.5886800e-01   8.2270400e-01   3.3521822e+00   1.0000000e+00
