   1.0000000e+00   0.0000000e+00   3.1416410e+00   8.1955600e-01   2.8518220e+00   1.0000000e+00
   2.0000000e+00   0.0000000e+00   8.4985600e-01   8.1955600e-01   2.8518220e+00   0.0000000e+00
   3.0000000e+00   1.0000000e+00   4.5199600e-01   8.1955600e-01   2.8518220e+00   0.0000000e+00
   4.0000000e+00   0.0000000e+00   5.3503900e-01   8.1955600e-01   2.8518220e+00   1.0000000e+00
   5.0000000e+00   0.0000000e+00   9.3755000e-01   8.1955600e-01   2.8518220e+00   1.0000000e+00
   6.0000000e+00   1.0000000e+00   1.5852290e+00   8.1955600e-01   2.8518220e+00   1.0000000e+00
   7.0000000e+00   0.0000000e+00   7.0090300e-01   8.1955600e-01   2.8518220e+00   0.0000000e+00
   8.0000000e+00   1.0000000e+00   1.3778280e+00   8.1955600e-01   2.8518220e+00   0.0000000e+00
   9.0000000e+00   0.0000000e+00   6.4576500e-01   8.1955600e-01   2.8518220e+00   0.0000000e+00
   1.0000000e+01   0.0000000e+00   5.4224300e-01   8.1955600e-01   2.8518220e+00   1.0000000e+00
   1.1000000e+01   1.0000000e+00   6.1131400e-01   8.1955600e-01   2.8518220e+00   1.0000000e+00
   1.2000000e+01   0.0000000e+00   5.1392800e-01   8.1955600e-01   2.8518220e+00   0.0000000e+00
   1.3000000e+01   0.0000000e+00   6.5347500e-01   8.1955600e-01   2.8518220e+00   0.0000000e+00
   1.4000000e+01   0.0000000e+00   6.8946800e-01   8.1955600e-01   2.8518220e+00   1.0000000e+00
   1.5000000e+01   1.0000000e+00   6.1695800e-01   8.1955600e-01   2.8518220e+00   1.0000000e+00
   1.6000000e+01   0.0000000e+00   9.8236700e-01   8.1955600e-01   2.8518220e+00   1.0000000e+00
   1.7000000e+01   1.0000000e+00   6.1433300e-01   8.1955600e-01   2.8518220e+00   0.0000000e+00
   1.8000000e+01   0.0000000e+00   1.2129430e+00   8.1955600e-01   2.8518220e+00   1.0000000e+00
   1.9000000e+01   0.0000000e+00   9.4575200e-01   8.1955600e-01   2.8518220e+00   1.0000000e+00
   2.0000000e+01   0.0000000e+00   9.2297700e-01   8.1955600e-01   2.8518220e+00   0.0000000e+00
   2.1000000e+01   1.0000000e+00   5.7973600e-01   8.1955600e-01   2.8518220e+00   1.0000000e+00
   2.2000000e+01   0.0000000e+00   8.2761300e-01   8.1955600e-01   2.8518220e+00   0.0000000e+00
   2.3000000e+01   1.0000000e+00   4.9049800e-01   8.1955600e-01   2.8518220e+00   0.0000000e+00
   2.4000000e+01   0.0000000e+00   1.9273560e+00   8.1955600e-01   2.8518220e+00   0.0000000e+00
   2.5000000e+01   0.0000000e+00   6.9423000e-01   8.1955600e-01   2.8518220e+00   0.0000000e+00
   2.6000000e+01   1.0000000e+00   6.3306000e-01   8.1955600e-01   2.8518220e+00   1.0000000e+00
   2.7000000e+01   0.0000000e+00   5.2586900e-01   8.1955600e-01   2.8518220e+00   1.0000000e+00
   2.8000000e+01   0.0000000e+00   7.0207100e-01   8.1955600e-01   2.8518220e+00   0.0000000e+00
   2.9000000e+01   0.0000000e+00   4.7844800e-01   8.1955600e-01   2.8518220e+00   0.0000000e+00
   3.0000000e+01   1.0000000e+00   2.2586510e+00   8.1955600e-01   2.8518220e+00   0.0000000e+00
   3.1000000e+01   0.0000000e+00   1.0565030e+00   8.1955600e-01   2.8518220e+00   1.0000000e+00
   3.2000000e+01   1.0000000e+00   1.0060990e+00   8.1955600e-01   2.8518220e+00   0.0000000e+00
   3.3000000e+01   1.0000000e+00   7.1906800e-01   8.1955600e-01   2.8518220e+00   1.0000000e+00
   3.4000000e+01   0.0000000e+00   1.3741110e+00   8.1955600e-01   2.8518220e+00   1.0000000e+00
   3.5000000e+01   0.0000000e+00   1.5306620e+00   8.1955600e-01   2.8518220e+00   1.0000000e+00
   3.6000000e+01   0.0000000e+00   6.7478200e-01   8.1955600e-01   2.8518220e+00   0.0000000e+00
   3.7000000e+01   0.0000000e+00   5.5985700e-01   8.1955600e-01   2.8518220e+00   0.0000000e+00
   3.8000000e+01   0.0000000e+00   8.0746500e-01   8.1955600e-01   2.8518220e+00   0.0000000e+00
   3.9000000e+01   0.0000000e+00   1.0374400e+00   8.1955600e-01   2.8518220e+00   1.0000000e+00
   4.0000000e+01   0.0000000e+00   6.8360800e-01   8.1955600e-01   2.8518220e+00   1.0000000e+00
   4.1000000e+01   0.0000000e+00   6.1505200e-01   8.1955600e-01   2.8518220e+00   0.0000000e+00
   4.2000000e+01   1.0000000e+00   9.8605200e-01   8.1955600e-01   2.8518220e+00   0.0000000e+00
   4.3000000e+01   0.0000000e+00   6.0204700e-01   8.1955600e-01   2.8518220e+00   1.0000000e+00
   4.4000000e+01   0.0000000e+00   4.4713800e-01   8.1955600e-01   2.8518220e+00   0.0000000e+00
   4.5000000e+01   0.0000000e+00   5.1741400e-01   8.1955600e-01   2.8518220e+00   0.0000000e+00
   4.6000000e+01   1.0000000e+00   1.0246880e+00   8.1955600e-01   2.8518220e+00   1.0000000e+00
   4.7000000e+01   0.0000000e+00   5.5697400e-01   8.1955600e-01   2.8518220e+00   1.0000000e+00
   4.8000000e+01   1.0000000e+00   8.9228500e-01   8.1955600e-01   2.8518220e+00   1.0000000e+00
   4.9000000e+01   0.0000000e+00   3.2146030e+00   8.1955600e-01   2.8518220e+00   1.0000000e+00
   5.0000000e+01   1.0000000e+00   1.0533430e+00   8.1955600e-01   2.8518220e+00   0.0000000e+00
   5.1000000e+01   0.0000000e+00   4.7946700e-01   8.1955600e-01   2.8518220e+00   0.0000000e+00
   5.2000000e+01   0.0000000e+00   1.5412640e+00   8.1955600e-01   2.8518220e+00   0.0000000e+00
   5.3000000e+01   0.0000000e+00   6.4045300e-01   8.1955600e-01   2.8518220e+00   1.0000000e+00
   5.4000000e+01   1.0000000e+00   4.9193000e-01   8.1955600e-01   2.8518220e+00   1.0000000e+00
   5.5000000e+01   0.0000000e+00   1.4561100e+00   8.1955600e-01   2.8518220e+00   1.0000000e+00
   5.6000000e+01   1.0000000e+00   1.1478890e+00   8.1955600e-01   2.8518220e+00   0.0000000e+00
   5.7000000e+01   1.0000000e+00   6.9270000e-01   8.1955600e-01   2.8518220e+00   0.0000000e+00
   5.8000000e+01   0.0000000e+00   4.7297500e-01   8.1955600e-01   2.8518220e+00   1.0000000e+00
   5.9000000e+01   1.0000000e+00   7.7922200e-01   8.1955600e-01   2.8518220e+00   1.0000000e+00
   6.0000000e+01   0.0000000e+00   9.4373300e-01   8.1955600e-01   2.8518220e+00   1.0000000e+00
   6.1000000e+01   0.0000000e+00   5.7441300e-01   8.1955600e-01   2.8518220e+00   0.0000000e+00
   6.2000000e+01   0.0000000e+00   1.2093860e+00   8.1955600e-01   2.8518220e+00   0.0000000e+00
   6.3000000e+01   0.0000000e+00   5.7521400e-01   8.1955600e-01   2.8518220e+00   0.0000000e+00
   6.4000000e+01   1.0000000e+00   9.7345000e-01   8.1955600e-01   2.8518220e+00   1.0000000e+00
   6.5000000e+01   0.0000000e+00   1.0157850e+00   8.1955600e-01   2.8518220e+00   1.0000000e+00
   6.6000000e+01   0.0000000e+00   5.1983100e-01   8.1955600e-01   2.8518220e+00   0.0000000e+00
   6.7000000e+01   0.0000000e+00   2.6701370e+00   8.1955600e-01   2.8518220e+00   0.0000000e+00
   6.8000000e+01   0.0000000e+00   1.5406850e+00   8.1955600e-01   2.8518220e+00   1.0000000e+00
   6.9000000e+01   0.0000000e+00   5.0707200e-01   8.1955600e-01   2.8518220e+00   1.0000000e+00
   7.0000000e+01   1.0000000e+00   1.2115740e+00   8.1955600e-01   2.8518220e+00   0.0000000e+00
   7.1000000e+01   0.0000000e+00   2.1460800e+00   8.1955600e-01   2.8518220e+00   1.0000000e+00
   7.2000000e+01   0.0000000e+00   9.3662400e-01   8.1955600e-01   2.8518220e+00   1.0000000e+00
   7.3000000e+01   0.0000000e+00   5.7495600e-01   8.1955600e-01   2.8518220e+00   1.0000000e+00
   7.4000000e+01   1.0000000e+00   6.4995800e-01   8.1955600e-01   2.8518220e+00   1.0000000e+00
   7.5000000e+01   1.0000000e+00   1.3024010e+00   8.1955600e-01   2.8518220e+00   0.0000000e+00
   7.6000000e+01   0.0000000e+00   7.4019200e-01   8.1955600e-01   2.8518220e+00   1.0000000e+00
   7.7000000e+01   0.0000000e+00   7.6223700e-01   8.1955600e-01   2.8518220e+00   1.0000000e+00
   7.8000000e+01   0.0000000e+00   5.7750900e-01   8.1955600e-01   2.8518220e+00   1.0000000e+00
   7.9000000e+01   0.0000000e+00   8.9632600e-01   8.1955600e-01   2.8518220e+00   0.0000000e+00
   8.0000000e+01   0.0000000e+00   4.8435200e-01   8.1955600e-01   2.8518220e+00   1.0000000e+00
   8.1000000e+01   0.0000000e+00   1.1404920e+00   8.1955600e-01   2.8518220e+00   0.0000000e+00
   8.2000000e+01   1.0000000e+00   4.5452900e-01   8.1955600e-01   2.8518220e+00   0.0000000e+00
   8.3000000e+01   0.0000000e+00   1.2534890e+00   8.1955600e-01   2.8518220e+00   0.0000000e+00
   8.4000000e+01   1.0000000e+00   1.0789450e+00   8.1955600e-01   2.8518220e+00   1.0000000e+00
   8.5000000e+01   0.0000000e+00   9.5620300e-01   8.1955600e-01   2.8518220e+00   1.0000000e+00
   8.6000000e+01   0.0000000e+00   8.2555800e-01   8.1955600e-01   2.8518220e+00   0.0000000e+00
   8.7000000e+01   0.0000000e+00   1.2753160e+00   8.1955600e-01   2.8518220e+00   0.0000000e+00
   8.8000000e+01   1.0000000e+00   4.9346600e-01   8.1955600e-01   2.8518220e+00   0.0000000e+00
   8.9000000e+01   0.0000000e+00   4.7870800e-01   8.1955600e-01   2.8518220e+00   0.0000000e+00
   9.0000000e+01   0.0000000e+00   1.3553340e+00   8.1955600e-01   2.8518220e+00   0.0000000e+00
   9.1000000e+01   1.0000000e+00   7.9687000e-01   8.1955600e-01   2.8518220e+00   1.0000000e+00
   9.2000000e+01   0.0000000e+00   1.3830570e+00   8.1955600e-01   2.8518220e+00   1.0000000e+00
   9.3000000e+01   0.0000000e+00   6.1134000e-01   8.1955600e-01   2.8518220e+00   1.0000000e+00
   9.4000000e+01   0.0000000e+00   4.8421200e-01   8.1955600e-01   2.8518220e+00   1.0000000e+00
   9.5000000e+01   0.0000000e+00   1.4458520e+00   8.1955600e-01   2.8518220e+00   0.0000000e+00
   9.6000000e+01   1.0000000e+00   6.3872600e-01   8.1955600e-01   2.8518220e+00   0.0000000e+00
   9.7000000e+01   0.0000000e+00   9.1705800e-01   8.1955600e-01   2.8518220e+00   0.0000000e+00
   9.8000000e+01   1.0000000e+00   9.0689800e-01   8.1955600e-01   2.8518220e+00   1.0000000e+00
   9.9000000e+01   0.0000000e+00   5.5248300e-01   8.1955600e-01   2.8518220e+00   0.0000000e+00
   1.0000000e+02   0.0000000e+00   4.7297500e-01   8.1955600e-01   2.8518220e+00   0.0000000e+00
   1.0100000e+02   0.0000000e+00   8.8003000e-01   8.1955600e-01   2.8518220e+00   0.0000000e+00
   1.0200000e+02   0.0000000e+00   4.8700200e-01   8.1955600e-01   2.8518220e+00   1.0000000e+00
   1.0300000e+02   0.0000000e+00   1.8870180e+00   8.1955600e-01   2.8518220e+00   0.0000000e+00
   1.0400000e+02   1.0000000e+00   2.8631770e+00   8.1955600e-01   2.8518220e+00   1.0000000e+00
   1.0500000e+02   0.0000000e+00   4.9938300e-01   8.1955600e-01   2.8518220e+00   1.0000000e+00
   1.0600000e+02   1.0000000e+00   8.9883400e-01   8.1955600e-01   2.8518220e+00   0.0000000e+00
   1.0700000e+02   0.0000000e+00   7.4901600e-01   8.1955600e-01   2.8518220e+00   0.0000000e+00
   1.0800000e+02   0.0000000e+00   9.1093000e-01   8.1955600e-01   2.8518220e+00   1.0000000e+00
   1.0900000e+02   1.0000000e+00   5.9409600e-01   8.1955600e-01   2.8518220e+00   1.0000000e+00
   1.1000000e+02   0.0000000e+00   6.1773900e-01   8.1955600e-01   2.8518220e+00   1.0000000e+00
   1.1100000e+02   1.0000000e+00   1.0232950e+00   8.1955600e-01   2.8518220e+00   0.0000000e+00
   1.1200000e+02   0.0000000e+00   1.3637070e+00   8.1955600e-01   2.8518220e+00   1.0000000e+00
   1.1300000e+02   1.0000000e+00   1.1789730e+00   8.1955600e-01   2.8518220e+00   0.0000000e+00
   1.1400000e+02   0.0000000e+00   5.3892700e-01   8.1955600e-01   2.8518220e+00   1.0000000e+00
   1.1500000e+02   1.0000000e+00   6.0467300e-01   8.1955600e-01   2.8518220e+00   1.0000000e+00
   1.1600000e+02   0.0000000e+00   6.7297700e-01   8.1955600e-01   2.8518220e+00   0.0000000e+00
   1.1700000e+02   0.0000000e+00   7.9836500e-01   8.1955600e-01   2.8518220e+00   1.0000000e+00
   1.1800000e+02   0.0000000e+00   7.0393000e-01   8.1955600e-01   2.8518220e+00   0.0000000e+00
   1.1900000e+02   0.0000000e+00   1.9025190e+00   8.1955600e-01   2.8518220e+00   1.0000000e+00
   1.2000000e+02   1.0000000e+00   6.4315100e-01   8.1955600e-01   2.8518220e+00   0.0000000e+00
   1.2100000e+02   0.0000000e+00   1.5906120e+00   8.1955600e-01   2.8518220e+00   1.0000000e+00
   1.2200000e+02   0.0000000e+00   7.4195200e-01   8.1955600e-01   2.8518220e+00   0.0000000e+00
   1.2300000e+02   0.0000000e+00   5.3518900e-01   8.1955600e-01   2.8518220e+00   0.0000000e+00
   1.2400000e+02   0.0000000e+00   1.0552810e+00   8.1955600e-01   2.8518220e+00   1.0000000e+00
   1.2500000e+02   0.0000000e+00   7.9800500e-01   8.1955600e-01   2.8518220e+00   0.0000000e+00
   1.2600000e+02   0.0000000e+00   9.0321100e-01   8.1955600e-01   2.8518220e+00   1.0000000e+00
   1.2700000e+02   0.0000000e+00   4.4817500e-01   8.1955600e-01   2.8518220e+00   1.0000000e+00
   1.2800000e+02   0.0000000e+00   8.2008200e-01   8.1955600e-01   2.8518220e+00   1.0000000e+00
   1.2900000e+02   1.0000000e+00   6.8645200e-01   8.1955600e-01   2.8518220e+00   1.0000000e+00
   1.3000000e+02   0.0000000e+00   1.0072310e+00   8.1955600e-01   2.8518220e+00   0.0000000e+00
   1.3100000e+02   0.0000000e+00   1.2928520e+00   8.1955600e-01   2.8518220e+00   0.0000000e+00
   1.3200000e+02   0.0000000e+00   7.7487000e-01   8.1955600e-01   2.8518220e+00   0.0000000e+00
   1.3300000e+02   1.0000000e+00   6.4465100e-01   8.1955600e-01   2.8518220e+00   1.0000000e+00
   1.3400000e+02   0.0000000e+00   1.5919430e+00   8.1955600e-01   2.8518220e+00   0.0000000e+00
   1.3500000e+02   0.0000000e+00   7.9232500e-01   8.1955600e-01   2.8518220e+00   0.0000000e+00
   1.3600000e+02   1.0000000e+00   6.1570200e-01   8.1955600e-01   2.8518220e+00   0.0000000e+00
