   1.0000000e+00   0.0000000e+00   2.3568970e+00   8.2097800e-01   3.2214364e+00   0.0000000e+00
   2.0000000e+00   0.0000000e+00   7.4259500e-01   8.2097800e-01   3.2214364e+00   1.0000000e+00
   3.0000000e+00   0.0000000e+00   6.0812500e-01   8.2097800e-01   3.2214364e+00   1.0000000e+00
   4.0000000e+00   0.0000000e+00   1.0488520e+00   8.2097800e-01   3.2214364e+00   1.0000000e+00
   5.0000000e+00   1.0000000e+00   4.8103100e-01   8.2097800e-01   3.2214364e+00   1.0000000e+00
   6.0000000e+00   1.0000000e+00   6.1898600e-01   8.2097800e-01   3.2214364e+00   0.0000000e+00
   7.0000000e+00   0.0000000e+00   1.6462530e+00   8.2097800e-01   3.2214364e+00   1.0000000e+00
   8.0000000e+00   0.0000000e+00   1.3541640e+00   8.2097800e-01   3.2214364e+00   0.0000000e+00
   9.0000000e+00   0.0000000e+00   1.2859630e+00   8.2097800e-01   3.2214364e+00   0.0000000e+00
   1.0000000e+01   0.0000000e+00   8.7936800e-01   8.2097800e-01   3.2214364e+00   0.0000000e+00
   1.1000000e+01   1.0000000e+00   7.1739500e-01   8.2097800e-01   3.2214364e+00   1.0000000e+00
   1.2000000e+01   0.0000000e+00   4.8619100e-01   8.2097800e-01   3.2214364e+00   0.0000000e+00
   1.3000000e+01   0.0000000e+00   4.7426000e-01   8.2097800e-01   3.2214364e+00   1.0000000e+00
   1.4000000e+01   1.0000000e+00   4.6460000e-01   8.2097800e-01   3.2214364e+00   0.0000000e+00
   1.5000000e+01   1.0000000e+00   5.4503300e-01   8.2097800e-01   3.2214364e+00   0.0000000e+00
   1.6000000e+01   0.0000000e+00   6.0814200e-01   8.2097800e-01   3.2214364e+00   1.0000000e+00
   1.7000000e+01   0.0000000e+00   7.4821900e-01   8.2097800e-01   3.2214364e+00   0.0000000e+00
   1.8000000e+01   1.0000000e+00   1.3093550e+00   8.2097800e-01   3.2214364e+00   1.0000000e+00
   1.9000000e+01   1.0000000e+00   5.4782600e-01   8.2097800e-01   3.2214364e+00   0.0000000e+00
   2.0000000e+01   0.0000000e+00   9.5948500e-01   8.2097800e-01   3.2214364e+00   0.0000000e+00
   2.1000000e+01   0.0000000e+00   1.3931560e+00   8.2097800e-01   3.2214364e+00   1.0000000e+00
   2.2000000e+01   0.0000000e+00   1.0036640e+00   8.2097800e-01   3.2214364e+00   0.0000000e+00
   2.3000000e+01   0.0000000e+00   2.0086970e+00   8.2097800e-01   3.2214364e+00   1.0000000e+00
   2.4000000e+01   0.0000000e+00   9.4740400e-01   8.2097800e-01   3.2214364e+00   0.0000000e+00
   2.5000000e+01   0.0000000e+00   9.6082400e-01   8.2097800e-01   3.2214364e+00   1.0000000e+00
   2.6000000e+01   0.0000000e+00   1.1798580e+00   8.2097800e-01   3.2214364e+00   0.0000000e+00
   2.7000000e+01   0.0000000e+00   2.0219360e+00   8.2097800e-01   3.2214364e+00   1.0000000e+00
   2.8000000e+01   1.0000000e+00   1.0158040e+00   8.2097800e-01   3.2214364e+00   1.0000000e+00
   2.9000000e+01   0.0000000e+00   1.8004250e+00   8.2097800e-01   3.2214364e+00   0.0000000e+00
   3.0000000e+01   1.0000000e+00   4.8056300e-01   8.2097800e-01   3.2214364e+00   0.0000000e+00
   3.1000000e+01   0.0000000e+00   1.0884430e+00   8.2097800e-01   3.2214364e+00   0.0000000e+00
   3.2000000e+01   0.0000000e+00   1.0705300e+00   8.2097800e-01   3.2214364e+00   1.0000000e+00
   3.3000000e+01   1.0000000e+00   6.0854200e-01   8.2097800e-01   3.2214364e+00   1.0000000e+00
   3.4000000e+01   0.0000000e+00   4.9903200e-01   8.2097800e-01   3.2214364e+00   1.0000000e+00
   3.5000000e+01   0.0000000e+00   5.1076400e-01   8.2097800e-01   3.2214364e+00   1.0000000e+00
   3.6000000e+01   0.0000000e+00   1.2467010e+00   8.2097800e-01   3.2214364e+00   1.0000000e+00
   3.7000000e+01   0.0000000e+00   4.9093000e-01   8.2097800e-01   3.2214364e+00   0.0000000e+00
   3.8000000e+01   1.0000000e+00   8.6137700e-01   8.2097800e-01   3.2214364e+00   1.0000000e+00
   3.9000000e+01   0.0000000e+00   9.2504700e-01   8.2097800e-01   3.2214364e+00   1.0000000e+00
   4.0000000e+01   1.0000000e+00   1.2550940e+00   8.2097800e-01   3.2214364e+00   0.0000000e+00
   4.1000000e+01   0.0000000e+00   1.0733720e+00   8.2097800e-01   3.2214364e+00   1.0000000e+00
   4.2000000e+01   0.0000000e+00   7.4650400e-01   8.2097800e-01   3.2214364e+00   0.0000000e+00
   4.3000000e+01   0.0000000e+00   5.9455700e-01   8.2097800e-01   3.2214364e+00   1.0000000e+00
   4.4000000e+01   1.0000000e+00   9.1164500e-01   8.2097800e-01   3.2214364e+00   1.0000000e+00
   4.5000000e+01   0.0000000e+00   8.9597500e-01   8.2097800e-01   3.2214364e+00   1.0000000e+00
   4.6000000e+01   1.0000000e+00   5.2035500e-01   8.2097800e-01   3.2214364e+00   0.0000000e+00
   4.7000000e+01   0.0000000e+00   4.9958100e-01   8.2097800e-01   3.2214364e+00   0.0000000e+00
   4.8000000e+01   0.0000000e+00   5.1656600e-01   8.2097800e-01   3.2214364e+00   1.0000000e+00
   4.9000000e+01   1.0000000e+00   1.6885350e+00   8.2097800e-01   3.2214364e+00   0.0000000e+00
   5.0000000e+01   0.0000000e+00   1.0089380e+00   8.2097800e-01   3.2214364e+00   0.0000000e+00
   5.1000000e+01   0.0000000e+00   7.7668300e-01   8.2097800e-01   3.2214364e+00   0.0000000e+00
   5.2000000e+01   0.0000000e+00   8.0369500e-01   8.2097800e-01   3.2214364e+00   0.0000000e+00
   5.3000000e+01   1.0000000e+00   1.1415440e+00   8.2097800e-01   3.2214364e+00   1.0000000e+00
   5.4000000e+01   0.0000000e+00   7.7613300e-01   8.2097800e-01   3.2214364e+00   0.0000000e+00
   5.5000000e+01   0.0000000e+00   6.1568400e-01   8.2097800e-01   3.2214364e+00   1.0000000e+00
   5.6000000e+01   1.0000000e+00   8.5903200e-01   8.2097800e-01   3.2214364e+00   0.0000000e+00
   5.7000000e+01   0.0000000e+00   7.4110700e-01   8.2097800e-01   3.2214364e+00   0.0000000e+00
   5.8000000e+01   0.0000000e+00   8.6031800e-01   8.2097800e-01   3.2214364e+00   1.0000000e+00
   5.9000000e+01   0.0000000e+00   1.1214930e+00   8.2097800e-01   3.2214364e+00   0.0000000e+00
   6.0000000e+01   1.0000000e+00   4.6689500e-01   8.2097800e-01   3.2214364e+00   1.0000000e+00
   6.1000000e+01   0.0000000e+00   2.2170160e+00   8.2097800e-01   3.2214364e+00   1.0000000e+00
   6.2000000e+01   0.0000000e+00   2.3549290e+00   8.2097800e-01   3.2214364e+00   0.0000000e+00
   6.3000000e+01   0.0000000e+00   5.7041700e-01   8.2097800e-01   3.2214364e+00   0.0000000e+00
   6.4000000e+01   1.0000000e+00   6.8468500e-01   8.2097800e-01   3.2214364e+00   1.0000000e+00
   6.5000000e+01   0.0000000e+00   9.0310300e-01   8.2097800e-01   3.2214364e+00   0.0000000e+00
   6.6000000e+01   1.0000000e+00   6.6524200e-01   8.2097800e-01   3.2214364e+00   0.0000000e+00
   6.7000000e+01   0.0000000e+00   2.0674990e+00   8.2097800e-01   3.2214364e+00   1.0000000e+00
   6.8000000e+01   0.0000000e+00   7.1725100e-01   8.2097800e-01   3.2214364e+00   1.0000000e+00
   6.9000000e+01   0.0000000e+00   1.0965600e+00   8.2097800e-01   3.2214364e+00   1.0000000e+00
   7.0000000e+01   0.0000000e+00   1.8642430e+00   8.2097800e-01   3.2214364e+00   0.0000000e+00
   7.1000000e+01   1.0000000e+00   1.0173040e+00   8.2097800e-01   3.2214364e+00   0.0000000e+00
   7.2000000e+01   0.0000000e+00   1.6557110e+00   8.2097800e-01   3.2214364e+00   1.0000000e+00
   7.3000000e+01   1.0000000e+00   6.2022600e-01   8.2097800e-01   3.2214364e+00   1.0000000e+00
   7.4000000e+01   0.0000000e+00   7.8962600e-01   8.2097800e-01   3.2214364e+00   0.0000000e+00
   7.5000000e+01   0.0000000e+00   4.6807800e-01   8.2097800e-01   3.2214364e+00   1.0000000e+00
   7.6000000e+01   1.0000000e+00   1.2393840e+00   8.2097800e-01   3.2214364e+00   0.0000000e+00
   7.7000000e+01   0.0000000e+00   9.9632300e-01   8.2097800e-01   3.2214364e+00   1.0000000e+00
   7.8000000e+01   0.0000000e+00   5.2731600e-01   8.2097800e-01   3.2214364e+00   1.0000000e+00
   7.9000000e+01   1.0000000e+00   5.1771400e-01   8.2097800e-01   3.2214364e+00   1.0000000e+00
   8.0000000e+01   0.0000000e+00   8.2674200e-01   8.2097800e-01   3.2214364e+00   0.0000000e+00
   8.1000000e+01   0.0000000e+00   5.3797900e-01   8.2097800e-01   3.2214364e+00   1.0000000e+00
   8.2000000e+01   0.0000000e+00   5.0100600e-01   8.2097800e-01   3.2214364e+00   0.0000000e+00
   8.3000000e+01   1.0000000e+00   6.3455300e-01   8.2097800e-01   3.2214364e+00   1.0000000e+00
   8.4000000e+01   0.0000000e+00   6.8168500e-01   8.2097800e-01   3.2214364e+00   1.0000000e+00
   8.5000000e+01   1.0000000e+00   5.2436800e-01   8.2097800e-01   3.2214364e+00   0.0000000e+00
   8.6000000e+01   0.0000000e+00   7.1201800e-01   8.2097800e-01   3.2214364e+00   1.0000000e+00
   8.7000000e+01   0.0000000e+00   2.2963860e+00   8.2097800e-01   3.2214364e+00   1.0000000e+00
   8.8000000e+01   0.0000000e+00   7.7002900e-01   8.2097800e-01   3.2214364e+00   0.0000000e+00
   8.9000000e+01   0.0000000e+00   1.1969110e+00   8.2097800e-01   3.2214364e+00   0.0000000e+00
   9.0000000e+01   1.0000000e+00   6.1797900e-01   8.2097800e-01   3.2214364e+00   1.0000000e+00
   9.1000000e+01   0.0000000e+00   9.8187500e-01   8.2097800e-01   3.2214364e+00   1.0000000e+00
   9.2000000e+01   0.0000000e+00   4.8308300e-01   8.2097800e-01   3.2214364e+00   0.0000000e+00
   9.3000000e+01   0.0000000e+00   6.5878200e-01   8.2097800e-01   3.2214364e+00   0.0000000e+00
   9.4000000e+01   1.0000000e+00   1.4103030e+00   8.2097800e-01   3.2214364e+00   0.0000000e+00
   9.5000000e+01   0.0000000e+00   1.2187860e+00   8.2097800e-01   3.2214364e+00   0.0000000e+00
   9.6000000e+01   1.0000000e+00   1.5865770e+00   8.2097800e-01   3.2214364e+00   1.0000000e+00
   9.7000000e+01   0.0000000e+00   5.4572400e-01   8.2097800e-01   3.2214364e+00   1.0000000e+00
   9.8000000e+01   1.0000000e+00   1.0144860e+00   8.2097800e-01   3.2214364e+00   0.0000000e+00
   9.9000000e+01   0.0000000e+00   6.0534900e-01   8.2097800e-01   3.2214364e+00   1.0000000e+00
   1.0000000e+02   1.0000000e+00   5.8673000e-01   8.2097800e-01   3.2214364e+00   0.0000000e+00
   1.0100000e+02   0.0000000e+00   7.4785900e-01   8.2097800e-01   3.2214364e+00   0.0000000e+00
   1.0200000e+02   0.0000000e+00   5.4554300e-01   8.2097800e-01   3.2214364e+00   0.0000000e+00
   1.0300000e+02   0.0000000e+00   4.5651200e-01   8.2097800e-01   3.2214364e+00   1.0000000e+00
   1.0400000e+02   0.0000000e+00   6.3346500e-01   8.2097800e-01   3.2214364e+00   1.0000000e+00
   1.0500000e+02   1.0000000e+00   1.2327950e+00   8.2097800e-01   3.2214364e+00   1.0000000e+00
   1.0600000e+02   0.0000000e+00   6.7415300e-01   8.2097800e-01   3.2214364e+00   1.0000000e+00
   1.0700000e+02   1.0000000e+00   8.0454600e-01   8.2097800e-01   3.2214364e+00   0.0000000e+00
   1.0800000e+02   0.0000000e+00   3.0922190e+00   8.2097800e-01   3.2214364e+00   0.0000000e+00
   1.0900000e+02   0.0000000e+00   9.9011800e-01   8.2097800e-01   3.2214364e+00   0.0000000e+00
   1.1000000e+02   1.0000000e+00   7.0336300e-01   8.2097800e-01   3.2214364e+00   1.0000000e+00
   1.1100000e+02   0.0000000e+00   4.5231600e-01   8.2097800e-01   3.2214364e+00   0.0000000e+00
   1.1200000e+02   0.0000000e+00   6.7192300e-01   8.2097800e-01   3.2214364e+00   0.0000000e+00
   1.1300000e+02   1.0000000e+00   8.1121000e-01   8.2097800e-01   3.2214364e+00   1.0000000e+00
   1.1400000e+02   0.0000000e+00   6.1021800e-01   8.2097800e-01   3.2214364e+00   0.0000000e+00
   1.1500000e+02   0.0000000e+00   4.8673400e-01   8.2097800e-01   3.2214364e+00   1.0000000e+00
   1.1600000e+02   0.0000000e+00   6.1704600e-01   8.2097800e-01   3.2214364e+00   0.0000000e+00
   1.1700000e+02   0.0000000e+00   9.3042900e-01   8.2097800e-01   3.2214364e+00   1.0000000e+00
   1.1800000e+02   1.0000000e+00   8.2752400e-01   8.2097800e-01   3.2214364e+00   0.0000000e+00
   1.1900000e+02   0.0000000e+00   1.1032670e+00   8.2097800e-01   3.2214364e+00   0.0000000e+00
   1.2000000e+02   1.0000000e+00   6.3623700e-01   8.2097800e-01   3.2214364e+00   1.0000000e+00
   1.2100000e+02   0.0000000e+00   5.0378500e-01   8.2097800e-01   3.2214364e+00   1.0000000e+00
   1.2200000e+02   0.0000000e+00   8.4402300e-01   8.2097800e-01   3.2214364e+00   0.0000000e+00
   1.2300000e+02   0.0000000e+00   1.2928570e+00   8.2097800e-01   3.2214364e+00   0.0000000e+00
   1.2400000e+02   0.0000000e+00   1.5428650e+00   8.2097800e-01   3.2214364e+00   0.0000000e+00
   1.2500000e+02   1.0000000e+00   1.2880760e+00   8.2097800e-01   3.2214364e+00   0.0000000e+00
   1.2600000e+02   0.0000000e+00   1.2048720e+00   8.2097800e-01   3.2214364e+00   1.0000000e+00
   1.2700000e+02   0.0000000e+00   5.0887600e-01   8.2097800e-01   3.2214364e+00   1.0000000e+00
   1.2800000e+02   0.0000000e+00   4.4807700e-01   8.2097800e-01   3.2214364e+00   1.0000000e+00
   1.2900000e+02   0.0000000e+00   6.5908000e-01   8.2097800e-01   3.2214364e+00   0.0000000e+00
   1.3000000e+02   0.0000000e+00   6.0363900e-01   8.2097800e-01   3.2214364e+00   0.0000000e+00
   1.3100000e+02   0.0000000e+00   5.2044200e-01   8.2097800e-01   3.2214364e+00   0.0000000e+00
   1.3200000e+02   0.0000000e+00   1.2890980e+00   8.2097800e-01   3.2214364e+00   1.0000000e+00
   1.3300000e+02   0.0000000e+00   5.7048800e-01   8.2097800e-01   3.2214364e+00   1.0000000e+00
   1.3400000e+02   0.0000000e+00   4.7996400e-01   8.2097800e-01   3.2214364e+00   1.0000000e+00
   1.3500000e+02   1.0000000e+00   1.6858780e+00   8.2097800e-01   3.2214364e+00   0.0000000e+00
   1.3600000e+02   1.0000000e+00   1.4563790e+00   8.2097800e-01   3.2214364e+00   1.0000000e+00
