   1.0000000e+00   0.0000000e+00   6.3263500e-01   8.3856800e-01   3.4063773e+00   0.0000000e+00
   2.0000000e+00   0.0000000e+00   6.4628600e-01   8.3856800e-01   3.4063773e+00   1.0000000e+00
   3.0000000e+00   0.0000000e+00   1.4145680e+00   8.3856800e-01   3.4063773e+00   1.0000000e+00
   4.0000000e+00   1.0000000e+00   4.6798400e-01   8.3856800e-01   3.4063773e+00   1.0000000e+00
   5.0000000e+00   0.0000000e+00   4.9164800e-01   8.3856800e-01   3.4063773e+00   0.0000000e+00
   6.0000000e+00   1.0000000e+00   5.1196400e-01   8.3856800e-01   3.4063773e+00   0.0000000e+00
   7.0000000e+00   0.0000000e+00   5.6346900e-01   8.3856800e-01   3.4063773e+00   1.0000000e+00
   8.0000000e+00   1.0000000e+00   8.0361100e-01   8.3856800e-01   3.4063773e+00   1.0000000e+00
   9.0000000e+00   0.0000000e+00   2.0458420e+00   8.3856800e-01   3.4063773e+00   1.0000000e+00
   1.0000000e+01   0.0000000e+00   5.2589500e-01   8.3856800e-01   3.4063773e+00   1.0000000e+00
   1.1000000e+01   0.0000000e+00   5.8868100e-01   8.3856800e-01   3.4063773e+00   0.0000000e+00
   1.2000000e+01   1.0000000e+00   9.4795000e-01   8.3856800e-01   3.4063773e+00   0.0000000e+00
   1.3000000e+01   1.0000000e+00   7.2489400e-01   8.3856800e-01   3.4063773e+00   0.0000000e+00
   1.4000000e+01   0.0000000e+00   8.3190500e-01   8.3856800e-01   3.4063773e+00   1.0000000e+00
   1.5000000e+01   0.0000000e+00   1.3459690e+00   8.3856800e-01   3.4063773e+00   0.0000000e+00
   1.6000000e+01   0.0000000e+00   1.0964890e+00   8.3856800e-01   3.4063773e+00   0.0000000e+00
   1.7000000e+01   1.0000000e+00   1.5881550e+00   8.3856800e-01   3.4063773e+00   1.0000000e+00
   1.8000000e+01   0.0000000e+00   4.4436500e-01   8.3856800e-01   3.4063773e+00   1.0000000e+00
   1.9000000e+01   0.0000000e+00   7.7914400e-01   8.3856800e-01   3.4063773e+00   1.0000000e+00
   2.0000000e+01   0.0000000e+00   6.2030100e-01   8.3856800e-01   3.4063773e+00   0.0000000e+00
   2.1000000e+01   0.0000000e+00   4.8410400e-01   8.3856800e-01   3.4063773e+00   0.0000000e+00
   2.2000000e+01   0.0000000e+00   5.5064900e-01   8.3856800e-01   3.4063773e+00   1.0000000e+00
   2.3000000e+01   1.0000000e+00   6.1624700e-01   8.3856800e-01   3.4063773e+00   0.0000000e+00
   2.4000000e+01   0.0000000e+00   5.2597500e-01   8.3856800e-01   3.4063773e+00   1.0000000e+00
   2.5000000e+01   0.0000000e+00   5.2400900e-01   8.3856800e-01   3.4063773e+00   1.0000000e+00
   2.6000000e+01   0.0000000e+00   7.9806600e-01   8.3856800e-01   3.4063773e+00   0.0000000e+00
   2.7000000e+01   0.0000000e+00   4.7024100e-01   8.3856800e-01   3.4063773e+00   1.0000000e+00
   2.8000000e+01   0.0000000e+00   5.5429700e-01   8.3856800e-01   3.4063773e+00   0.0000000e+00
   2.9000000e+01   1.0000000e+00   1.3907250e+00   8.3856800e-01   3.4063773e+00   1.0000000e+00
   3.0000000e+01   0.0000000e+00   5.8781100e-01   8.3856800e-01   3.4063773e+00   0.0000000e+00
   3.1000000e+01   0.0000000e+00   6.3633400e-01   8.3856800e-01   3.4063773e+00   0.0000000e+00
   3.2000000e+01   0.0000000e+00   7.1978300e-01   8.3856800e-01   3.4063773e+00   1.0000000e+00
   3.3000000e+01   0.0000000e+00   1.6824500e+00   8.3856800e-01   3.4063773e+00   0.0000000e+00
   3.4000000e+01   1.0000000e+00   7.5737900e-01   8.3856800e-01   3.4063773e+00   0.0000000e+00
   3.5000000e+01   0.0000000e+00   9.4829500e-01   8.3856800e-01   3.4063773e+00   1.0000000e+00
   3.6000000e+01   1.0000000e+00   7.4500200e-01   8.3856800e-01   3.4063773e+00   1.0000000e+00
   3.7000000e+01   0.0000000e+00   4.6394800e-01   8.3856800e-01   3.4063773e+00   0.0000000e+00
   3.8000000e+01   1.0000000e+00   7.6202400e-01   8.3856800e-01   3.4063773e+00   1.0000000e+00
   3.9000000e+01   0.0000000e+00   5.7495200e-01   8.3856800e-01   3.4063773e+00   1.0000000e+00
   4.0000000e+01   1.0000000e+00   5.3423900e-01   8.3856800e-01   3.4063773e+00   0.0000000e+00
   4.1000000e+01   0.0000000e+00   5.8841400e-01   8.3856800e-01   3.4063773e+00   0.0000000e+00
   4.2000000e+01   0.0000000e+00   5.2153300e-01   8.3856800e-01   3.4063773e+00   1.0000000e+00
   4.3000000e+01   0.0000000e+00   4.6238400e-01   8.3856800e-01   3.4063773e+00   0.0000000e+00
   4.4000000e+01   1.0000000e+00   1.6531740e+00   8.3856800e-01   3.4063773e+00   1.0000000e+00
   4.5000000e+01   0.0000000e+00   7.9700200e-01   8.3856800e-01   3.4063773e+00   0.0000000e+00
   4.6000000e+01   0.0000000e+00   9.1058300e-01   8.3856800e-01   3.4063773e+00   1.0000000e+00
   4.7000000e+01   0.0000000e+00   7.8713800e-01   8.3856800e-01   3.4063773e+00   0.0000000e+00
   4.8000000e+01   0.0000000e+00   1.4166460e+00   8.3856800e-01   3.4063773e+00   1.0000000e+00
   4.9000000e+01   1.0000000e+00   5.3629400e-01   8.3856800e-01   3.4063773e+00   0.0000000e+00
   5.0000000e+01   0.0000000e+00   6.3081500e-01   8.3856800e-01   3.4063773e+00   0.0000000e+00
   5.1000000e+01   0.0000000e+00   5.0618100e-01   8.3856800e-01   3.4063773e+00   0.0000000e+00
   5.2000000e+01   0.0000000e+00   1.1035540e+00   8.3856800e-01   3.4063773e+00   1.0000000e+00
   5.3000000e+01   0.0000000e+00   5.4326200e-01   8.3856800e-01   3.4063773e+00   0.0000000e+00
   5.4000000e+01   0.0000000e+00   5.7633400e-01   8.3856800e-01   3.4063773e+00   0.0000000e+00
   5.5000000e+01   0.0000000e+00   8.0929800e-01   8.3856800e-01   3.4063773e+00   1.0000000e+00
   5.6000000e+01   1.0000000e+00   6.4492700e-01   8.3856800e-01   3.4063773e+00   0.0000000e+00
   5.7000000e+01   1.0000000e+00   1.3474480e+00   8.3856800e-01   3.4063773e+00   1.0000000e+00
   5.8000000e+01   0.0000000e+00   7.2811700e-01   8.3856800e-01   3.4063773e+00   1.0000000e+00
   5.9000000e+01   0.0000000e+00   5.9613300e-01   8.3856800e-01   3.4063773e+00   0.0000000e+00
   6.0000000e+01   0.0000000e+00   1.3190010e+00   8.3856800e-01   3.4063773e+00   1.0000000e+00
   6.1000000e+01   1.0000000e+00   8.1914800e-01   8.3856800e-01   3.4063773e+00   0.0000000e+00
   6.2000000e+01   0.0000000e+00   2.1721770e+00   8.3856800e-01   3.4063773e+00   1.0000000e+00
   6.3000000e+01   1.0000000e+00   6.0137200e-01   8.3856800e-01   3.4063773e+00   1.0000000e+00
   6.4000000e+01   0.0000000e+00   7.9159800e-01   8.3856800e-01   3.4063773e+00   0.0000000e+00
   6.5000000e+01   1.0000000e+00   1.0471130e+00   8.3856800e-01   3.4063773e+00   1.0000000e+00
   6.6000000e+01   0.0000000e+00   5.7668800e-01   8.3856800e-01   3.4063773e+00   0.0000000e+00
   6.7000000e+01   0.0000000e+00   2.3315440e+00   8.3856800e-01   3.4063773e+00   1.0000000e+00
   6.8000000e+01   1.0000000e+00   5.9968800e-01   8.3856800e-01   3.4063773e+00   0.0000000e+00
   6.9000000e+01   0.0000000e+00   8.8226600e-01   8.3856800e-01   3.4063773e+00   1.0000000e+00
   7.0000000e+01   0.0000000e+00   6.2951500e-01   8.3856800e-01   3.4063773e+00   0.0000000e+00
   7.1000000e+01   1.0000000e+00   1.6150180e+00   8.3856800e-01   3.4063773e+00   0.0000000e+00
   7.2000000e+01   1.0000000e+00   8.4845400e-01   8.3856800e-01   3.4063773e+00   1.0000000e+00
   7.3000000e+01   0.0000000e+00   4.7761400e-01   8.3856800e-01   3.4063773e+00   1.0000000e+00
   7.4000000e+01   0.0000000e+00   1.0531030e+00   8.3856800e-01   3.4063773e+00   0.0000000e+00
   7.5000000e+01   0.0000000e+00   1.2082500e+00   8.3856800e-01   3.4063773e+00   1.0000000e+00
   7.6000000e+01   0.0000000e+00   6.6597200e-01   8.3856800e-01   3.4063773e+00   1.0000000e+00
   7.7000000e+01   0.0000000e+00   1.2079340e+00   8.3856800e-01   3.4063773e+00   1.0000000e+00
   7.8000000e+01   1.0000000e+00   9.1566900e-01   8.3856800e-01   3.4063773e+00   0.0000000e+00
   7.9000000e+01   0.0000000e+00   2.5696820e+00   8.3856800e-01   3.4063773e+00   0.0000000e+00
   8.0000000e+01   1.0000000e+00   1.4605170e+00   8.3856800e-01   3.4063773e+00   1.0000000e+00
   8.1000000e+01   0.0000000e+00   8.7692800e-01   8.3856800e-01   3.4063773e+00   0.0000000e+00
   8.2000000e+01   0.0000000e+00   1.6555750e+00   8.3856800e-01   3.4063773e+00   1.0000000e+00
   8.3000000e+01   0.0000000e+00   5.1229000e-01   8.3856800e-01   3.4063773e+00   0.0000000e+00
   8.4000000e+01   0.0000000e+00   8.0469200e-01   8.3856800e-01   3.4063773e+00   1.0000000e+00
   8.5000000e+01   1.0000000e+00   4.7888500e-01   8.3856800e-01   3.4063773e+00   1.0000000e+00
   8.6000000e+01   0.0000000e+00   1.3637960e+00   8.3856800e-01   3.4063773e+00   0.0000000e+00
   8.7000000e+01   0.0000000e+00   1.6303250e+00   8.3856800e-01   3.4063773e+00   0.0000000e+00
   8.8000000e+01   1.0000000e+00   7.3335100e-01   8.3856800e-01   3.4063773e+00   0.0000000e+00
   8.9000000e+01   0.0000000e+00   8.1625800e-01   8.3856800e-01   3.4063773e+00   1.0000000e+00
   9.0000000e+01   0.0000000e+00   1.2265560e+00   8.3856800e-01   3.4063773e+00   0.0000000e+00
   9.1000000e+01   1.0000000e+00   9.1632300e-01   8.3856800e-01   3.4063773e+00   1.0000000e+00
   9.2000000e+01   0.0000000e+00   1.2861220e+00   8.3856800e-01   3.4063773e+00   0.0000000e+00
   9.3000000e+01   1.0000000e+00   1.1257420e+00   8.3856800e-01   3.4063773e+00   0.0000000e+00
   9.4000000e+01   0.0000000e+00   1.1994050e+00   8.3856800e-01   3.4063773e+00   1.0000000e+00
   9.5000000e+01   0.0000000e+00   8.5989000e-01   8.3856800e-01   3.4063773e+00   1.0000000e+00
   9.6000000e+01   0.0000000e+00   1.0719690e+00   8.3856800e-01   3.4063773e+00   1.0000000e+00
   9.7000000e+01   0.0000000e+00   1.1759920e+00   8.3856800e-01   3.4063773e+00   0.0000000e+00
   9.8000000e+01   0.0000000e+00   1.3722010e+00   8.3856800e-01   3.4063773e+00   0.0000000e+00
   9.9000000e+01   1.0000000e+00   1.2834450e+00   8.3856800e-01   3.4063773e+00   1.0000000e+00
   1.0000000e+02   0.0000000e+00   7.7543900e-01   8.3856800e-01   3.4063773e+00   0.0000000e+00
   1.0100000e+02   1.0000000e+00   4.6945100e-01   8.3856800e-01   3.4063773e+00   0.0000000e+00
   1.0200000e+02   0.0000000e+00   1.8672560e+00   8.3856800e-01   3.4063773e+00   1.0000000e+00
   1.0300000e+02   0.0000000e+00   7.4935400e-01   8.3856800e-01   3.4063773e+00   1.0000000e+00
   1.0400000e+02   0.0000000e+00   5.7948800e-01   8.3856800e-01   3.4063773e+00   1.0000000e+00
   1.0500000e+02   1.0000000e+00   8.8144300e-01   8.3856800e-01   3.4063773e+00   0.0000000e+00
   1.0600000e+02   0.0000000e+00   1.8288780e+00   8.3856800e-01   3.4063773e+00   0.0000000e+00
   1.0700000e+02   1.0000000e+00   8.3491100e-01   8.3856800e-01   3.4063773e+00   1.0000000e+00
   1.0800000e+02   0.0000000e+00   1.9704950e+00   8.3856800e-01   3.4063773e+00   0.0000000e+00
   1.0900000e+02   0.0000000e+00   5.8760400e-01   8.3856800e-01   3.4063773e+00   1.0000000e+00
   1.1000000e+02   1.0000000e+00   6.6008600e-01   8.3856800e-01   3.4063773e+00   0.0000000e+00
   1.1100000e+02   0.0000000e+00   2.0787210e+00   8.3856800e-01   3.4063773e+00   1.0000000e+00
   1.1200000e+02   0.0000000e+00   7.8097500e-01   8.3856800e-01   3.4063773e+00   1.0000000e+00
   1.1300000e+02   1.0000000e+00   8.2910800e-01   8.3856800e-01   3.4063773e+00   1.0000000e+00
   1.1400000e+02   0.0000000e+00   4.7057200e-01   8.3856800e-01   3.4063773e+00   0.0000000e+00
   1.1500000e+02   1.0000000e+00   6.4136800e-01   8.3856800e-01   3.4063773e+00   1.0000000e+00
   1.1600000e+02   0.0000000e+00   5.6212600e-01   8.3856800e-01   3.4063773e+00   0.0000000e+00
   1.1700000e+02   1.0000000e+00   1.1535570e+00   8.3856800e-01   3.4063773e+00   0.0000000e+00
   1.1800000e+02   0.0000000e+00   6.1759600e-01   8.3856800e-01   3.4063773e+00   1.0000000e+00
   1.1900000e+02   0.0000000e+00   4.4058900e-01   8.3856800e-01   3.4063773e+00   0.0000000e+00
   1.2000000e+02   0.0000000e+00   6.2747300e-01   8.3856800e-01   3.4063773e+00   1.0000000e+00
   1.2100000e+02   1.0000000e+00   9.0441000e-01   8.3856800e-01   3.4063773e+00   1.0000000e+00
   1.2200000e+02   0.0000000e+00   7.0033500e-01   8.3856800e-01   3.4063773e+00   1.0000000e+00
   1.2300000e+02   0.0000000e+00   7.6692800e-01   8.3856800e-01   3.4063773e+00   0.0000000e+00
   1.2400000e+02   0.0000000e+00   8.0256600e-01   8.3856800e-01   3.4063773e+00   0.0000000e+00
   1.2500000e+02   1.0000000e+00   6.7655000e-01   8.3856800e-01   3.4063773e+00   0.0000000e+00
   1.2600000e+02   0.0000000e+00   9.1421800e-01   8.3856800e-01   3.4063773e+00   0.0000000e+00
   1.2700000e+02   0.0000000e+00   1.3776150e+00   8.3856800e-01   3.4063773e+00   0.0000000e+00
   1.2800000e+02   0.0000000e+00   1.2963060e+00   8.3856800e-01   3.4063773e+00   1.0000000e+00
   1.2900000e+02   0.0000000e+00   1.6996920e+00   8.3856800e-01   3.4063773e+00   0.0000000e+00
   1.3000000e+02   0.0000000e+00   1.1463390e+00   8.3856800e-01   3.4063773e+00   1.0000000e+00
   1.3100000e+02   0.0000000e+00   2.3609580e+00   8.3856800e-01   3.4063773e+00   1.0000000e+00
   1.3200000e+02   0.0000000e+00   1.8313730e+00   8.3856800e-01   3.4063773e+00   0.0000000e+00
   1.3300000e+02   0.0000000e+00   4.8305300e-01   8.3856800e-01   3.4063773e+00   1.0000000e+00
   1.3400000e+02   0.0000000e+00   9.1678600e-01   8.3856800e-01   3.4063773e+00   0.0000000e+00
   1.3500000e+02   1.0000000e+00   5.2166400e-01   8.3856800e-01   3.4063773e+00   0.0000000e+00
   1.3600000e+02   1.0000000e+00   6.1512400e-01   8.3856800e-01   3.4063773e+00   1.0000000e+00
