   1.0000000e+00   0.0000000e+00   1.5934200e+00   8.2083400e-01   2.4602151e+00   0.0000000e+00
   2.0000000e+00   0.0000000e+00   7.5981400e-01   8.2083400e-01   2.4602151e+00   1.0000000e+00
   3.0000000e+00   0.0000000e+00   9.1576800e-01   8.2083400e-01   2.4602151e+00   1.0000000e+00
   4.0000000e+00   0.0000000e+00   6.8534300e-01   8.2083400e-01   2.4602151e+00   1.0000000e+00
   5.0000000e+00   0.0000000e+00   9.3696400e-01   8.2083400e-01   2.4602151e+00   0.0000000e+00
   6.0000000e+00   1.0000000e+00   9.8554800e-01   8.2083400e-01   2.4602151e+00   0.0000000e+00
   7.0000000e+00   0.0000000e+00   1.5814460e+00   8.2083400e-01   2.4602151e+00   0.0000000e+00
   8.0000000e+00   1.0000000e+00   5.0209300e-01   8.2083400e-01   2.4602151e+00   1.0000000e+00
   9.0000000e+00   0.0000000e+00   1.0058930e+00   8.2083400e-01   2.4602151e+00   1.0000000e+00
   1.0000000e+01   0.0000000e+00   7.4162300e-01   8.2083400e-01   2.4602151e+00   0.0000000e+00
   1.1000000e+01   1.0000000e+00   1.4291430e+00   8.2083400e-01   2.4602151e+00   0.0000000e+00
   1.2000000e+01   0.0000000e+00   5.9155900e-01   8.2083400e-01   2.4602151e+00   0.0000000e+00
   1.3000000e+01   0.0000000e+00   8.7498300e-01   8.2083400e-01   2.4602151e+00   1.0000000e+00
   1.4000000e+01   1.0000000e+00   2.2403050e+00   8.2083400e-01   2.4602151e+00   1.0000000e+00
   1.5000000e+01   0.0000000e+00   4.5152500e-01   8.2083400e-01   2.4602151e+00   1.0000000e+00
   1.6000000e+01   0.0000000e+00   4.6314700e-01   8.2083400e-01   2.4602151e+00   1.0000000e+00
   1.7000000e+01   1.0000000e+00   6.7653000e-01   8.2083400e-01   2.4602151e+00   1.0000000e+00
   1.8000000e+01   0.0000000e+00   1.1259480e+00   8.2083400e-01   2.4602151e+00   1.0000000e+00
   1.9000000e+01   0.0000000e+00   6.2086200e-01   8.2083400e-01   2.4602151e+00   0.0000000e+00
   2.0000000e+01   0.0000000e+00   8.4831600e-01   8.2083400e-01   2.4602151e+00   0.0000000e+00
   2.1000000e+01   1.0000000e+00   5.3706600e-01   8.2083400e-01   2.4602151e+00   0.0000000e+00
   2.2000000e+01   1.0000000e+00   8.5058800e-01   8.2083400e-01   2.4602151e+00   1.0000000e+00
   2.3000000e+01   0.0000000e+00   9.8736200e-01   8.2083400e-01   2.4602151e+00   1.0000000e+00
   2.4000000e+01   0.0000000e+00   4.7287700e-01   8.2083400e-01   2.4602151e+00   1.0000000e+00
   2.5000000e+01   0.0000000e+00   1.2119520e+00   8.2083400e-01   2.4602151e+00   0.0000000e+00
   2.6000000e+01   0.0000000e+00   1.8345980e+00   8.2083400e-01   2.4602151e+00   0.0000000e+00
   2.7000000e+01   1.0000000e+00   8.1112200e-01   8.2083400e-01   2.4602151e+00   0.0000000e+00
   2.8000000e+01   0.0000000e+00   5.9638600e-01   8.2083400e-01   2.4602151e+00   1.0000000e+00
   2.9000000e+01   1.0000000e+00   5.7333100e-01   8.2083400e-01   2.4602151e+00   1.0000000e+00
   3.0000000e+01   0.0000000e+00   8.8357300e-01   8.2083400e-01   2.4602151e+00   1.0000000e+00
   3.1000000e+01   0.0000000e+00   8.6989700e-01   8.2083400e-01   2.4602151e+00   0.0000000e+00
   3.2000000e+01   0.0000000e+00   5.5377100e-01   8.2083400e-01   2.4602151e+00   0.0000000e+00
   3.3000000e+01   0.0000000e+00   4.9574800e-01   8.2083400e-01   2.4602151e+00   0.0000000e+00
   3.4000000e+01   1.0000000e+00   6.9192300e-01   8.2083400e-01   2.4602151e+00   0.0000000e+00
   3.5000000e+01   0.0000000e+00   1.5227050e+00   8.2083400e-01   2.4602151e+00   0.0000000e+00
   3.6000000e+01   1.0000000e+00   1.0219320e+00   8.2083400e-01   2.4602151e+00   0.0000000e+00
   3.7000000e+01   0.0000000e+00   9.5980100e-01   8.2083400e-01   2.4602151e+00   0.0000000e+00
   3.8000000e+01   0.0000000e+00   7.2670400e-01   8.2083400e-01   2.4602151e+00   1.0000000e+00
   3.9000000e+01   0.0000000e+00   4.6526200e-01   8.2083400e-01   2.4602151e+00   1.0000000e+00
   4.0000000e+01   1.0000000e+00   5.5635300e-01   8.2083400e-01   2.4602151e+00   1.0000000e+00
   4.1000000e+01   0.0000000e+00   7.5012700e-01   8.2083400e-01   2.4602151e+00   1.0000000e+00
   4.2000000e+01   1.0000000e+00   1.2337990e+00   8.2083400e-01   2.4602151e+00   0.0000000e+00
   4.3000000e+01   0.0000000e+00   1.0137750e+00   8.2083400e-01   2.4602151e+00   0.0000000e+00
   4.4000000e+01   0.0000000e+00   4.9536700e-01   8.2083400e-01   2.4602151e+00   1.0000000e+00
   4.5000000e+01   0.0000000e+00   1.0522600e+00   8.2083400e-01   2.4602151e+00   1.0000000e+00
   4.6000000e+01   0.0000000e+00   9.7594500e-01   8.2083400e-01   2.4602151e+00   0.0000000e+00
   4.7000000e+01   1.0000000e+00   4.6760500e-01   8.2083400e-01   2.4602151e+00   1.0000000e+00
   4.8000000e+01   0.0000000e+00   1.2012900e+00   8.2083400e-01   2.4602151e+00   0.0000000e+00
   4.9000000e+01   1.0000000e+00   5.2412700e-01   8.2083400e-01   2.4602151e+00   1.0000000e+00
   5.0000000e+01   0.0000000e+00   9.7565700e-01   8.2083400e-01   2.4602151e+00   0.0000000e+00
   5.1000000e+01   0.0000000e+00   1.4010690e+00   8.2083400e-01   2.4602151e+00   1.0000000e+00
   5.2000000e+01   0.0000000e+00   5.2796400e-01   8.2083400e-01   2.4602151e+00   0.0000000e+00
   5.3000000e+01   0.0000000e+00   6.3877100e-01   8.2083400e-01   2.4602151e+00   0.0000000e+00
   5.4000000e+01   0.0000000e+00   1.1762420e+00   8.2083400e-01   2.4602151e+00   1.0000000e+00
   5.5000000e+01   0.0000000e+00   6.3510500e-01   8.2083400e-01   2.4602151e+00   0.0000000e+00
   5.6000000e+01   1.0000000e+00   1.2987050e+00   8.2083400e-01   2.4602151e+00   0.0000000e+00
   5.7000000e+01   0.0000000e+00   4.5299800e-01   8.2083400e-01   2.4602151e+00   1.0000000e+00
   5.8000000e+01   1.0000000e+00   6.3244100e-01   8.2083400e-01   2.4602151e+00   1.0000000e+00
   5.9000000e+01   0.0000000e+00   4.5852600e-01   8.2083400e-01   2.4602151e+00   0.0000000e+00
   6.0000000e+01   1.0000000e+00   3.0354360e+00   8.2083400e-01   2.4602151e+00   0.0000000e+00
   6.1000000e+01   0.0000000e+00   2.4761860e+00   8.2083400e-01   2.4602151e+00   0.0000000e+00
   6.2000000e+01   0.0000000e+00   1.9258940e+00   8.2083400e-01   2.4602151e+00   1.0000000e+00
   6.3000000e+01   1.0000000e+00   1.4987000e+00   8.2083400e-01   2.4602151e+00   0.0000000e+00
   6.4000000e+01   0.0000000e+00   4.6082100e-01   8.2083400e-01   2.4602151e+00   1.0000000e+00
   6.5000000e+01   0.0000000e+00   7.2341900e-01   8.2083400e-01   2.4602151e+00   1.0000000e+00
   6.6000000e+01   1.0000000e+00   5.8323500e-01   8.2083400e-01   2.4602151e+00   1.0000000e+00
   6.7000000e+01   0.0000000e+00   4.7373100e-01   8.2083400e-01   2.4602151e+00   0.0000000e+00
   6.8000000e+01   1.0000000e+00   8.8162700e-01   8.2083400e-01   2.4602151e+00   1.0000000e+00
   6.9000000e+01   1.0000000e+00   5.4237900e-01   8.2083400e-01   2.4602151e+00   0.0000000e+00
   7.0000000e+01   0.0000000e+00   2.2540640e+00   8.2083400e-01   2.4602151e+00   0.0000000e+00
   7.1000000e+01   0.0000000e+00   8.0636300e-01   8.2083400e-01   2.4602151e+00   1.0000000e+00
   7.2000000e+01   0.0000000e+00   8.3510500e-01   8.2083400e-01   2.4602151e+00   1.0000000e+00
   7.3000000e+01   1.0000000e+00   2.3654970e+00   8.2083400e-01   2.4602151e+00   1.0000000e+00
   7.4000000e+01   0.0000000e+00   1.5506670e+00   8.2083400e-01   2.4602151e+00   1.0000000e+00
   7.5000000e+01   1.0000000e+00   1.4806810e+00   8.2083400e-01   2.4602151e+00   0.0000000e+00
   7.6000000e+01   0.0000000e+00   1.3958820e+00   8.2083400e-01   2.4602151e+00   0.0000000e+00
   7.7000000e+01   0.0000000e+00   4.7336600e-01   8.2083400e-01   2.4602151e+00   0.0000000e+00
   7.8000000e+01   1.0000000e+00   4.9223300e-01   8.2083400e-01   2.4602151e+00   0.0000000e+00
   7.9000000e+01   0.0000000e+00   5.4569700e-01   8.2083400e-01   2.4602151e+00   1.0000000e+00
   8.0000000e+01   0.0000000e+00   5.6442400e-01   8.2083400e-01   2.4602151e+00   1.0000000e+00
   8.1000000e+01   0.0000000e+00   1.3730920e+00   8.2083400e-01   2.4602151e+00   1.0000000e+00
   8.2000000e+01   0.0000000e+00   1.3008310e+00   8.2083400e-01   2.4602151e+00   0.0000000e+00
   8.3000000e+01   0.0000000e+00   4.9092900e-01   8.2083400e-01   2.4602151e+00   0.0000000e+00
   8.4000000e+01   0.0000000e+00   1.5080670e+00   8.2083400e-01   2.4602151e+00   1.0000000e+00
   8.5000000e+01   0.0000000e+00   8.0129300e-01   8.2083400e-01   2.4602151e+00   0.0000000e+00
   8.6000000e+01   1.0000000e+00   9.8296000e-01   8.2083400e-01   2.4602151e+00   1.0000000e+00
   8.7000000e+01   0.0000000e+00   4.6814100e-01   8.2083400e-01   2.4602151e+00   1.0000000e+00
   8.8000000e+01   0.0000000e+00   5.2792200e-01   8.2083400e-01   2.4602151e+00   0.0000000e+00
   8.9000000e+01   1.0000000e+00   7.0953000e-01   8.2083400e-01   2.4602151e+00   0.0000000e+00
   9.0000000e+01   0.0000000e+00   5.1571500e-01   8.2083400e-01   2.4602151e+00   0.0000000e+00
   9.1000000e+01   1.0000000e+00   8.5839300e-01   8.2083400e-01   2.4602151e+00   1.0000000e+00
   9.2000000e+01   0.0000000e+00   5.6736400e-01   8.2083400e-01   2.4602151e+00   0.0000000e+00
   9.3000000e+01   1.0000000e+00   9.7941700e-01   8.2083400e-01   2.4602151e+00   0.0000000e+00
   9.4000000e+01   0.0000000e+00   5.4330100e-01   8.2083400e-01   2.4602151e+00   1.0000000e+00
   9.5000000e+01   0.0000000e+00   2.1451530e+00   8.2083400e-01   2.4602151e+00   1.0000000e+00
   9.6000000e+01   0.0000000e+00   8.3069600e-01   8.2083400e-01   2.4602151e+00   0.0000000e+00
   9.7000000e+01   0.0000000e+00   1.9242550e+00   8.2083400e-01   2.4602151e+00   1.0000000e+00
   9.8000000e+01   1.0000000e+00   5.6945700e-01   8.2083400e-01   2.4602151e+00   1.0000000e+00
   9.9000000e+01   1.0000000e+00   1.5894370e+00   8.2083400e-01   2.4602151e+00   1.0000000e+00
   1.0000000e+02   0.0000000e+00   1.1826680e+00   8.2083400e-01   2.4602151e+00   0.0000000e+00
   1.0100000e+02   0.0000000e+00   8.8631800e-01   8.2083400e-01   2.4602151e+00   1.0000000e+00
   1.0200000e+02   0.0000000e+00   4.3982700e-01   8.2083400e-01   2.4602151e+00   0.0000000e+00
   1.0300000e+02   0.0000000e+00   9.1415200e-01   8.2083400e-01   2.4602151e+00   1.0000000e+00
   1.0400000e+02   0.0000000e+00   1.2090200e+00   8.2083400e-01   2.4602151e+00   0.0000000e+00
   1.0500000e+02   1.0000000e+00   5.2228800e-01   8.2083400e-01   2.4602151e+00   0.0000000e+00
   1.0600000e+02   0.0000000e+00   6.8237500e-01   8.2083400e-01   2.4602151e+00   1.0000000e+00
   1.0700000e+02   0.0000000e+00   2.4261580e+00   8.2083400e-01   2.4602151e+00   1.0000000e+00
   1.0800000e+02   1.0000000e+00   6.4959500e-01   8.2083400e-01   2.4602151e+00   1.0000000e+00
   1.0900000e+02   0.0000000e+00   9.3896700e-01   8.2083400e-01   2.4602151e+00   1.0000000e+00
   1.1000000e+02   1.0000000e+00   9.0823700e-01   8.2083400e-01   2.4602151e+00   0.0000000e+00
   1.1100000e+02   0.0000000e+00   1.0202650e+00   8.2083400e-01   2.4602151e+00   0.0000000e+00
   1.1200000e+02   0.0000000e+00   5.1771400e-01   8.2083400e-01   2.4602151e+00   0.0000000e+00
   1.1300000e+02   0.0000000e+00   5.8698300e-01   8.2083400e-01   2.4602151e+00   0.0000000e+00
   1.1400000e+02   0.0000000e+00   5.3532500e-01   8.2083400e-01   2.4602151e+00   1.0000000e+00
   1.1500000e+02   0.0000000e+00   8.3483600e-01   8.2083400e-01   2.4602151e+00   1.0000000e+00
   1.1600000e+02   0.0000000e+00   7.1838500e-01   8.2083400e-01   2.4602151e+00   1.0000000e+00
   1.1700000e+02   0.0000000e+00   5.2127200e-01   8.2083400e-01   2.4602151e+00   1.0000000e+00
   1.1800000e+02   0.0000000e+00   4.7480300e-01   8.2083400e-01   2.4602151e+00   0.0000000e+00
   1.1900000e+02   0.0000000e+00   1.5511000e+00   8.2083400e-01   2.4602151e+00   0.0000000e+00
   1.2000000e+02   1.0000000e+00   8.2852600e-01   8.2083400e-01   2.4602151e+00   0.0000000e+00
   1.2100000e+02   0.0000000e+00   1.0143580e+00   8.2083400e-01   2.4602151e+00   1.0000000e+00
   1.2200000e+02   0.0000000e+00   6.4636400e-01   8.2083400e-01   2.4602151e+00   0.0000000e+00
   1.2300000e+02   0.0000000e+00   6.4225000e-01   8.2083400e-01   2.4602151e+00   0.0000000e+00
   1.2400000e+02   0.0000000e+00   6.4904100e-01   8.2083400e-01   2.4602151e+00   0.0000000e+00
   1.2500000e+02   0.0000000e+00   5.5747800e-01   8.2083400e-01   2.4602151e+00   0.0000000e+00
   1.2600000e+02   1.0000000e+00   1.0454200e+00   8.2083400e-01   2.4602151e+00   1.0000000e+00
   1.2700000e+02   0.0000000e+00   4.8371600e-01   8.2083400e-01   2.4602151e+00   0.0000000e+00
   1.2800000e+02   1.0000000e+00   5.9982800e-01   8.2083400e-01   2.4602151e+00   0.0000000e+00
   1.2900000e+02   0.0000000e+00   1.3955180e+00   8.2083400e-01   2.4602151e+00   1.0000000e+00
   1.3000000e+02   1.0000000e+00   7.6941500e-01   8.2083400e-01   2.4602151e+00   1.0000000e+00
   1.3100000e+02   0.0000000e+00   1.0556360e+00   8.2083400e-01   2.4602151e+00   1.0000000e+00
   1.3200000e+02   0.0000000e+00   1.3889700e+00   8.2083400e-01   2.4602151e+00   1.0000000e+00
   1.3300000e+02   0.0000000e+00   4.3605700e-01   8.2083400e-01   2.4602151e+00   1.0000000e+00
   1.3400000e+02   0.0000000e+00   8.4653500e-01   8.2083400e-01   2.4602151e+00   0.0000000e+00
   1.3500000e+02   1.0000000e+00   1.1596950e+00   8.2083400e-01   2.4602151e+00   1.0000000e+00
   1.3600000e+02   1.0000000e+00   5.0458900e-01   8.2083400e-01   2.4602151e+00   0.0000000e+00
