   1.0000000e+00   0.0000000e+00   2.5193310e+00   8.3605700e-01   2.9902537e+00   0.0000000e+00
   2.0000000e+00   0.0000000e+00   6.1754200e-01   8.3605700e-01   2.9902537e+00   0.0000000e+00
   3.0000000e+00   0.0000000e+00   1.0327540e+00   8.3605700e-01   2.9902537e+00   0.0000000e+00
   4.0000000e+00   0.0000000e+00   7.5518600e-01   8.3605700e-01   2.9902537e+00   0.0000000e+00
   5.0000000e+00   1.0000000e+00   4.9386800e-01   8.3605700e-01   2.9902537e+00   0.0000000e+00
   6.0000000e+00   0.0000000e+00   2.1870510e+00   8.3605700e-01   2.9902537e+00   1.0000000e+00
   7.0000000e+00   0.0000000e+00   2.0240630e+00   8.3605700e-01   2.9902537e+00   1.0000000e+00
   8.0000000e+00   1.0000000e+00   4.9474400e-01   8.3605700e-01   2.9902537e+00   1.0000000e+00
   9.0000000e+00   1.0000000e+00   8.4063600e-01   8.3605700e-01   2.9902537e+00   0.0000000e+00
   1.0000000e+01   0.0000000e+00   1.0696750e+00   8.3605700e-01   2.9902537e+00   0.0000000e+00
   1.1000000e+01   0.0000000e+00   6.9094300e-01   8.3605700e-01   2.9902537e+00   1.0000000e+00
   1.2000000e+01   0.0000000e+00   8.8812000e-01   8.3605700e-01   2.9902537e+00   1.0000000e+00
   1.3000000e+01   0.0000000e+00   6.4272000e-01   8.3605700e-01   2.9902537e+00   0.0000000e+00
   1.4000000e+01   1.0000000e+00   7.6832100e-01   8.3605700e-01   2.9902537e+00   1.0000000e+00
   1.5000000e+01   0.0000000e+00   1.2960430e+00   8.3605700e-01   2.9902537e+00   0.0000000e+00
   1.6000000e+01   0.0000000e+00   4.3507200e-01   8.3605700e-01   2.9902537e+00   1.0000000e+00
   1.7000000e+01   1.0000000e+00   1.2715090e+00   8.3605700e-01   2.9902537e+00   1.0000000e+00
   1.8000000e+01   0.0000000e+00   5.2529800e-01   8.3605700e-01   2.9902537e+00   1.0000000e+00
   1.9000000e+01   1.0000000e+00   1.9692940e+00   8.3605700e-01   2.9902537e+00   0.0000000e+00
   2.0000000e+01   0.0000000e+00   6.1424500e-01   8.3605700e-01   2.9902537e+00   1.0000000e+00
   2.1000000e+01   1.0000000e+00   5.5971700e-01   8.3605700e-01   2.9902537e+00   1.0000000e+00
   2.2000000e+01   0.0000000e+00   2.6279880e+00   8.3605700e-01   2.9902537e+00   1.0000000e+00
   2.3000000e+01   1.0000000e+00   1.2771260e+00   8.3605700e-01   2.9902537e+00   0.0000000e+00
   2.4000000e+01   0.0000000e+00   7.5713700e-01   8.3605700e-01   2.9902537e+00   0.0000000e+00
   2.5000000e+01   0.0000000e+00   5.7414500e-01   8.3605700e-01   2.9902537e+00   0.0000000e+00
   2.6000000e+01   0.0000000e+00   7.0646500e-01   8.3605700e-01   2.9902537e+00   1.0000000e+00
   2.7000000e+01   0.0000000e+00   1.3725680e+00   8.3605700e-01   2.9902537e+00   1.0000000e+00
   2.8000000e+01   0.0000000e+00   4.4917200e-01   8.3605700e-01   2.9902537e+00   1.0000000e+00
   2.9000000e+01   0.0000000e+00   1.5580160e+00   8.3605700e-01   2.9902537e+00   0.0000000e+00
   3.0000000e+01   1.0000000e+00   4.3610800e-01   8.3605700e-01   2.9902537e+00   1.0000000e+00
   3.1000000e+01   0.0000000e+00   7.1062100e-01   8.3605700e-01   2.9902537e+00   0.0000000e+00
   3.2000000e+01   0.0000000e+00   5.5177200e-01   8.3605700e-01   2.9902537e+00   0.0000000e+00
   3.3000000e+01   0.0000000e+00   5.3774000e-01   8.3605700e-01   2.9902537e+00   0.0000000e+00
   3.4000000e+01   0.0000000e+00   1.6485780e+00   8.3605700e-01   2.9902537e+00   1.0000000e+00
   3.5000000e+01   1.0000000e+00   1.0869900e+00   8.3605700e-01   2.9902537e+00   0.0000000e+00
   3.6000000e+01   0.0000000e+00   3.5574170e+00   8.3605700e-01   2.9902537e+00   1.0000000e+00
   3.7000000e+01   0.0000000e+00   9.5534900e-01   8.3605700e-01   2.9902537e+00   1.0000000e+00
   3.8000000e+01   0.0000000e+00   1.9675720e+00   8.3605700e-01   2.9902537e+00   1.0000000e+00
   3.9000000e+01   0.0000000e+00   1.0175700e+00   8.3605700e-01   2.9902537e+00   1.0000000e+00
   4.0000000e+01   1.0000000e+00   4.6474600e-01   8.3605700e-01   2.9902537e+00   0.0000000e+00
   4.1000000e+01   0.0000000e+00   5.8665300e-01   8.3605700e-01   2.9902537e+00   1.0000000e+00
   4.2000000e+01   1.0000000e+00   9.8887900e-01   8.3605700e-01   2.9902537e+00   1.0000000e+00
   4.3000000e+01   0.0000000e+00   4.9817800e-01   8.3605700e-01   2.9902537e+00   1.0000000e+00
   4.4000000e+01   1.0000000e+00   1.3099470e+00   8.3605700e-01   2.9902537e+00   0.0000000e+00
   4.5000000e+01   0.0000000e+00   5.8678800e-01   8.3605700e-01   2.9902537e+00   0.0000000e+00
   4.6000000e+01   0.0000000e+00   5.8277300e-01   8.3605700e-01   2.9902537e+00   1.0000000e+00
   4.7000000e+01   0.0000000e+00   7.4701500e-01   8.3605700e-01   2.9902537e+00   0.0000000e+00
   4.8000000e+01   0.0000000e+00   7.0647700e-01   8.3605700e-01   2.9902537e+00   0.0000000e+00
   4.9000000e+01   1.0000000e+00   7.8174400e-01   8.3605700e-01   2.9902537e+00   1.0000000e+00
   5.0000000e+01   0.0000000e+00   5.4146200e-01   8.3605700e-01   2.9902537e+00   1.0000000e+00
   5.1000000e+01   0.0000000e+00   1.6139910e+00   8.3605700e-01   2.9902537e+00   1.0000000e+00
   5.2000000e+01   1.0000000e+00   1.0700040e+00   8.3605700e-01   2.9902537e+00   1.0000000e+00
   5.3000000e+01   0.0000000e+00   6.1050800e-01   8.3605700e-01   2.9902537e+00   1.0000000e+00
   5.4000000e+01   0.0000000e+00   8.7838800e-01   8.3605700e-01   2.9902537e+00   0.0000000e+00
   5.5000000e+01   0.0000000e+00   8.7161600e-01   8.3605700e-01   2.9902537e+00   0.0000000e+00
   5.6000000e+01   0.0000000e+00   4.3933700e-01   8.3605700e-01   2.9902537e+00   0.0000000e+00
   5.7000000e+01   0.0000000e+00   1.7635870e+00   8.3605700e-01   2.9902537e+00   0.0000000e+00
   5.8000000e+01   1.0000000e+00   1.5908620e+00   8.3605700e-01   2.9902537e+00   0.0000000e+00
   5.9000000e+01   0.0000000e+00   5.9204400e-01   8.3605700e-01   2.9902537e+00   1.0000000e+00
   6.0000000e+01   0.0000000e+00   1.2045120e+00   8.3605700e-01   2.9902537e+00   0.0000000e+00
   6.1000000e+01   0.0000000e+00   6.1978000e-01   8.3605700e-01   2.9902537e+00   1.0000000e+00
   6.2000000e+01   1.0000000e+00   7.6415800e-01   8.3605700e-01   2.9902537e+00   1.0000000e+00
   6.3000000e+01   0.0000000e+00   7.4952700e-01   8.3605700e-01   2.9902537e+00   0.0000000e+00
   6.4000000e+01   0.0000000e+00   1.4981360e+00   8.3605700e-01   2.9902537e+00   0.0000000e+00
   6.5000000e+01   0.0000000e+00   9.4223400e-01   8.3605700e-01   2.9902537e+00   0.0000000e+00
   6.6000000e+01   0.0000000e+00   1.3339560e+00   8.3605700e-01   2.9902537e+00   1.0000000e+00
   6.7000000e+01   1.0000000e+00   5.0689700e-01   8.3605700e-01   2.9902537e+00   0.0000000e+00
   6.8000000e+01   0.0000000e+00   5.2292700e-01   8.3605700e-01   2.9902537e+00   0.0000000e+00
   6.9000000e+01   1.0000000e+00   6.6754200e-01   8.3605700e-01   2.9902537e+00   0.0000000e+00
   7.0000000e+01   0.0000000e+00   9.3417700e-01   8.3605700e-01   2.9902537e+00   1.0000000e+00
   7.1000000e+01   0.0000000e+00   7.5473800e-01   8.3605700e-01   2.9902537e+00   1.0000000e+00
   7.2000000e+01   0.0000000e+00   7.4033500e-01   8.3605700e-01   2.9902537e+00   1.0000000e+00
   7.3000000e+01   1.0000000e+00   7.0806300e-01   8.3605700e-01   2.9902537e+00   1.0000000e+00
   7.4000000e+01   0.0000000e+00   4.8698400e-01   8.3605700e-01   2.9902537e+00   0.0000000e+00
   7.5000000e+01   1.0000000e+00   8.0229000e-01   8.3605700e-01   2.9902537e+00   1.0000000e+00
   7.6000000e+01   0.0000000e+00   1.1894110e+00   8.3605700e-01   2.9902537e+00   1.0000000e+00
   7.7000000e+01   0.0000000e+00   4.7459100e-01   8.3605700e-01   2.9902537e+00   0.0000000e+00
   7.8000000e+01   1.0000000e+00   7.5162900e-01   8.3605700e-01   2.9902537e+00   0.0000000e+00
   7.9000000e+01   0.0000000e+00   4.8220200e-01   8.3605700e-01   2.9902537e+00   1.0000000e+00
   8.0000000e+01   0.0000000e+00   8.7696500e-01   8.3605700e-01   2.9902537e+00   1.0000000e+00
   8.1000000e+01   1.0000000e+00   4.7307500e-01   8.3605700e-01   2.9902537e+00   1.0000000e+00
   8.2000000e+01   0.0000000e+00   6.4602700e-01   8.3605700e-01   2.9902537e+00   0.0000000e+00
   8.3000000e+01   0.0000000e+00   7.1140600e-01   8.3605700e-01   2.9902537e+00   0.0000000e+00
   8.4000000e+01   1.0000000e+00   1.4216150e+00   8.3605700e-01   2.9902537e+00   0.0000000e+00
   8.5000000e+01   0.0000000e+00   1.9887710e+00   8.3605700e-01   2.9902537e+00   1.0000000e+00
   8.6000000e+01   0.0000000e+00   5.4528000e-01   8.3605700e-01   2.9902537e+00   1.0000000e+00
   8.7000000e+01   1.0000000e+00   1.0807000e+00   8.3605700e-01   2.9902537e+00   0.0000000e+00
   8.8000000e+01   0.0000000e+00   1.1093280e+00   8.3605700e-01   2.9902537e+00   0.0000000e+00
   8.9000000e+01   1.0000000e+00   1.1249030e+00   8.3605700e-01   2.9902537e+00   1.0000000e+00
   9.0000000e+01   0.0000000e+00   4.3848300e-01   8.3605700e-01   2.9902537e+00   0.0000000e+00
   9.1000000e+01   0.0000000e+00   5.3402700e-01   8.3605700e-01   2.9902537e+00   0.0000000e+00
   9.2000000e+01   0.0000000e+00   8.6789200e-01   8.3605700e-01   2.9902537e+00   0.0000000e+00
   9.3000000e+01   0.0000000e+00   5.6519000e-01   8.3605700e-01   2.9902537e+00   0.0000000e+00
   9.4000000e+01   1.0000000e+00   2.9870460e+00   8.3605700e-01   2.9902537e+00   0.0000000e+00
   9.5000000e+01   1.0000000e+00   4.4279000e-01   8.3605700e-01   2.9902537e+00   1.0000000e+00
   9.6000000e+01   0.0000000e+00   7.2965000e-01   8.3605700e-01   2.9902537e+00   0.0000000e+00
   9.7000000e+01   1.0000000e+00   5.1179100e-01   8.3605700e-01   2.9902537e+00   0.0000000e+00
   9.8000000e+01   0.0000000e+00   5.6688300e-01   8.3605700e-01   2.9902537e+00   1.0000000e+00
   9.9000000e+01   0.0000000e+00   7.9686300e-01   8.3605700e-01   2.9902537e+00   1.0000000e+00
   1.0000000e+02   0.0000000e+00   5.0782200e-01   8.3605700e-01   2.9902537e+00   1.0000000e+00
   1.0100000e+02   0.0000000e+00   8.3516700e-01   8.3605700e-01   2.9902537e+00   0.0000000e+00
   1.0200000e+02   1.0000000e+00   5.8810900e-01   8.3605700e-01   2.9902537e+00   1.0000000e+00
   1.0300000e+02   0.0000000e+00   5.4403000e-01   8.3605700e-01   2.9902537e+00   0.0000000e+00
   1.0400000e+02   0.0000000e+00   4.6045500e-01   8.3605700e-01   2.9902537e+00   1.0000000e+00
   1.0500000e+02   0.0000000e+00   1.0744430e+00   8.3605700e-01   2.9902537e+00   1.0000000e+00
   1.0600000e+02   0.0000000e+00   1.4875660e+00   8.3605700e-01   2.9902537e+00   0.0000000e+00
   1.0700000e+02   0.0000000e+00   1.1741160e+00   8.3605700e-01   2.9902537e+00   1.0000000e+00
   1.0800000e+02   0.0000000e+00   8.2354700e-01   8.3605700e-01   2.9902537e+00   0.0000000e+00
   1.0900000e+02   1.0000000e+00   5.9623400e-01   8.3605700e-01   2.9902537e+00   1.0000000e+00
   1.1000000e+02   0.0000000e+00   6.9057900e-01   8.3605700e-01   2.9902537e+00   0.0000000e+00
   1.1100000e+02   1.0000000e+00   4.3952300e-01   8.3605700e-01   2.9902537e+00   0.0000000e+00
   1.1200000e+02   0.0000000e+00   6.9416800e-01   8.3605700e-01   2.9902537e+00   0.0000000e+00
   1.1300000e+02   0.0000000e+00   9.3816000e-01   8.3605700e-01   2.9902537e+00   1.0000000e+00
   1.1400000e+02   0.0000000e+00   6.0763600e-01   8.3605700e-01   2.9902537e+00   1.0000000e+00
   1.1500000e+02   0.0000000e+00   9.9736600e-01   8.3605700e-01   2.9902537e+00   0.0000000e+00
   1.1600000e+02   0.0000000e+00   5.5968600e-01   8.3605700e-01   2.9902537e+00   1.0000000e+00
   1.1700000e+02   0.0000000e+00   8.8880500e-01   8.3605700e-01   2.9902537e+00   0.0000000e+00
   1.1800000e+02   1.0000000e+00   2.5394400e+00   8.3605700e-01   2.9902537e+00   1.0000000e+00
   1.1900000e+02   0.0000000e+00   7.3181800e-01   8.3605700e-01   2.9902537e+00   0.0000000e+00
   1.2000000e+02   0.0000000e+00   6.6800400e-01   8.3605700e-01   2.9902537e+00   1.0000000e+00
   1.2100000e+02   1.0000000e+00   5.8486300e-01   8.3605700e-01   2.9902537e+00   0.0000000e+00
   1.2200000e+02   1.0000000e+00   1.1041710e+00   8.3605700e-01   2.9902537e+00   0.0000000e+00
   1.2300000e+02   0.0000000e+00   9.0525400e-01   8.3605700e-01   2.9902537e+00   1.0000000e+00
   1.2400000e+02   0.0000000e+00   1.7186650e+00   8.3605700e-01   2.9902537e+00   0.0000000e+00
   1.2500000e+02   1.0000000e+00   4.5839000e-01   8.3605700e-01   2.9902537e+00   1.0000000e+00
   1.2600000e+02   0.0000000e+00   6.7888400e-01   8.3605700e-01   2.9902537e+00   1.0000000e+00
   1.2700000e+02   1.0000000e+00   7.2079700e-01   8.3605700e-01   2.9902537e+00   0.0000000e+00
   1.2800000e+02   0.0000000e+00   5.3022200e-01   8.3605700e-01   2.9902537e+00   0.0000000e+00
   1.2900000e+02   1.0000000e+00   6.8370100e-01   8.3605700e-01   2.9902537e+00   1.0000000e+00
   1.3000000e+02   0.0000000e+00   1.1623910e+00   8.3605700e-01   2.9902537e+00   0.0000000e+00
   1.3100000e+02   0.0000000e+00   1.5462890e+00   8.3605700e-01   2.9902537e+00   0.0000000e+00
   1.3200000e+02   0.0000000e+00   1.1861720e+00   8.3605700e-01   2.9902537e+00   1.0000000e+00
   1.3300000e+02   1.0000000e+00   6.0411300e-01   8.3605700e-01   2.9902537e+00   1.0000000e+00
   1.3400000e+02   0.0000000e+00   8.9785100e-01   8.3605700e-01   2.9902537e+00   1.0000000e+00
   1.3500000e+02   1.0000000e+00   5.4120400e-01   8.3605700e-01   2.9902537e+00   0.0000000e+00
   1.3600000e+02   0.0000000e+00   7.2412100e-01   8.3605700e-01   2.9902537e+00   1.0000000e+00
