   1.0000000e+00   0.0000000e+00   6.5688200e-01   8.2012100e-01   2.9771954e+00   0.0000000e+00
   2.0000000e+00   0.0000000e+00   4.5762700e-01   8.2012100e-01   2.9771954e+00   1.0000000e+00
   3.0000000e+00   0.0000000e+00   4.5628700e-01   8.2012100e-01   2.9771954e+00   1.0000000e+00
   4.0000000e+00   1.0000000e+00   1.2055160e+00   8.2012100e-01   2.9771954e+00   1.0000000e+00
   5.0000000e+00   0.0000000e+00   1.5803890e+00   8.2012100e-01   2.9771954e+00   0.0000000e+00
   6.0000000e+00   0.0000000e+00   1.3116770e+00   8.2012100e-01   2.9771954e+00   0.0000000e+00
   7.0000000e+00   0.0000000e+00   8.2547000e-01   8.2012100e-01   2.9771954e+00   1.0000000e+00
   8.0000000e+00   1.0000000e+00   7.2828600e-01   8.2012100e-01   2.9771954e+00   0.0000000e+00
   9.0000000e+00   0.0000000e+00   5.5903200e-01   8.2012100e-01   2.9771954e+00   1.0000000e+00
   1.0000000e+01   1.0000000e+00   6.0808300e-01   8.2012100e-01   2.9771954e+00   1.0000000e+00
   1.1000000e+01   1.0000000e+00   6.2339500e-01   8.2012100e-01   2.9771954e+00   0.0000000e+00
   1.2000000e+01   0.0000000e+00   1.4942590e+00   8.2012100e-01   2.9771954e+00   1.0000000e+00
   1.3000000e+01   1.0000000e+00   1.3358650e+00   8.2012100e-01   2.9771954e+00   0.0000000e+00
   1.4000000e+01   0.0000000e+00   6.3864400e-01   8.2012100e-01   2.9771954e+00   1.0000000e+00
   1.5000000e+01   1.0000000e+00   5.3810300e-01   8.2012100e-01   2.9771954e+00   1.0000000e+00
   1.6000000e+01   0.0000000e+00   9.0169900e-01   8.2012100e-01   2.9771954e+00   0.0000000e+00
   1.7000000e+01   0.0000000e+00   5.8842500e-01   8.2012100e-01   2.9771954e+00   0.0000000e+00
   1.8000000e+01   0.0000000e+00   9.3503900e-01   8.2012100e-01   2.9771954e+00   1.0000000e+00
   1.9000000e+01   1.0000000e+00   1.2635370e+00   8.2012100e-01   2.9771954e+00   0.0000000e+00
   2.0000000e+01   0.0000000e+00   5.0590600e-01   8.2012100e-01   2.9771954e+00   0.0000000e+00
   2.1000000e+01   1.0000000e+00   5.6565800e-01   8.2012100e-01   2.9771954e+00   1.0000000e+00
   2.2000000e+01   0.0000000e+00   4.4596200e-01   8.2012100e-01   2.9771954e+00   1.0000000e+00
   2.3000000e+01   0.0000000e+00   2.5032060e+00   8.2012100e-01   2.9771954e+00   0.0000000e+00
   2.4000000e+01   1.0000000e+00   1.0331050e+00   8.2012100e-01   2.9771954e+00   0.0000000e+00
   2.5000000e+01   0.0000000e+00   8.8789000e-01   8.2012100e-01   2.9771954e+00   1.0000000e+00
   2.6000000e+01   1.0000000e+00   4.9301300e-01   8.2012100e-01   2.9771954e+00   1.0000000e+00
   2.7000000e+01   1.0000000e+00   1.4330860e+00   8.2012100e-01   2.9771954e+00   1.0000000e+00
   2.8000000e+01   0.0000000e+00   9.0982500e-01   8.2012100e-01   2.9771954e+00   1.0000000e+00
   2.9000000e+01   0.0000000e+00   4.7313400e-01   8.2012100e-01   2.9771954e+00   0.0000000e+00
   3.0000000e+01   0.0000000e+00   1.6520040e+00   8.2012100e-01   2.9771954e+00   1.0000000e+00
   3.1000000e+01   0.0000000e+00   4.6014200e-01   8.2012100e-01   2.9771954e+00   0.0000000e+00
   3.2000000e+01   0.0000000e+00   9.5917900e-01   8.2012100e-01   2.9771954e+00   0.0000000e+00
   3.3000000e+01   1.0000000e+00   1.4530310e+00   8.2012100e-01   2.9771954e+00   0.0000000e+00
   3.4000000e+01   0.0000000e+00   4.3603200e-01   8.2012100e-01   2.9771954e+00   0.0000000e+00
   3.5000000e+01   0.0000000e+00   7.0782400e-01   8.2012100e-01   2.9771954e+00   1.0000000e+00
   3.6000000e+01   0.0000000e+00   1.4028900e+00   8.2012100e-01   2.9771954e+00   1.0000000e+00
   3.7000000e+01   1.0000000e+00   6.0166100e-01   8.2012100e-01   2.9771954e+00   1.0000000e+00
   3.8000000e+01   0.0000000e+00   2.5005720e+00   8.2012100e-01   2.9771954e+00   1.0000000e+00
   3.9000000e+01   0.0000000e+00   4.4474700e-01   8.2012100e-01   2.9771954e+00   0.0000000e+00
   4.0000000e+01   0.0000000e+00   4.9536800e-01   8.2012100e-01   2.9771954e+00   0.0000000e+00
   4.1000000e+01   0.0000000e+00   6.2921500e-01   8.2012100e-01   2.9771954e+00   1.0000000e+00
   4.2000000e+01   0.0000000e+00   7.3421500e-01   8.2012100e-01   2.9771954e+00   1.0000000e+00
   4.3000000e+01   1.0000000e+00   1.4016730e+00   8.2012100e-01   2.9771954e+00   0.0000000e+00
   4.4000000e+01   0.0000000e+00   3.0068280e+00   8.2012100e-01   2.9771954e+00   0.0000000e+00
   4.5000000e+01   0.0000000e+00   1.5013070e+00   8.2012100e-01   2.9771954e+00   1.0000000e+00
   4.6000000e+01   0.0000000e+00   6.7294000e-01   8.2012100e-01   2.9771954e+00   0.0000000e+00
   4.7000000e+01   0.0000000e+00   6.1736200e-01   8.2012100e-01   2.9771954e+00   0.0000000e+00
   4.8000000e+01   0.0000000e+00   5.3704800e-01   8.2012100e-01   2.9771954e+00   0.0000000e+00
   4.9000000e+01   0.0000000e+00   1.0691810e+00   8.2012100e-01   2.9771954e+00   1.0000000e+00
   5.0000000e+01   1.0000000e+00   6.4244100e-01   8.2012100e-01   2.9771954e+00   0.0000000e+00
   5.1000000e+01   0.0000000e+00   4.4282200e-01   8.2012100e-01   2.9771954e+00   1.0000000e+00
   5.2000000e+01   1.0000000e+00   8.7826900e-01   8.2012100e-01   2.9771954e+00   1.0000000e+00
   5.3000000e+01   0.0000000e+00   6.3578500e-01   8.2012100e-01   2.9771954e+00   1.0000000e+00
   5.4000000e+01   0.0000000e+00   4.9741100e-01   8.2012100e-01   2.9771954e+00   1.0000000e+00
   5.5000000e+01   0.0000000e+00   9.6977200e-01   8.2012100e-01   2.9771954e+00   1.0000000e+00
   5.6000000e+01   1.0000000e+00   6.1832800e-01   8.2012100e-01   2.9771954e+00   0.0000000e+00
   5.7000000e+01   0.0000000e+00   4.9511400e-01   8.2012100e-01   2.9771954e+00   0.0000000e+00
   5.8000000e+01   1.0000000e+00   8.5478100e-01   8.2012100e-01   2.9771954e+00   1.0000000e+00
   5.9000000e+01   0.0000000e+00   9.5246700e-01   8.2012100e-01   2.9771954e+00   0.0000000e+00
   6.0000000e+01   0.0000000e+00   2.7823950e+00   8.2012100e-01   2.9771954e+00   1.0000000e+00
   6.1000000e+01   0.0000000e+00   5.0356200e-01   8.2012100e-01   2.9771954e+00   0.0000000e+00
   6.2000000e+01   1.0000000e+00   1.6576170e+00   8.2012100e-01   2.9771954e+00   1.0000000e+00
   6.3000000e+01   0.0000000e+00   4.8707700e-01   8.2012100e-01   2.9771954e+00   0.0000000e+00
   6.4000000e+01   0.0000000e+00   7.2670100e-01   8.2012100e-01   2.9771954e+00   0.0000000e+00
   6.5000000e+01   1.0000000e+00   5.2280300e-01   8.2012100e-01   2.9771954e+00   0.0000000e+00
   6.6000000e+01   0.0000000e+00   5.8313400e-01   8.2012100e-01   2.9771954e+00   0.0000000e+00
   6.7000000e+01   1.0000000e+00   4.7508200e-01   8.2012100e-01   2.9771954e+00   0.0000000e+00
   6.8000000e+01   0.0000000e+00   9.1714400e-01   8.2012100e-01   2.9771954e+00   1.0000000e+00
   6.9000000e+01   0.0000000e+00   1.1472640e+00   8.2012100e-01   2.9771954e+00   1.0000000e+00
   7.0000000e+01   1.0000000e+00   1.5352050e+00   8.2012100e-01   2.9771954e+00   1.0000000e+00
   7.1000000e+01   0.0000000e+00   4.5182800e-01   8.2012100e-01   2.9771954e+00   0.0000000e+00
   7.2000000e+01   0.0000000e+00   7.1978500e-01   8.2012100e-01   2.9771954e+00   1.0000000e+00
   7.3000000e+01   0.0000000e+00   4.6948900e-01   8.2012100e-01   2.9771954e+00   1.0000000e+00
   7.4000000e+01   0.0000000e+00   5.0644500e-01   8.2012100e-01   2.9771954e+00   0.0000000e+00
   7.5000000e+01   1.0000000e+00   8.7603600e-01   8.2012100e-01   2.9771954e+00   0.0000000e+00
   7.6000000e+01   0.0000000e+00   4.4175800e-01   8.2012100e-01   2.9771954e+00   0.0000000e+00
   7.7000000e+01   0.0000000e+00   1.3519190e+00   8.2012100e-01   2.9771954e+00   1.0000000e+00
   7.8000000e+01   0.0000000e+00   7.4580100e-01   8.2012100e-01   2.9771954e+00   0.0000000e+00
   7.9000000e+01   1.0000000e+00   4.6519500e-01   8.2012100e-01   2.9771954e+00   1.0000000e+00
   8.0000000e+01   0.0000000e+00   4.4970400e-01   8.2012100e-01   2.9771954e+00   0.0000000e+00
   8.1000000e+01   0.0000000e+00   5.5686900e-01   8.2012100e-01   2.9771954e+00   0.0000000e+00
   8.2000000e+01   1.0000000e+00   4.6850500e-01   8.2012100e-01   2.9771954e+00   1.0000000e+00
   8.3000000e+01   0.0000000e+00   1.8429910e+00   8.2012100e-01   2.9771954e+00   0.0000000e+00
   8.4000000e+01   0.0000000e+00   5.1473400e-01   8.2012100e-01   2.9771954e+00   0.0000000e+00
   8.5000000e+01   0.0000000e+00   9.3881000e-01   8.2012100e-01   2.9771954e+00   1.0000000e+00
   8.6000000e+01   1.0000000e+00   6.3499000e-01   8.2012100e-01   2.9771954e+00   0.0000000e+00
   8.7000000e+01   0.0000000e+00   2.4002210e+00   8.2012100e-01   2.9771954e+00   0.0000000e+00
   8.8000000e+01   0.0000000e+00   1.5409510e+00   8.2012100e-01   2.9771954e+00   1.0000000e+00
   8.9000000e+01   0.0000000e+00   1.0666710e+00   8.2012100e-01   2.9771954e+00   1.0000000e+00
   9.0000000e+01   0.0000000e+00   6.2883700e-01   8.2012100e-01   2.9771954e+00   0.0000000e+00
   9.1000000e+01   0.0000000e+00   6.2499900e-01   8.2012100e-01   2.9771954e+00   1.0000000e+00
   9.2000000e+01   1.0000000e+00   4.4008700e-01   8.2012100e-01   2.9771954e+00   1.0000000e+00
   9.3000000e+01   0.0000000e+00   8.3393900e-01   8.2012100e-01   2.9771954e+00   1.0000000e+00
   9.4000000e+01   0.0000000e+00   5.7837300e-01   8.2012100e-01   2.9771954e+00   0.0000000e+00
   9.5000000e+01   0.0000000e+00   6.5406000e-01   8.2012100e-01   2.9771954e+00   0.0000000e+00
   9.6000000e+01   0.0000000e+00   5.0863400e-01   8.2012100e-01   2.9771954e+00   1.0000000e+00
   9.7000000e+01   1.0000000e+00   7.1892300e-01   8.2012100e-01   2.9771954e+00   0.0000000e+00
   9.8000000e+01   0.0000000e+00   2.8998660e+00   8.2012100e-01   2.9771954e+00   1.0000000e+00
   9.9000000e+01   1.0000000e+00   9.9252900e-01   8.2012100e-01   2.9771954e+00   1.0000000e+00
   1.0000000e+02   1.0000000e+00   4.7162800e-01   8.2012100e-01   2.9771954e+00   0.0000000e+00
   1.0100000e+02   0.0000000e+00   4.4283000e-01   8.2012100e-01   2.9771954e+00   1.0000000e+00
   1.0200000e+02   0.0000000e+00   6.6589500e-01   8.2012100e-01   2.9771954e+00   0.0000000e+00
   1.0300000e+02   0.0000000e+00   1.2317180e+00   8.2012100e-01   2.9771954e+00   1.0000000e+00
   1.0400000e+02   0.0000000e+00   6.2940700e-01   8.2012100e-01   2.9771954e+00   0.0000000e+00
   1.0500000e+02   0.0000000e+00   9.7055800e-01   8.2012100e-01   2.9771954e+00   1.0000000e+00
   1.0600000e+02   0.0000000e+00   5.1779400e-01   8.2012100e-01   2.9771954e+00   0.0000000e+00
   1.0700000e+02   1.0000000e+00   1.5477900e+00   8.2012100e-01   2.9771954e+00   0.0000000e+00
   1.0800000e+02   0.0000000e+00   1.4578490e+00   8.2012100e-01   2.9771954e+00   0.0000000e+00
   1.0900000e+02   0.0000000e+00   8.7449200e-01   8.2012100e-01   2.9771954e+00   0.0000000e+00
   1.1000000e+02   0.0000000e+00   5.6500400e-01   8.2012100e-01   2.9771954e+00   0.0000000e+00
   1.1100000e+02   0.0000000e+00   5.2277100e-01   8.2012100e-01   2.9771954e+00   1.0000000e+00
   1.1200000e+02   0.0000000e+00   1.2471380e+00   8.2012100e-01   2.9771954e+00   1.0000000e+00
   1.1300000e+02   1.0000000e+00   1.5451970e+00   8.2012100e-01   2.9771954e+00   1.0000000e+00
   1.1400000e+02   0.0000000e+00   1.0253790e+00   8.2012100e-01   2.9771954e+00   1.0000000e+00
   1.1500000e+02   0.0000000e+00   5.6020500e-01   8.2012100e-01   2.9771954e+00   1.0000000e+00
   1.1600000e+02   0.0000000e+00   6.7695900e-01   8.2012100e-01   2.9771954e+00   1.0000000e+00
   1.1700000e+02   1.0000000e+00   6.0212500e-01   8.2012100e-01   2.9771954e+00   0.0000000e+00
   1.1800000e+02   0.0000000e+00   8.8453600e-01   8.2012100e-01   2.9771954e+00   1.0000000e+00
   1.1900000e+02   0.0000000e+00   8.0076300e-01   8.2012100e-01   2.9771954e+00   1.0000000e+00
   1.2000000e+02   1.0000000e+00   3.0789640e+00   8.2012100e-01   2.9771954e+00   1.0000000e+00
   1.2100000e+02   0.0000000e+00   6.9065000e-01   8.2012100e-01   2.9771954e+00   1.0000000e+00
   1.2200000e+02   1.0000000e+00   4.4849500e-01   8.2012100e-01   2.9771954e+00   1.0000000e+00
   1.2300000e+02   0.0000000e+00   6.1334400e-01   8.2012100e-01   2.9771954e+00   0.0000000e+00
   1.2400000e+02   0.0000000e+00   1.0842710e+00   8.2012100e-01   2.9771954e+00   0.0000000e+00
   1.2500000e+02   0.0000000e+00   5.1613500e-01   8.2012100e-01   2.9771954e+00   0.0000000e+00
   1.2600000e+02   0.0000000e+00   2.0127050e+00   8.2012100e-01   2.9771954e+00   0.0000000e+00
   1.2700000e+02   1.0000000e+00   8.2357700e-01   8.2012100e-01   2.9771954e+00   0.0000000e+00
   1.2800000e+02   0.0000000e+00   9.2591600e-01   8.2012100e-01   2.9771954e+00   0.0000000e+00
   1.2900000e+02   0.0000000e+00   3.0735550e+00   8.2012100e-01   2.9771954e+00   1.0000000e+00
   1.3000000e+02   1.0000000e+00   5.1213700e-01   8.2012100e-01   2.9771954e+00   1.0000000e+00
   1.3100000e+02   0.0000000e+00   8.8663300e-01   8.2012100e-01   2.9771954e+00   0.0000000e+00
   1.3200000e+02   0.0000000e+00   1.2006190e+00   8.2012100e-01   2.9771954e+00   0.0000000e+00
   1.3300000e+02   1.0000000e+00   8.0431000e-01   8.2012100e-01   2.9771954e+00   0.0000000e+00
   1.3400000e+02   0.0000000e+00   4.3589800e-01   8.2012100e-01   2.9771954e+00   1.0000000e+00
   1.3500000e+02   1.0000000e+00   7.7969800e-01   8.2012100e-01   2.9771954e+00   0.0000000e+00
   1.3600000e+02   1.0000000e+00   1.1427130e+00   8.2012100e-01   2.9771954e+00   1.0000000e+00
