   1.0000000e+00   0.0000000e+00   3.0410130e+00   8.2045500e-01   3.3164152e+00   0.0000000e+00
   2.0000000e+00   0.0000000e+00   4.5620500e-01   8.2045500e-01   3.3164152e+00   0.0000000e+00
   3.0000000e+00   0.0000000e+00   4.4078200e-01   8.2045500e-01   3.3164152e+00   1.0000000e+00
   4.0000000e+00   1.0000000e+00   5.0462200e-01   8.2045500e-01   3.3164152e+00   0.0000000e+00
   5.0000000e+00   0.0000000e+00   1.3903260e+00   8.2045500e-01   3.3164152e+00   0.0000000e+00
   6.0000000e+00   1.0000000e+00   5.5172700e-01   8.2045500e-01   3.3164152e+00   1.0000000e+00
   7.0000000e+00   0.0000000e+00   6.2707000e-01   8.2045500e-01   3.3164152e+00   0.0000000e+00
   8.0000000e+00   0.0000000e+00   1.6717660e+00   8.2045500e-01   3.3164152e+00   0.0000000e+00
   9.0000000e+00   1.0000000e+00   7.6987700e-01   8.2045500e-01   3.3164152e+00   0.0000000e+00
   1.0000000e+01   0.0000000e+00   7.9547100e-01   8.2045500e-01   3.3164152e+00   1.0000000e+00
   1.1000000e+01   1.0000000e+00   7.7413000e-01   8.2045500e-01   3.3164152e+00   1.0000000e+00
   1.2000000e+01   0.0000000e+00   4.8116700e-01   8.2045500e-01   3.3164152e+00   0.0000000e+00
   1.3000000e+01   0.0000000e+00   4.8816800e-01   8.2045500e-01   3.3164152e+00   0.0000000e+00
   1.4000000e+01   1.0000000e+00   5.6688100e-01   8.2045500e-01   3.3164152e+00   1.0000000e+00
   1.5000000e+01   0.0000000e+00   1.2787240e+00   8.2045500e-01   3.3164152e+00   1.0000000e+00
   1.6000000e+01   1.0000000e+00   8.1568300e-01   8.2045500e-01   3.3164152e+00   0.0000000e+00
   1.7000000e+01   0.0000000e+00   1.2013120e+00   8.2045500e-01   3.3164152e+00   1.0000000e+00
   1.8000000e+01   0.0000000e+00   4.8837600e-01   8.2045500e-01   3.3164152e+00   1.0000000e+00
   1.9000000e+01   0.0000000e+00   5.6333800e-01   8.2045500e-01   3.3164152e+00   1.0000000e+00
   2.0000000e+01   0.0000000e+00   6.9779800e-01   8.2045500e-01   3.3164152e+00   1.0000000e+00
   2.1000000e+01   0.0000000e+00   9.3305300e-01   8.2045500e-01   3.3164152e+00   0.0000000e+00
   2.2000000e+01   1.0000000e+00   9.3763800e-01   8.2045500e-01   3.3164152e+00   1.0000000e+00
   2.3000000e+01   1.0000000e+00   1.0001300e+00   8.2045500e-01   3.3164152e+00   0.0000000e+00
   2.4000000e+01   0.0000000e+00   5.4948100e-01   8.2045500e-01   3.3164152e+00   1.0000000e+00
   2.5000000e+01   1.0000000e+00   6.0861400e-01   8.2045500e-01   3.3164152e+00   1.0000000e+00
   2.6000000e+01   0.0000000e+00   7.4165100e-01   8.2045500e-01   3.3164152e+00   0.0000000e+00
   2.7000000e+01   0.0000000e+00   8.7998400e-01   8.2045500e-01   3.3164152e+00   1.0000000e+00
   2.8000000e+01   0.0000000e+00   1.1076600e+00   8.2045500e-01   3.3164152e+00   1.0000000e+00
   2.9000000e+01   0.0000000e+00   2.0583580e+00   8.2045500e-01   3.3164152e+00   0.0000000e+00
   3.0000000e+01   0.0000000e+00   8.8819800e-01   8.2045500e-01   3.3164152e+00   1.0000000e+00
   3.1000000e+01   0.0000000e+00   5.5362100e-01   8.2045500e-01   3.3164152e+00   0.0000000e+00
   3.2000000e+01   1.0000000e+00   9.6711800e-01   8.2045500e-01   3.3164152e+00   0.0000000e+00
   3.3000000e+01   0.0000000e+00   6.9579900e-01   8.2045500e-01   3.3164152e+00   0.0000000e+00
   3.4000000e+01   0.0000000e+00   1.5239370e+00   8.2045500e-01   3.3164152e+00   1.0000000e+00
   3.5000000e+01   0.0000000e+00   5.2798600e-01   8.2045500e-01   3.3164152e+00   1.0000000e+00
   3.6000000e+01   1.0000000e+00   1.1588120e+00   8.2045500e-01   3.3164152e+00   0.0000000e+00
   3.7000000e+01   0.0000000e+00   5.0269200e-01   8.2045500e-01   3.3164152e+00   1.0000000e+00
   3.8000000e+01   1.0000000e+00   1.1814790e+00   8.2045500e-01   3.3164152e+00   1.0000000e+00
   3.9000000e+01   0.0000000e+00   7.6898900e-01   8.2045500e-01   3.3164152e+00   1.0000000e+00
   4.0000000e+01   1.0000000e+00   6.2597000e-01   8.2045500e-01   3.3164152e+00   0.0000000e+00
   4.1000000e+01   0.0000000e+00   2.1347830e+00   8.2045500e-01   3.3164152e+00   1.0000000e+00
   4.2000000e+01   0.0000000e+00   6.8640600e-01   8.2045500e-01   3.3164152e+00   1.0000000e+00
   4.3000000e+01   0.0000000e+00   1.0103350e+00   8.2045500e-01   3.3164152e+00   1.0000000e+00
   4.4000000e+01   0.0000000e+00   1.5138910e+00   8.2045500e-01   3.3164152e+00   0.0000000e+00
   4.5000000e+01   0.0000000e+00   2.3462380e+00   8.2045500e-01   3.3164152e+00   1.0000000e+00
   4.6000000e+01   0.0000000e+00   7.8157400e-01   8.2045500e-01   3.3164152e+00   0.0000000e+00
   4.7000000e+01   0.0000000e+00   4.7935300e-01   8.2045500e-01   3.3164152e+00   0.0000000e+00
   4.8000000e+01   0.0000000e+00   9.1156500e-01   8.2045500e-01   3.3164152e+00   0.0000000e+00
   4.9000000e+01   1.0000000e+00   4.4274700e-01   8.2045500e-01   3.3164152e+00   1.0000000e+00
   5.0000000e+01   1.0000000e+00   1.3128190e+00   8.2045500e-01   3.3164152e+00   1.0000000e+00
   5.1000000e+01   0.0000000e+00   6.1890600e-01   8.2045500e-01   3.3164152e+00   0.0000000e+00
   5.2000000e+01   0.0000000e+00   1.1476450e+00   8.2045500e-01   3.3164152e+00   1.0000000e+00
   5.3000000e+01   1.0000000e+00   1.1080230e+00   8.2045500e-01   3.3164152e+00   0.0000000e+00
   5.4000000e+01   0.0000000e+00   7.6622200e-01   8.2045500e-01   3.3164152e+00   0.0000000e+00
   5.5000000e+01   0.0000000e+00   4.4235700e-01   8.2045500e-01   3.3164152e+00   0.0000000e+00
   5.6000000e+01   0.0000000e+00   1.0084420e+00   8.2045500e-01   3.3164152e+00   0.0000000e+00
   5.7000000e+01   1.0000000e+00   5.0150900e-01   8.2045500e-01   3.3164152e+00   1.0000000e+00
   5.8000000e+01   0.0000000e+00   1.0038250e+00   8.2045500e-01   3.3164152e+00   0.0000000e+00
   5.9000000e+01   0.0000000e+00   5.3791200e-01   8.2045500e-01   3.3164152e+00   1.0000000e+00
   6.0000000e+01   0.0000000e+00   7.1399300e-01   8.2045500e-01   3.3164152e+00   0.0000000e+00
   6.1000000e+01   0.0000000e+00   1.0690530e+00   8.2045500e-01   3.3164152e+00   0.0000000e+00
   6.2000000e+01   1.0000000e+00   2.0944810e+00   8.2045500e-01   3.3164152e+00   0.0000000e+00
   6.3000000e+01   1.0000000e+00   1.3868040e+00   8.2045500e-01   3.3164152e+00   0.0000000e+00
   6.4000000e+01   0.0000000e+00   7.4910600e-01   8.2045500e-01   3.3164152e+00   1.0000000e+00
   6.5000000e+01   0.0000000e+00   9.8977200e-01   8.2045500e-01   3.3164152e+00   1.0000000e+00
   6.6000000e+01   0.0000000e+00   2.2088180e+00   8.2045500e-01   3.3164152e+00   1.0000000e+00
   6.7000000e+01   0.0000000e+00   1.4106640e+00   8.2045500e-01   3.3164152e+00   0.0000000e+00
   6.8000000e+01   1.0000000e+00   7.2324900e-01   8.2045500e-01   3.3164152e+00   1.0000000e+00
   6.9000000e+01   0.0000000e+00   1.0539720e+00   8.2045500e-01   3.3164152e+00   0.0000000e+00
   7.0000000e+01   0.0000000e+00   8.2343300e-01   8.2045500e-01   3.3164152e+00   0.0000000e+00
   7.1000000e+01   0.0000000e+00   5.8114800e-01   8.2045500e-01   3.3164152e+00   1.0000000e+00
   7.2000000e+01   0.0000000e+00   1.1319890e+00   8.2045500e-01   3.3164152e+00   0.0000000e+00
   7.3000000e+01   0.0000000e+00   4.5740800e-01   8.2045500e-01   3.3164152e+00   1.0000000e+00
   7.4000000e+01   0.0000000e+00   5.4550700e-01   8.2045500e-01   3.3164152e+00   1.0000000e+00
   7.5000000e+01   1.0000000e+00   4.5991900e-01   8.2045500e-01   3.3164152e+00   1.0000000e+00
   7.6000000e+01   0.0000000e+00   1.5748010e+00   8.2045500e-01   3.3164152e+00   0.0000000e+00
   7.7000000e+01   1.0000000e+00   6.7772500e-01   8.2045500e-01   3.3164152e+00   0.0000000e+00
   7.8000000e+01   0.0000000e+00   6.9978400e-01   8.2045500e-01   3.3164152e+00   0.0000000e+00
   7.9000000e+01   0.0000000e+00   1.0204800e+00   8.2045500e-01   3.3164152e+00   0.0000000e+00
   8.0000000e+01   0.0000000e+00   7.7346600e-01   8.2045500e-01   3.3164152e+00   1.0000000e+00
   8.1000000e+01   1.0000000e+00   7.9696800e-01   8.2045500e-01   3.3164152e+00   1.0000000e+00
   8.2000000e+01   0.0000000e+00   8.6260800e-01   8.2045500e-01   3.3164152e+00   0.0000000e+00
   8.3000000e+01   1.0000000e+00   7.2346600e-01   8.2045500e-01   3.3164152e+00   0.0000000e+00
   8.4000000e+01   0.0000000e+00   1.3144390e+00   8.2045500e-01   3.3164152e+00   1.0000000e+00
   8.5000000e+01   0.0000000e+00   4.5731700e-01   8.2045500e-01   3.3164152e+00   0.0000000e+00
   8.6000000e+01   1.0000000e+00   9.3918700e-01   8.2045500e-01   3.3164152e+00   0.0000000e+00
   8.7000000e+01   0.0000000e+00   9.6233200e-01   8.2045500e-01   3.3164152e+00   1.0000000e+00
   8.8000000e+01   0.0000000e+00   5.5027600e-01   8.2045500e-01   3.3164152e+00   0.0000000e+00
   8.9000000e+01   0.0000000e+00   1.2256690e+00   8.2045500e-01   3.3164152e+00   1.0000000e+00
   9.0000000e+01   0.0000000e+00   7.0223400e-01   8.2045500e-01   3.3164152e+00   1.0000000e+00
   9.1000000e+01   1.0000000e+00   1.5723140e+00   8.2045500e-01   3.3164152e+00   1.0000000e+00
   9.2000000e+01   0.0000000e+00   5.3584600e-01   8.2045500e-01   3.3164152e+00   0.0000000e+00
   9.3000000e+01   0.0000000e+00   8.0124400e-01   8.2045500e-01   3.3164152e+00   1.0000000e+00
   9.4000000e+01   0.0000000e+00   1.0248470e+00   8.2045500e-01   3.3164152e+00   0.0000000e+00
   9.5000000e+01   0.0000000e+00   5.1314500e-01   8.2045500e-01   3.3164152e+00   1.0000000e+00
   9.6000000e+01   1.0000000e+00   1.6953340e+00   8.2045500e-01   3.3164152e+00   0.0000000e+00
   9.7000000e+01   0.0000000e+00   1.0537950e+00   8.2045500e-01   3.3164152e+00   1.0000000e+00
   9.8000000e+01   0.0000000e+00   6.7378100e-01   8.2045500e-01   3.3164152e+00   0.0000000e+00
   9.9000000e+01   0.0000000e+00   9.7097500e-01   8.2045500e-01   3.3164152e+00   1.0000000e+00
   1.0000000e+02   1.0000000e+00   1.1653320e+00   8.2045500e-01   3.3164152e+00   1.0000000e+00
   1.0100000e+02   0.0000000e+00   6.4791100e-01   8.2045500e-01   3.3164152e+00   1.0000000e+00
   1.0200000e+02   1.0000000e+00   4.5972200e-01   8.2045500e-01   3.3164152e+00   0.0000000e+00
   1.0300000e+02   0.0000000e+00   5.9689700e-01   8.2045500e-01   3.3164152e+00   1.0000000e+00
   1.0400000e+02   0.0000000e+00   6.2647900e-01   8.2045500e-01   3.3164152e+00   1.0000000e+00
   1.0500000e+02   1.0000000e+00   8.7532400e-01   8.2045500e-01   3.3164152e+00   1.0000000e+00
   1.0600000e+02   0.0000000e+00   4.6363600e-01   8.2045500e-01   3.3164152e+00   0.0000000e+00
   1.0700000e+02   1.0000000e+00   9.2021100e-01   8.2045500e-01   3.3164152e+00   1.0000000e+00
   1.0800000e+02   0.0000000e+00   6.1296900e-01   8.2045500e-01   3.3164152e+00   1.0000000e+00
   1.0900000e+02   1.0000000e+00   1.4090710e+00   8.2045500e-01   3.3164152e+00   0.0000000e+00
   1.1000000e+02   0.0000000e+00   1.1694220e+00   8.2045500e-01   3.3164152e+00   0.0000000e+00
   1.1100000e+02   0.0000000e+00   4.5741600e-01   8.2045500e-01   3.3164152e+00   1.0000000e+00
   1.1200000e+02   1.0000000e+00   2.9969190e+00   8.2045500e-01   3.3164152e+00   1.0000000e+00
   1.1300000e+02   0.0000000e+00   4.5192400e-01   8.2045500e-01   3.3164152e+00   0.0000000e+00
   1.1400000e+02   0.0000000e+00   1.2556590e+00   8.2045500e-01   3.3164152e+00   1.0000000e+00
   1.1500000e+02   0.0000000e+00   9.5507200e-01   8.2045500e-01   3.3164152e+00   1.0000000e+00
   1.1600000e+02   1.0000000e+00   5.5117100e-01   8.2045500e-01   3.3164152e+00   0.0000000e+00
   1.1700000e+02   0.0000000e+00   6.7522500e-01   8.2045500e-01   3.3164152e+00   0.0000000e+00
   1.1800000e+02   1.0000000e+00   6.8733700e-01   8.2045500e-01   3.3164152e+00   0.0000000e+00
   1.1900000e+02   0.0000000e+00   6.8250700e-01   8.2045500e-01   3.3164152e+00   0.0000000e+00
   1.2000000e+02   0.0000000e+00   1.9697880e+00   8.2045500e-01   3.3164152e+00   0.0000000e+00
   1.2100000e+02   0.0000000e+00   1.0965680e+00   8.2045500e-01   3.3164152e+00   0.0000000e+00
   1.2200000e+02   1.0000000e+00   1.6008290e+00   8.2045500e-01   3.3164152e+00   1.0000000e+00
   1.2300000e+02   0.0000000e+00   5.2334800e-01   8.2045500e-01   3.3164152e+00   0.0000000e+00
   1.2400000e+02   0.0000000e+00   5.2500500e-01   8.2045500e-01   3.3164152e+00   0.0000000e+00
   1.2500000e+02   1.0000000e+00   6.5511100e-01   8.2045500e-01   3.3164152e+00   0.0000000e+00
   1.2600000e+02   0.0000000e+00   5.9458400e-01   8.2045500e-01   3.3164152e+00   1.0000000e+00
   1.2700000e+02   0.0000000e+00   5.7464200e-01   8.2045500e-01   3.3164152e+00   1.0000000e+00
   1.2800000e+02   1.0000000e+00   7.7365400e-01   8.2045500e-01   3.3164152e+00   1.0000000e+00
   1.2900000e+02   0.0000000e+00   6.8856900e-01   8.2045500e-01   3.3164152e+00   0.0000000e+00
   1.3000000e+02   1.0000000e+00   2.2277650e+00   8.2045500e-01   3.3164152e+00   1.0000000e+00
   1.3100000e+02   0.0000000e+00   1.0484330e+00   8.2045500e-01   3.3164152e+00   0.0000000e+00
   1.3200000e+02   0.0000000e+00   8.9330800e-01   8.2045500e-01   3.3164152e+00   0.0000000e+00
   1.3300000e+02   0.0000000e+00   1.0380320e+00   8.2045500e-01   3.3164152e+00   1.0000000e+00
   1.3400000e+02   0.0000000e+00   5.7641300e-01   8.2045500e-01   3.3164152e+00   1.0000000e+00
   1.3500000e+02   0.0000000e+00   6.5107900e-01   8.2045500e-01   3.3164152e+00   1.0000000e+00
   1.3600000e+02   1.0000000e+00   9.7115800e-01   8.2045500e-01   3.3164152e+00   0.0000000e+00
