   1.0000000e+00   0.0000000e+00   2.0960190e+00   8.2161600e-01   2.8535207e+00   1.0000000e+00
   2.0000000e+00   0.0000000e+00   5.3450000e-01   8.2161600e-01   2.8535207e+00   0.0000000e+00
   3.0000000e+00   1.0000000e+00   5.0398600e-01   8.2161600e-01   2.8535207e+00   1.0000000e+00
   4.0000000e+00   0.0000000e+00   7.5208100e-01   8.2161600e-01   2.8535207e+00   0.0000000e+00
   5.0000000e+00   0.0000000e+00   2.6446340e+00   8.2161600e-01   2.8535207e+00   1.0000000e+00
   6.0000000e+00   1.0000000e+00   4.5715900e-01   8.2161600e-01   2.8535207e+00   0.0000000e+00
   7.0000000e+00   0.0000000e+00   8.8033100e-01   8.2161600e-01   2.8535207e+00   1.0000000e+00
   8.0000000e+00   0.0000000e+00   1.0853390e+00   8.2161600e-01   2.8535207e+00   0.0000000e+00
   9.0000000e+00   1.0000000e+00   1.0974160e+00   8.2161600e-01   2.8535207e+00   1.0000000e+00
   1.0000000e+01   0.0000000e+00   5.2815900e-01   8.2161600e-01   2.8535207e+00   1.0000000e+00
   1.1000000e+01   0.0000000e+00   1.1670840e+00   8.2161600e-01   2.8535207e+00   1.0000000e+00
   1.2000000e+01   1.0000000e+00   5.7333500e-01   8.2161600e-01   2.8535207e+00   0.0000000e+00
   1.3000000e+01   0.0000000e+00   5.0040900e-01   8.2161600e-01   2.8535207e+00   1.0000000e+00
   1.4000000e+01   0.0000000e+00   1.5635140e+00   8.2161600e-01   2.8535207e+00   0.0000000e+00
   1.5000000e+01   0.0000000e+00   9.9339700e-01   8.2161600e-01   2.8535207e+00   1.0000000e+00
   1.6000000e+01   0.0000000e+00   4.9500600e-01   8.2161600e-01   2.8535207e+00   1.0000000e+00
   1.7000000e+01   1.0000000e+00   5.2808000e-01   8.2161600e-01   2.8535207e+00   0.0000000e+00
   1.8000000e+01   0.0000000e+00   7.1108400e-01   8.2161600e-01   2.8535207e+00   0.0000000e+00
   1.9000000e+01   1.0000000e+00   5.8104400e-01   8.2161600e-01   2.8535207e+00   1.0000000e+00
   2.0000000e+01   0.0000000e+00   7.9911600e-01   8.2161600e-01   2.8535207e+00   0.0000000e+00
   2.1000000e+01   0.0000000e+00   6.8097000e-01   8.2161600e-01   2.8535207e+00   0.0000000e+00
   2.2000000e+01   0.0000000e+00   5.3890300e-01   8.2161600e-01   2.8535207e+00   1.0000000e+00
   2.3000000e+01   0.0000000e+00   9.0894600e-01   8.2161600e-01   2.8535207e+00   0.0000000e+00
   2.4000000e+01   1.0000000e+00   1.5740510e+00   8.2161600e-01   2.8535207e+00   0.0000000e+00
   2.5000000e+01   0.0000000e+00   5.8140500e-01   8.2161600e-01   2.8535207e+00   0.0000000e+00
   2.6000000e+01   0.0000000e+00   5.4995800e-01   8.2161600e-01   2.8535207e+00   1.0000000e+00
   2.7000000e+01   0.0000000e+00   3.1090550e+00   8.2161600e-01   2.8535207e+00   0.0000000e+00
   2.8000000e+01   1.0000000e+00   8.1958600e-01   8.2161600e-01   2.8535207e+00   1.0000000e+00
   2.9000000e+01   0.0000000e+00   8.4287200e-01   8.2161600e-01   2.8535207e+00   0.0000000e+00
   3.0000000e+01   1.0000000e+00   1.3294070e+00   8.2161600e-01   2.8535207e+00   0.0000000e+00
   3.1000000e+01   0.0000000e+00   1.6555580e+00   8.2161600e-01   2.8535207e+00   1.0000000e+00
   3.2000000e+01   1.0000000e+00   1.9523390e+00   8.2161600e-01   2.8535207e+00   1.0000000e+00
   3.3000000e+01   0.0000000e+00   1.4190090e+00   8.2161600e-01   2.8535207e+00   0.0000000e+00
   3.4000000e+01   0.0000000e+00   6.4467200e-01   8.2161600e-01   2.8535207e+00   1.0000000e+00
   3.5000000e+01   0.0000000e+00   9.3986900e-01   8.2161600e-01   2.8535207e+00   0.0000000e+00
   3.6000000e+01   1.0000000e+00   8.8901500e-01   8.2161600e-01   2.8535207e+00   1.0000000e+00
   3.7000000e+01   0.0000000e+00   1.3959150e+00   8.2161600e-01   2.8535207e+00   0.0000000e+00
   3.8000000e+01   1.0000000e+00   5.3945400e-01   8.2161600e-01   2.8535207e+00   0.0000000e+00
   3.9000000e+01   0.0000000e+00   1.7208220e+00   8.2161600e-01   2.8535207e+00   1.0000000e+00
   4.0000000e+01   1.0000000e+00   5.3843200e-01   8.2161600e-01   2.8535207e+00   1.0000000e+00
   4.1000000e+01   0.0000000e+00   7.3121900e-01   8.2161600e-01   2.8535207e+00   1.0000000e+00
   4.2000000e+01   1.0000000e+00   6.6685100e-01   8.2161600e-01   2.8535207e+00   0.0000000e+00
   4.3000000e+01   1.0000000e+00   4.7112700e-01   8.2161600e-01   2.8535207e+00   0.0000000e+00
   4.4000000e+01   0.0000000e+00   7.6033600e-01   8.2161600e-01   2.8535207e+00   1.0000000e+00
   4.5000000e+01   0.0000000e+00   4.4155900e-01   8.2161600e-01   2.8535207e+00   0.0000000e+00
   4.6000000e+01   0.0000000e+00   9.5703500e-01   8.2161600e-01   2.8535207e+00   0.0000000e+00
   4.7000000e+01   0.0000000e+00   9.9059600e-01   8.2161600e-01   2.8535207e+00   1.0000000e+00
   4.8000000e+01   0.0000000e+00   6.5997300e-01   8.2161600e-01   2.8535207e+00   0.0000000e+00
   4.9000000e+01   0.0000000e+00   5.0566900e-01   8.2161600e-01   2.8535207e+00   1.0000000e+00
   5.0000000e+01   0.0000000e+00   5.5153200e-01   8.2161600e-01   2.8535207e+00   1.0000000e+00
   5.1000000e+01   0.0000000e+00   7.6713500e-01   8.2161600e-01   2.8535207e+00   1.0000000e+00
   5.2000000e+01   1.0000000e+00   5.5662800e-01   8.2161600e-01   2.8535207e+00   1.0000000e+00
   5.3000000e+01   0.0000000e+00   7.5610400e-01   8.2161600e-01   2.8535207e+00   0.0000000e+00
   5.4000000e+01   0.0000000e+00   5.7326500e-01   8.2161600e-01   2.8535207e+00   0.0000000e+00
   5.5000000e+01   0.0000000e+00   4.4824300e-01   8.2161600e-01   2.8535207e+00   1.0000000e+00
   5.6000000e+01   0.0000000e+00   6.2663500e-01   8.2161600e-01   2.8535207e+00   0.0000000e+00
   5.7000000e+01   1.0000000e+00   6.1358600e-01   8.2161600e-01   2.8535207e+00   0.0000000e+00
   5.8000000e+01   1.0000000e+00   7.7024200e-01   8.2161600e-01   2.8535207e+00   1.0000000e+00
   5.9000000e+01   0.0000000e+00   1.4020780e+00   8.2161600e-01   2.8535207e+00   1.0000000e+00
   6.0000000e+01   0.0000000e+00   5.4753100e-01   8.2161600e-01   2.8535207e+00   1.0000000e+00
   6.1000000e+01   0.0000000e+00   2.4984130e+00   8.2161600e-01   2.8535207e+00   0.0000000e+00
   6.2000000e+01   1.0000000e+00   1.1562500e+00   8.2161600e-01   2.8535207e+00   1.0000000e+00
   6.3000000e+01   0.0000000e+00   5.4697900e-01   8.2161600e-01   2.8535207e+00   1.0000000e+00
   6.4000000e+01   0.0000000e+00   4.4749900e-01   8.2161600e-01   2.8535207e+00   0.0000000e+00
   6.5000000e+01   0.0000000e+00   1.5450070e+00   8.2161600e-01   2.8535207e+00   0.0000000e+00
   6.6000000e+01   0.0000000e+00   7.8873000e-01   8.2161600e-01   2.8535207e+00   1.0000000e+00
   6.7000000e+01   1.0000000e+00   5.5248300e-01   8.2161600e-01   2.8535207e+00   0.0000000e+00
   6.8000000e+01   0.0000000e+00   5.6125400e-01   8.2161600e-01   2.8535207e+00   0.0000000e+00
   6.9000000e+01   0.0000000e+00   9.0346900e-01   8.2161600e-01   2.8535207e+00   1.0000000e+00
   7.0000000e+01   1.0000000e+00   7.2574100e-01   8.2161600e-01   2.8535207e+00   0.0000000e+00
   7.1000000e+01   0.0000000e+00   8.9562600e-01   8.2161600e-01   2.8535207e+00   0.0000000e+00
   7.2000000e+01   1.0000000e+00   1.3170840e+00   8.2161600e-01   2.8535207e+00   1.0000000e+00
   7.3000000e+01   0.0000000e+00   6.8361100e-01   8.2161600e-01   2.8535207e+00   0.0000000e+00
   7.4000000e+01   1.0000000e+00   1.0200140e+00   8.2161600e-01   2.8535207e+00   0.0000000e+00
   7.5000000e+01   0.0000000e+00   6.8862200e-01   8.2161600e-01   2.8535207e+00   0.0000000e+00
   7.6000000e+01   0.0000000e+00   8.6314800e-01   8.2161600e-01   2.8535207e+00   1.0000000e+00
   7.7000000e+01   0.0000000e+00   7.3735600e-01   8.2161600e-01   2.8535207e+00   0.0000000e+00
   7.8000000e+01   1.0000000e+00   1.5309900e+00   8.2161600e-01   2.8535207e+00   1.0000000e+00
   7.9000000e+01   0.0000000e+00   4.5070000e-01   8.2161600e-01   2.8535207e+00   0.0000000e+00
   8.0000000e+01   0.0000000e+00   1.7879270e+00   8.2161600e-01   2.8535207e+00   1.0000000e+00
   8.1000000e+01   0.0000000e+00   4.7273400e-01   8.2161600e-01   2.8535207e+00   1.0000000e+00
   8.2000000e+01   0.0000000e+00   7.5909000e-01   8.2161600e-01   2.8535207e+00   1.0000000e+00
   8.3000000e+01   1.0000000e+00   4.8594400e-01   8.2161600e-01   2.8535207e+00   1.0000000e+00
   8.4000000e+01   0.0000000e+00   1.1471280e+00   8.2161600e-01   2.8535207e+00   0.0000000e+00
   8.5000000e+01   0.0000000e+00   7.9165300e-01   8.2161600e-01   2.8535207e+00   0.0000000e+00
   8.6000000e+01   0.0000000e+00   9.5421700e-01   8.2161600e-01   2.8535207e+00   1.0000000e+00
   8.7000000e+01   0.0000000e+00   1.8411840e+00   8.2161600e-01   2.8535207e+00   0.0000000e+00
   8.8000000e+01   0.0000000e+00   1.5850180e+00   8.2161600e-01   2.8535207e+00   1.0000000e+00
   8.9000000e+01   0.0000000e+00   8.8600700e-01   8.2161600e-01   2.8535207e+00   1.0000000e+00
   9.0000000e+01   0.0000000e+00   1.3614330e+00   8.2161600e-01   2.8535207e+00   1.0000000e+00
   9.1000000e+01   0.0000000e+00   5.1009300e-01   8.2161600e-01   2.8535207e+00   1.0000000e+00
   9.2000000e+01   1.0000000e+00   1.1240570e+00   8.2161600e-01   2.8535207e+00   0.0000000e+00
   9.3000000e+01   0.0000000e+00   6.2590400e-01   8.2161600e-01   2.8535207e+00   0.0000000e+00
   9.4000000e+01   1.0000000e+00   6.0030900e-01   8.2161600e-01   2.8535207e+00   1.0000000e+00
   9.5000000e+01   0.0000000e+00   7.8882100e-01   8.2161600e-01   2.8535207e+00   0.0000000e+00
   9.6000000e+01   0.0000000e+00   1.3007320e+00   8.2161600e-01   2.8535207e+00   0.0000000e+00
   9.7000000e+01   0.0000000e+00   4.8886200e-01   8.2161600e-01   2.8535207e+00   1.0000000e+00
   9.8000000e+01   1.0000000e+00   6.0056400e-01   8.2161600e-01   2.8535207e+00   0.0000000e+00
   9.9000000e+01   0.0000000e+00   6.6004200e-01   8.2161600e-01   2.8535207e+00   1.0000000e+00
   1.0000000e+02   1.0000000e+00   4.7812500e-01   8.2161600e-01   2.8535207e+00   1.0000000e+00
   1.0100000e+02   1.0000000e+00   1.6858380e+00   8.2161600e-01   2.8535207e+00   0.0000000e+00
   1.0200000e+02   0.0000000e+00   6.7669200e-01   8.2161600e-01   2.8535207e+00   0.0000000e+00
   1.0300000e+02   0.0000000e+00   1.8788910e+00   8.2161600e-01   2.8535207e+00   1.0000000e+00
   1.0400000e+02   0.0000000e+00   5.4179000e-01   8.2161600e-01   2.8535207e+00   0.0000000e+00
   1.0500000e+02   0.0000000e+00   1.0004020e+00   8.2161600e-01   2.8535207e+00   1.0000000e+00
   1.0600000e+02   0.0000000e+00   6.4015900e-01   8.2161600e-01   2.8535207e+00   0.0000000e+00
   1.0700000e+02   1.0000000e+00   7.0649800e-01   8.2161600e-01   2.8535207e+00   0.0000000e+00
   1.0800000e+02   0.0000000e+00   1.1494120e+00   8.2161600e-01   2.8535207e+00   1.0000000e+00
   1.0900000e+02   1.0000000e+00   5.0101200e-01   8.2161600e-01   2.8535207e+00   1.0000000e+00
   1.1000000e+02   0.0000000e+00   1.0960460e+00   8.2161600e-01   2.8535207e+00   1.0000000e+00
   1.1100000e+02   0.0000000e+00   7.0028100e-01   8.2161600e-01   2.8535207e+00   1.0000000e+00
   1.1200000e+02   0.0000000e+00   6.7301800e-01   8.2161600e-01   2.8535207e+00   0.0000000e+00
   1.1300000e+02   0.0000000e+00   6.4526100e-01   8.2161600e-01   2.8535207e+00   0.0000000e+00
   1.1400000e+02   0.0000000e+00   9.8092300e-01   8.2161600e-01   2.8535207e+00   0.0000000e+00
   1.1500000e+02   1.0000000e+00   7.9383400e-01   8.2161600e-01   2.8535207e+00   0.0000000e+00
   1.1600000e+02   0.0000000e+00   5.1848400e-01   8.2161600e-01   2.8535207e+00   1.0000000e+00
   1.1700000e+02   0.0000000e+00   7.3531700e-01   8.2161600e-01   2.8535207e+00   1.0000000e+00
   1.1800000e+02   1.0000000e+00   7.1757200e-01   8.2161600e-01   2.8535207e+00   1.0000000e+00
   1.1900000e+02   0.0000000e+00   1.8844170e+00   8.2161600e-01   2.8535207e+00   1.0000000e+00
   1.2000000e+02   1.0000000e+00   8.7310600e-01   8.2161600e-01   2.8535207e+00   1.0000000e+00
   1.2100000e+02   0.0000000e+00   7.7338300e-01   8.2161600e-01   2.8535207e+00   1.0000000e+00
   1.2200000e+02   0.0000000e+00   1.0518730e+00   8.2161600e-01   2.8535207e+00   0.0000000e+00
   1.2300000e+02   1.0000000e+00   2.4810520e+00   8.2161600e-01   2.8535207e+00   0.0000000e+00
   1.2400000e+02   0.0000000e+00   5.2107000e-01   8.2161600e-01   2.8535207e+00   0.0000000e+00
   1.2500000e+02   1.0000000e+00   5.3063400e-01   8.2161600e-01   2.8535207e+00   1.0000000e+00
   1.2600000e+02   0.0000000e+00   1.2082070e+00   8.2161600e-01   2.8535207e+00   0.0000000e+00
   1.2700000e+02   0.0000000e+00   1.5382870e+00   8.2161600e-01   2.8535207e+00   0.0000000e+00
   1.2800000e+02   0.0000000e+00   1.5812960e+00   8.2161600e-01   2.8535207e+00   0.0000000e+00
   1.2900000e+02   0.0000000e+00   5.9838900e-01   8.2161600e-01   2.8535207e+00   1.0000000e+00
   1.3000000e+02   0.0000000e+00   1.0679830e+00   8.2161600e-01   2.8535207e+00   0.0000000e+00
   1.3100000e+02   0.0000000e+00   2.2896570e+00   8.2161600e-01   2.8535207e+00   0.0000000e+00
   1.3200000e+02   0.0000000e+00   5.8227500e-01   8.2161600e-01   2.8535207e+00   1.0000000e+00
   1.3300000e+02   1.0000000e+00   5.2074500e-01   8.2161600e-01   2.8535207e+00   0.0000000e+00
   1.3400000e+02   0.0000000e+00   5.9313300e-01   8.2161600e-01   2.8535207e+00   1.0000000e+00
   1.3500000e+02   1.0000000e+00   7.3181300e-01   8.2161600e-01   2.8535207e+00   0.0000000e+00
   1.3600000e+02   1.0000000e+00   6.0915000e-01   8.2161600e-01   2.8535207e+00   1.0000000e+00
