   1.0000000e+00   0.0000000e+00   2.7674990e+00   8.3694400e-01   3.1612905e+00   0.0000000e+00
   2.0000000e+00   0.0000000e+00   9.7890400e-01   8.3694400e-01   3.1612905e+00   1.0000000e+00
   3.0000000e+00   0.0000000e+00   1.0912390e+00   8.3694400e-01   3.1612905e+00   0.0000000e+00
   4.0000000e+00   0.0000000e+00   7.4206000e-01   8.3694400e-01   3.1612905e+00   0.0000000e+00
   5.0000000e+00   0.0000000e+00   9.6842100e-01   8.3694400e-01   3.1612905e+00   0.0000000e+00
   6.0000000e+00   0.0000000e+00   7.3231200e-01   8.3694400e-01   3.1612905e+00   1.0000000e+00
   7.0000000e+00   0.0000000e+00   6.4150900e-01   8.3694400e-01   3.1612905e+00   0.0000000e+00
   8.0000000e+00   1.0000000e+00   9.4342000e-01   8.3694400e-01   3.1612905e+00   1.0000000e+00
   9.0000000e+00   0.0000000e+00   1.1518100e+00   8.3694400e-01   3.1612905e+00   0.0000000e+00
   1.0000000e+01   1.0000000e+00   1.2225160e+00   8.3694400e-01   3.1612905e+00   0.0000000e+00
   1.1000000e+01   0.0000000e+00   8.8134500e-01   8.3694400e-01   3.1612905e+00   0.0000000e+00
   1.2000000e+01   0.0000000e+00   6.0875900e-01   8.3694400e-01   3.1612905e+00   0.0000000e+00
   1.3000000e+01   1.0000000e+00   8.8938100e-01   8.3694400e-01   3.1612905e+00   1.0000000e+00
   1.4000000e+01   0.0000000e+00   4.9140300e-01   8.3694400e-01   3.1612905e+00   1.0000000e+00
   1.5000000e+01   1.0000000e+00   2.0835700e+00   8.3694400e-01   3.1612905e+00   0.0000000e+00
   1.6000000e+01   0.0000000e+00   4.7107400e-01   8.3694400e-01   3.1612905e+00   0.0000000e+00
   1.7000000e+01   1.0000000e+00   5.2200700e-01   8.3694400e-01   3.1612905e+00   0.0000000e+00
   1.8000000e+01   0.0000000e+00   1.5295920e+00   8.3694400e-01   3.1612905e+00   0.0000000e+00
   1.9000000e+01   0.0000000e+00   2.0182630e+00   8.3694400e-01   3.1612905e+00   1.0000000e+00
   2.0000000e+01   0.0000000e+00   4.4605600e-01   8.3694400e-01   3.1612905e+00   1.0000000e+00
   2.1000000e+01   0.0000000e+00   1.7113240e+00   8.3694400e-01   3.1612905e+00   1.0000000e+00
   2.2000000e+01   1.0000000e+00   9.3052100e-01   8.3694400e-01   3.1612905e+00   1.0000000e+00
   2.3000000e+01   0.0000000e+00   1.2343120e+00   8.3694400e-01   3.1612905e+00   1.0000000e+00
   2.4000000e+01   0.0000000e+00   8.2279500e-01   8.3694400e-01   3.1612905e+00   1.0000000e+00
   2.5000000e+01   0.0000000e+00   9.4060100e-01   8.3694400e-01   3.1612905e+00   1.0000000e+00
   2.6000000e+01   1.0000000e+00   8.3167300e-01   8.3694400e-01   3.1612905e+00   0.0000000e+00
   2.7000000e+01   0.0000000e+00   5.0548800e-01   8.3694400e-01   3.1612905e+00   0.0000000e+00
   2.8000000e+01   0.0000000e+00   5.9237300e-01   8.3694400e-01   3.1612905e+00   1.0000000e+00
   2.9000000e+01   0.0000000e+00   5.8350500e-01   8.3694400e-01   3.1612905e+00   1.0000000e+00
   3.0000000e+01   0.0000000e+00   1.1148020e+00   8.3694400e-01   3.1612905e+00   1.0000000e+00
   3.1000000e+01   1.0000000e+00   1.0203120e+00   8.3694400e-01   3.1612905e+00   1.0000000e+00
   3.2000000e+01   0.0000000e+00   1.1403990e+00   8.3694400e-01   3.1612905e+00   1.0000000e+00
   3.3000000e+01   1.0000000e+00   5.0697000e-01   8.3694400e-01   3.1612905e+00   0.0000000e+00
   3.4000000e+01   0.0000000e+00   8.3987500e-01   8.3694400e-01   3.1612905e+00   0.0000000e+00
   3.5000000e+01   1.0000000e+00   8.4225400e-01   8.3694400e-01   3.1612905e+00   1.0000000e+00
   3.6000000e+01   0.0000000e+00   4.6383800e-01   8.3694400e-01   3.1612905e+00   1.0000000e+00
   3.7000000e+01   0.0000000e+00   1.2809550e+00   8.3694400e-01   3.1612905e+00   0.0000000e+00
   3.8000000e+01   0.0000000e+00   1.4114150e+00   8.3694400e-01   3.1612905e+00   1.0000000e+00
   3.9000000e+01   0.0000000e+00   7.8528400e-01   8.3694400e-01   3.1612905e+00   0.0000000e+00
   4.0000000e+01   0.0000000e+00   6.1565100e-01   8.3694400e-01   3.1612905e+00   1.0000000e+00
   4.1000000e+01   1.0000000e+00   8.8033300e-01   8.3694400e-01   3.1612905e+00   1.0000000e+00
   4.2000000e+01   0.0000000e+00   7.4120300e-01   8.3694400e-01   3.1612905e+00   0.0000000e+00
   4.3000000e+01   0.0000000e+00   7.6263200e-01   8.3694400e-01   3.1612905e+00   1.0000000e+00
   4.4000000e+01   1.0000000e+00   9.1647400e-01   8.3694400e-01   3.1612905e+00   0.0000000e+00
   4.5000000e+01   0.0000000e+00   6.3884000e-01   8.3694400e-01   3.1612905e+00   0.0000000e+00
   4.6000000e+01   0.0000000e+00   6.9466700e-01   8.3694400e-01   3.1612905e+00   0.0000000e+00
   4.7000000e+01   1.0000000e+00   5.8425800e-01   8.3694400e-01   3.1612905e+00   1.0000000e+00
   4.8000000e+01   1.0000000e+00   7.2356800e-01   8.3694400e-01   3.1612905e+00   0.0000000e+00
   4.9000000e+01   0.0000000e+00   8.4977500e-01   8.3694400e-01   3.1612905e+00   0.0000000e+00
   5.0000000e+01   0.0000000e+00   5.0290300e-01   8.3694400e-01   3.1612905e+00   1.0000000e+00
   5.1000000e+01   0.0000000e+00   4.4614700e-01   8.3694400e-01   3.1612905e+00   1.0000000e+00
   5.2000000e+01   0.0000000e+00   1.0056670e+00   8.3694400e-01   3.1612905e+00   1.0000000e+00
   5.3000000e+01   0.0000000e+00   1.3308240e+00   8.3694400e-01   3.1612905e+00   0.0000000e+00
   5.4000000e+01   0.0000000e+00   1.3867230e+00   8.3694400e-01   3.1612905e+00   0.0000000e+00
   5.5000000e+01   1.0000000e+00   5.1243700e-01   8.3694400e-01   3.1612905e+00   0.0000000e+00
   5.6000000e+01   0.0000000e+00   4.6511600e-01   8.3694400e-01   3.1612905e+00   1.0000000e+00
   5.7000000e+01   1.0000000e+00   4.4746700e-01   8.3694400e-01   3.1612905e+00   1.0000000e+00
   5.8000000e+01   0.0000000e+00   5.2842200e-01   8.3694400e-01   3.1612905e+00   1.0000000e+00
   5.9000000e+01   0.0000000e+00   7.0708100e-01   8.3694400e-01   3.1612905e+00   1.0000000e+00
   6.0000000e+01   0.0000000e+00   6.1098000e-01   8.3694400e-01   3.1612905e+00   0.0000000e+00
   6.1000000e+01   1.0000000e+00   1.0148170e+00   8.3694400e-01   3.1612905e+00   0.0000000e+00
   6.2000000e+01   1.0000000e+00   5.6516300e-01   8.3694400e-01   3.1612905e+00   1.0000000e+00
   6.3000000e+01   0.0000000e+00   1.1576560e+00   8.3694400e-01   3.1612905e+00   0.0000000e+00
   6.4000000e+01   1.0000000e+00   1.6879970e+00   8.3694400e-01   3.1612905e+00   1.0000000e+00
   6.5000000e+01   0.0000000e+00   5.8747900e-01   8.3694400e-01   3.1612905e+00   0.0000000e+00
   6.6000000e+01   0.0000000e+00   1.0940850e+00   8.3694400e-01   3.1612905e+00   1.0000000e+00
   6.7000000e+01   0.0000000e+00   6.8413100e-01   8.3694400e-01   3.1612905e+00   0.0000000e+00
   6.8000000e+01   0.0000000e+00   5.0423000e-01   8.3694400e-01   3.1612905e+00   0.0000000e+00
   6.9000000e+01   1.0000000e+00   1.5995980e+00   8.3694400e-01   3.1612905e+00   0.0000000e+00
   7.0000000e+01   0.0000000e+00   1.1608540e+00   8.3694400e-01   3.1612905e+00   0.0000000e+00
   7.1000000e+01   1.0000000e+00   8.5216200e-01   8.3694400e-01   3.1612905e+00   0.0000000e+00
   7.2000000e+01   0.0000000e+00   1.7071110e+00   8.3694400e-01   3.1612905e+00   0.0000000e+00
   7.3000000e+01   0.0000000e+00   6.9538900e-01   8.3694400e-01   3.1612905e+00   0.0000000e+00
   7.4000000e+01   1.0000000e+00   1.5195220e+00   8.3694400e-01   3.1612905e+00   1.0000000e+00
   7.5000000e+01   0.0000000e+00   5.5688600e-01   8.3694400e-01   3.1612905e+00   1.0000000e+00
   7.6000000e+01   1.0000000e+00   5.2009800e-01   8.3694400e-01   3.1612905e+00   0.0000000e+00
   7.7000000e+01   0.0000000e+00   4.5734800e-01   8.3694400e-01   3.1612905e+00   1.0000000e+00
   7.8000000e+01   1.0000000e+00   8.8815200e-01   8.3694400e-01   3.1612905e+00   1.0000000e+00
   7.9000000e+01   0.0000000e+00   5.7944300e-01   8.3694400e-01   3.1612905e+00   0.0000000e+00
   8.0000000e+01   0.0000000e+00   6.7283100e-01   8.3694400e-01   3.1612905e+00   1.0000000e+00
   8.1000000e+01   1.0000000e+00   1.8606200e+00   8.3694400e-01   3.1612905e+00   1.0000000e+00
   8.2000000e+01   0.0000000e+00   4.8254900e-01   8.3694400e-01   3.1612905e+00   0.0000000e+00
   8.3000000e+01   0.0000000e+00   1.0952760e+00   8.3694400e-01   3.1612905e+00   0.0000000e+00
   8.4000000e+01   0.0000000e+00   1.9019720e+00   8.3694400e-01   3.1612905e+00   0.0000000e+00
   8.5000000e+01   1.0000000e+00   8.6332300e-01   8.3694400e-01   3.1612905e+00   0.0000000e+00
   8.6000000e+01   0.0000000e+00   4.8617500e-01   8.3694400e-01   3.1612905e+00   0.0000000e+00
   8.7000000e+01   0.0000000e+00   1.0122770e+00   8.3694400e-01   3.1612905e+00   0.0000000e+00
   8.8000000e+01   0.0000000e+00   7.4271600e-01   8.3694400e-01   3.1612905e+00   1.0000000e+00
   8.9000000e+01   0.0000000e+00   4.5999200e-01   8.3694400e-01   3.1612905e+00   0.0000000e+00
   9.0000000e+01   0.0000000e+00   5.9818700e-01   8.3694400e-01   3.1612905e+00   0.0000000e+00
   9.1000000e+01   0.0000000e+00   1.6777820e+00   8.3694400e-01   3.1612905e+00   1.0000000e+00
   9.2000000e+01   0.0000000e+00   1.3745990e+00   8.3694400e-01   3.1612905e+00   1.0000000e+00
   9.3000000e+01   1.0000000e+00   1.0344240e+00   8.3694400e-01   3.1612905e+00   1.0000000e+00
   9.4000000e+01   0.0000000e+00   9.9883100e-01   8.3694400e-01   3.1612905e+00   1.0000000e+00
   9.5000000e+01   0.0000000e+00   1.1109480e+00   8.3694400e-01   3.1612905e+00   0.0000000e+00
   9.6000000e+01   0.0000000e+00   2.2291040e+00   8.3694400e-01   3.1612905e+00   1.0000000e+00
   9.7000000e+01   0.0000000e+00   8.3608900e-01   8.3694400e-01   3.1612905e+00   1.0000000e+00
   9.8000000e+01   1.0000000e+00   6.4783600e-01   8.3694400e-01   3.1612905e+00   0.0000000e+00
   9.9000000e+01   0.0000000e+00   1.0269100e+00   8.3694400e-01   3.1612905e+00   1.0000000e+00
   1.0000000e+02   0.0000000e+00   6.4287400e-01   8.3694400e-01   3.1612905e+00   1.0000000e+00
   1.0100000e+02   1.0000000e+00   1.4758790e+00   8.3694400e-01   3.1612905e+00   1.0000000e+00
   1.0200000e+02   0.0000000e+00   1.6904930e+00   8.3694400e-01   3.1612905e+00   1.0000000e+00
   1.0300000e+02   1.0000000e+00   9.8772800e-01   8.3694400e-01   3.1612905e+00   0.0000000e+00
   1.0400000e+02   0.0000000e+00   7.2515800e-01   8.3694400e-01   3.1612905e+00   1.0000000e+00
   1.0500000e+02   0.0000000e+00   6.6590600e-01   8.3694400e-01   3.1612905e+00   0.0000000e+00
   1.0600000e+02   1.0000000e+00   1.4375740e+00   8.3694400e-01   3.1612905e+00   0.0000000e+00
   1.0700000e+02   0.0000000e+00   1.2699320e+00   8.3694400e-01   3.1612905e+00   1.0000000e+00
   1.0800000e+02   0.0000000e+00   1.1358690e+00   8.3694400e-01   3.1612905e+00   1.0000000e+00
   1.0900000e+02   1.0000000e+00   6.1566200e-01   8.3694400e-01   3.1612905e+00   1.0000000e+00
   1.1000000e+02   0.0000000e+00   5.3275800e-01   8.3694400e-01   3.1612905e+00   0.0000000e+00
   1.1100000e+02   0.0000000e+00   5.4568400e-01   8.3694400e-01   3.1612905e+00   0.0000000e+00
   1.1200000e+02   0.0000000e+00   8.9416300e-01   8.3694400e-01   3.1612905e+00   1.0000000e+00
   1.1300000e+02   1.0000000e+00   8.6629300e-01   8.3694400e-01   3.1612905e+00   0.0000000e+00
   1.1400000e+02   0.0000000e+00   1.2619030e+00   8.3694400e-01   3.1612905e+00   1.0000000e+00
   1.1500000e+02   1.0000000e+00   8.1469000e-01   8.3694400e-01   3.1612905e+00   1.0000000e+00
   1.1600000e+02   0.0000000e+00   4.8411000e-01   8.3694400e-01   3.1612905e+00   0.0000000e+00
   1.1700000e+02   1.0000000e+00   1.0273610e+00   8.3694400e-01   3.1612905e+00   1.0000000e+00
   1.1800000e+02   0.0000000e+00   9.5518200e-01   8.3694400e-01   3.1612905e+00   0.0000000e+00
   1.1900000e+02   0.0000000e+00   1.8754550e+00   8.3694400e-01   3.1612905e+00   0.0000000e+00
   1.2000000e+02   1.0000000e+00   5.1592700e-01   8.3694400e-01   3.1612905e+00   0.0000000e+00
   1.2100000e+02   0.0000000e+00   1.0618060e+00   8.3694400e-01   3.1612905e+00   1.0000000e+00
   1.2200000e+02   0.0000000e+00   7.1265800e-01   8.3694400e-01   3.1612905e+00   1.0000000e+00
   1.2300000e+02   0.0000000e+00   8.4153100e-01   8.3694400e-01   3.1612905e+00   0.0000000e+00
   1.2400000e+02   0.0000000e+00   5.0588300e-01   8.3694400e-01   3.1612905e+00   0.0000000e+00
   1.2500000e+02   0.0000000e+00   5.7618900e-01   8.3694400e-01   3.1612905e+00   1.0000000e+00
   1.2600000e+02   1.0000000e+00   4.8350900e-01   8.3694400e-01   3.1612905e+00   1.0000000e+00
   1.2700000e+02   1.0000000e+00   7.7833200e-01   8.3694400e-01   3.1612905e+00   0.0000000e+00
   1.2800000e+02   0.0000000e+00   9.5458900e-01   8.3694400e-01   3.1612905e+00   1.0000000e+00
   1.2900000e+02   0.0000000e+00   8.8772600e-01   8.3694400e-01   3.1612905e+00   1.0000000e+00
   1.3000000e+02   0.0000000e+00   4.6088000e-01   8.3694400e-01   3.1612905e+00   0.0000000e+00
   1.3100000e+02   0.0000000e+00   8.8923300e-01   8.3694400e-01   3.1612905e+00   1.0000000e+00
   1.3200000e+02   0.0000000e+00   1.1767210e+00   8.3694400e-01   3.1612905e+00   1.0000000e+00
   1.3300000e+02   0.0000000e+00   1.3188810e+00   8.3694400e-01   3.1612905e+00   0.0000000e+00
   1.3400000e+02   0.0000000e+00   1.2547080e+00   8.3694400e-01   3.1612905e+00   0.0000000e+00
   1.3500000e+02   1.0000000e+00   1.0744360e+00   8.3694400e-01   3.1612905e+00   0.0000000e+00
   1.3600000e+02   1.0000000e+00   7.2675700e-01   8.3694400e-01   3.1612905e+00   1.0000000e+00
