   1.0000000e+00   0.0000000e+00   5.1462500e-01   8.2581000e-01   2.9614572e+00   0.0000000e+00
   2.0000000e+00   0.0000000e+00   6.2245100e-01   8.2581000e-01   2.9614572e+00   1.0000000e+00
   3.0000000e+00   1.0000000e+00   8.8799100e-01   8.2581000e-01   2.9614572e+00   0.0000000e+00
   4.0000000e+00   0.0000000e+00   4.9150800e-01   8.2581000e-01   2.9614572e+00   0.0000000e+00
   5.0000000e+00   1.0000000e+00   9.8427000e-01   8.2581000e-01   2.9614572e+00   1.0000000e+00
   6.0000000e+00   0.0000000e+00   1.7223730e+00   8.2581000e-01   2.9614572e+00   1.0000000e+00
   7.0000000e+00   1.0000000e+00   7.9829400e-01   8.2581000e-01   2.9614572e+00   0.0000000e+00
   8.0000000e+00   0.0000000e+00   4.4548100e-01   8.2581000e-01   2.9614572e+00   1.0000000e+00
   9.0000000e+00   1.0000000e+00   1.2754340e+00   8.2581000e-01   2.9614572e+00   1.0000000e+00
   1.0000000e+01   0.0000000e+00   9.3862800e-01   8.2581000e-01   2.9614572e+00   0.0000000e+00
   1.1000000e+01   0.0000000e+00   1.5904320e+00   8.2581000e-01   2.9614572e+00   1.0000000e+00
   1.2000000e+01   1.0000000e+00   1.1923390e+00   8.2581000e-01   2.9614572e+00   1.0000000e+00
   1.3000000e+01   0.0000000e+00   8.5616400e-01   8.2581000e-01   2.9614572e+00   0.0000000e+00
   1.4000000e+01   0.0000000e+00   4.4960600e-01   8.2581000e-01   2.9614572e+00   1.0000000e+00
   1.5000000e+01   0.0000000e+00   7.9735000e-01   8.2581000e-01   2.9614572e+00   1.0000000e+00
   1.6000000e+01   0.0000000e+00   1.0464670e+00   8.2581000e-01   2.9614572e+00   0.0000000e+00
   1.7000000e+01   1.0000000e+00   1.1074810e+00   8.2581000e-01   2.9614572e+00   0.0000000e+00
   1.8000000e+01   0.0000000e+00   6.6431900e-01   8.2581000e-01   2.9614572e+00   0.0000000e+00
   1.9000000e+01   1.0000000e+00   6.6280800e-01   8.2581000e-01   2.9614572e+00   1.0000000e+00
   2.0000000e+01   0.0000000e+00   1.2088330e+00   8.2581000e-01   2.9614572e+00   0.0000000e+00
   2.1000000e+01   0.0000000e+00   8.0923200e-01   8.2581000e-01   2.9614572e+00   1.0000000e+00
   2.2000000e+01   1.0000000e+00   9.0101300e-01   8.2581000e-01   2.9614572e+00   0.0000000e+00
   2.3000000e+01   0.0000000e+00   1.1729120e+00   8.2581000e-01   2.9614572e+00   1.0000000e+00
   2.4000000e+01   0.0000000e+00   4.8257100e-01   8.2581000e-01   2.9614572e+00   0.0000000e+00
   2.5000000e+01   1.0000000e+00   1.9985250e+00   8.2581000e-01   2.9614572e+00   1.0000000e+00
   2.6000000e+01   0.0000000e+00   7.9166100e-01   8.2581000e-01   2.9614572e+00   0.0000000e+00
   2.7000000e+01   0.0000000e+00   1.0447230e+00   8.2581000e-01   2.9614572e+00   0.0000000e+00
   2.8000000e+01   1.0000000e+00   4.7116800e-01   8.2581000e-01   2.9614572e+00   0.0000000e+00
   2.9000000e+01   1.0000000e+00   6.8330100e-01   8.2581000e-01   2.9614572e+00   0.0000000e+00
   3.0000000e+01   0.0000000e+00   7.8574300e-01   8.2581000e-01   2.9614572e+00   1.0000000e+00
   3.1000000e+01   0.0000000e+00   5.8650700e-01   8.2581000e-01   2.9614572e+00   1.0000000e+00
   3.2000000e+01   0.0000000e+00   2.0433740e+00   8.2581000e-01   2.9614572e+00   1.0000000e+00
   3.3000000e+01   0.0000000e+00   1.0892180e+00   8.2581000e-01   2.9614572e+00   1.0000000e+00
   3.4000000e+01   0.0000000e+00   2.0686060e+00   8.2581000e-01   2.9614572e+00   0.0000000e+00
   3.5000000e+01   0.0000000e+00   2.1341090e+00   8.2581000e-01   2.9614572e+00   1.0000000e+00
   3.6000000e+01   0.0000000e+00   5.8396000e-01   8.2581000e-01   2.9614572e+00   1.0000000e+00
   3.7000000e+01   0.0000000e+00   5.1306200e-01   8.2581000e-01   2.9614572e+00   0.0000000e+00
   3.8000000e+01   1.0000000e+00   4.7687300e-01   8.2581000e-01   2.9614572e+00   1.0000000e+00
   3.9000000e+01   0.0000000e+00   1.7146310e+00   8.2581000e-01   2.9614572e+00   1.0000000e+00
   4.0000000e+01   0.0000000e+00   5.2177700e-01   8.2581000e-01   2.9614572e+00   0.0000000e+00
   4.1000000e+01   1.0000000e+00   7.7301200e-01   8.2581000e-01   2.9614572e+00   0.0000000e+00
   4.2000000e+01   0.0000000e+00   2.9829360e+00   8.2581000e-01   2.9614572e+00   1.0000000e+00
   4.3000000e+01   1.0000000e+00   1.8824680e+00   8.2581000e-01   2.9614572e+00   1.0000000e+00
   4.4000000e+01   0.0000000e+00   4.6535900e-01   8.2581000e-01   2.9614572e+00   1.0000000e+00
   4.5000000e+01   1.0000000e+00   1.1773830e+00   8.2581000e-01   2.9614572e+00   1.0000000e+00
   4.6000000e+01   0.0000000e+00   1.7550580e+00   8.2581000e-01   2.9614572e+00   0.0000000e+00
   4.7000000e+01   0.0000000e+00   5.9224800e-01   8.2581000e-01   2.9614572e+00   0.0000000e+00
   4.8000000e+01   0.0000000e+00   7.8837900e-01   8.2581000e-01   2.9614572e+00   1.0000000e+00
   4.9000000e+01   0.0000000e+00   4.9365800e-01   8.2581000e-01   2.9614572e+00   0.0000000e+00
   5.0000000e+01   1.0000000e+00   7.3467300e-01   8.2581000e-01   2.9614572e+00   0.0000000e+00
   5.1000000e+01   0.0000000e+00   6.7581600e-01   8.2581000e-01   2.9614572e+00   1.0000000e+00
   5.2000000e+01   1.0000000e+00   1.3067480e+00   8.2581000e-01   2.9614572e+00   1.0000000e+00
   5.3000000e+01   0.0000000e+00   1.6285580e+00   8.2581000e-01   2.9614572e+00   0.0000000e+00
   5.4000000e+01   0.0000000e+00   4.9724600e-01   8.2581000e-01   2.9614572e+00   0.0000000e+00
   5.5000000e+01   0.0000000e+00   1.1452420e+00   8.2581000e-01   2.9614572e+00   1.0000000e+00
   5.6000000e+01   1.0000000e+00   6.1659900e-01   8.2581000e-01   2.9614572e+00   0.0000000e+00
   5.7000000e+01   0.0000000e+00   8.1389100e-01   8.2581000e-01   2.9614572e+00   1.0000000e+00
   5.8000000e+01   1.0000000e+00   6.4461200e-01   8.2581000e-01   2.9614572e+00   0.0000000e+00
   5.9000000e+01   0.0000000e+00   1.1920810e+00   8.2581000e-01   2.9614572e+00   1.0000000e+00
   6.0000000e+01   0.0000000e+00   8.0222700e-01   8.2581000e-01   2.9614572e+00   1.0000000e+00
   6.1000000e+01   0.0000000e+00   6.2812300e-01   8.2581000e-01   2.9614572e+00   0.0000000e+00
   6.2000000e+01   0.0000000e+00   5.3845800e-01   8.2581000e-01   2.9614572e+00   1.0000000e+00
   6.3000000e+01   0.0000000e+00   8.9825400e-01   8.2581000e-01   2.9614572e+00   0.0000000e+00
   6.4000000e+01   0.0000000e+00   1.1674460e+00   8.2581000e-01   2.9614572e+00   0.0000000e+00
   6.5000000e+01   0.0000000e+00   4.6799000e-01   8.2581000e-01   2.9614572e+00   0.0000000e+00
   6.6000000e+01   0.0000000e+00   1.0750030e+00   8.2581000e-01   2.9614572e+00   0.0000000e+00
   6.7000000e+01   1.0000000e+00   5.0864500e-01   8.2581000e-01   2.9614572e+00   1.0000000e+00
   6.8000000e+01   0.0000000e+00   7.6182800e-01   8.2581000e-01   2.9614572e+00   0.0000000e+00
   6.9000000e+01   1.0000000e+00   1.0604430e+00   8.2581000e-01   2.9614572e+00   1.0000000e+00
   7.0000000e+01   1.0000000e+00   6.6987900e-01   8.2581000e-01   2.9614572e+00   0.0000000e+00
   7.1000000e+01   0.0000000e+00   4.6701700e-01   8.2581000e-01   2.9614572e+00   0.0000000e+00
   7.2000000e+01   0.0000000e+00   4.8553000e-01   8.2581000e-01   2.9614572e+00   0.0000000e+00
   7.3000000e+01   0.0000000e+00   1.1093430e+00   8.2581000e-01   2.9614572e+00   1.0000000e+00
   7.4000000e+01   0.0000000e+00   6.0026200e-01   8.2581000e-01   2.9614572e+00   0.0000000e+00
   7.5000000e+01   1.0000000e+00   1.3205130e+00   8.2581000e-01   2.9614572e+00   1.0000000e+00
   7.6000000e+01   0.0000000e+00   1.6003310e+00   8.2581000e-01   2.9614572e+00   1.0000000e+00
   7.7000000e+01   0.0000000e+00   8.0264200e-01   8.2581000e-01   2.9614572e+00   1.0000000e+00
   7.8000000e+01   1.0000000e+00   6.3553700e-01   8.2581000e-01   2.9614572e+00   0.0000000e+00
   7.9000000e+01   0.0000000e+00   1.0647640e+00   8.2581000e-01   2.9614572e+00   0.0000000e+00
   8.0000000e+01   0.0000000e+00   9.5303500e-01   8.2581000e-01   2.9614572e+00   1.0000000e+00
   8.1000000e+01   0.0000000e+00   1.2837380e+00   8.2581000e-01   2.9614572e+00   0.0000000e+00
   8.2000000e+01   0.0000000e+00   8.4130800e-01   8.2581000e-01   2.9614572e+00   1.0000000e+00
   8.3000000e+01   0.0000000e+00   8.8952900e-01   8.2581000e-01   2.9614572e+00   0.0000000e+00
   8.4000000e+01   1.0000000e+00   1.2268690e+00   8.2581000e-01   2.9614572e+00   0.0000000e+00
   8.5000000e+01   0.0000000e+00   5.6500700e-01   8.2581000e-01   2.9614572e+00   1.0000000e+00
   8.6000000e+01   1.0000000e+00   7.4689200e-01   8.2581000e-01   2.9614572e+00   1.0000000e+00
   8.7000000e+01   0.0000000e+00   1.0162670e+00   8.2581000e-01   2.9614572e+00   0.0000000e+00
   8.8000000e+01   0.0000000e+00   4.6776200e-01   8.2581000e-01   2.9614572e+00   0.0000000e+00
   8.9000000e+01   0.0000000e+00   5.2301000e-01   8.2581000e-01   2.9614572e+00   1.0000000e+00
   9.0000000e+01   0.0000000e+00   8.9585000e-01   8.2581000e-01   2.9614572e+00   0.0000000e+00
   9.1000000e+01   1.0000000e+00   4.9466200e-01   8.2581000e-01   2.9614572e+00   0.0000000e+00
   9.2000000e+01   0.0000000e+00   8.1389000e-01   8.2581000e-01   2.9614572e+00   1.0000000e+00
   9.3000000e+01   1.0000000e+00   7.8589400e-01   8.2581000e-01   2.9614572e+00   1.0000000e+00
   9.4000000e+01   0.0000000e+00   1.6754410e+00   8.2581000e-01   2.9614572e+00   1.0000000e+00
   9.5000000e+01   0.0000000e+00   9.4988400e-01   8.2581000e-01   2.9614572e+00   0.0000000e+00
   9.6000000e+01   1.0000000e+00   1.5016940e+00   8.2581000e-01   2.9614572e+00   0.0000000e+00
   9.7000000e+01   0.0000000e+00   5.7305800e-01   8.2581000e-01   2.9614572e+00   0.0000000e+00
   9.8000000e+01   0.0000000e+00   4.6699400e-01   8.2581000e-01   2.9614572e+00   1.0000000e+00
   9.9000000e+01   0.0000000e+00   1.0683040e+00   8.2581000e-01   2.9614572e+00   1.0000000e+00
   1.0000000e+02   1.0000000e+00   1.2394780e+00   8.2581000e-01   2.9614572e+00   1.0000000e+00
   1.0100000e+02   0.0000000e+00   7.3845300e-01   8.2581000e-01   2.9614572e+00   0.0000000e+00
   1.0200000e+02   1.0000000e+00   5.9526000e-01   8.2581000e-01   2.9614572e+00   1.0000000e+00
   1.0300000e+02   0.0000000e+00   9.6138900e-01   8.2581000e-01   2.9614572e+00   0.0000000e+00
   1.0400000e+02   0.0000000e+00   6.7354700e-01   8.2581000e-01   2.9614572e+00   0.0000000e+00
   1.0500000e+02   0.0000000e+00   8.0261500e-01   8.2581000e-01   2.9614572e+00   0.0000000e+00
   1.0600000e+02   0.0000000e+00   4.6452700e-01   8.2581000e-01   2.9614572e+00   0.0000000e+00
   1.0700000e+02   0.0000000e+00   4.4387100e-01   8.2581000e-01   2.9614572e+00   1.0000000e+00
   1.0800000e+02   1.0000000e+00   5.3565400e-01   8.2581000e-01   2.9614572e+00   0.0000000e+00
   1.0900000e+02   0.0000000e+00   1.2196480e+00   8.2581000e-01   2.9614572e+00   1.0000000e+00
   1.1000000e+02   1.0000000e+00   7.2906900e-01   8.2581000e-01   2.9614572e+00   1.0000000e+00
   1.1100000e+02   0.0000000e+00   7.2198900e-01   8.2581000e-01   2.9614572e+00   1.0000000e+00
   1.1200000e+02   0.0000000e+00   7.9615800e-01   8.2581000e-01   2.9614572e+00   1.0000000e+00
   1.1300000e+02   0.0000000e+00   6.1615400e-01   8.2581000e-01   2.9614572e+00   0.0000000e+00
   1.1400000e+02   0.0000000e+00   7.3357200e-01   8.2581000e-01   2.9614572e+00   0.0000000e+00
   1.1500000e+02   0.0000000e+00   6.8474800e-01   8.2581000e-01   2.9614572e+00   0.0000000e+00
   1.1600000e+02   1.0000000e+00   4.5492700e-01   8.2581000e-01   2.9614572e+00   0.0000000e+00
   1.1700000e+02   0.0000000e+00   5.2649500e-01   8.2581000e-01   2.9614572e+00   1.0000000e+00
   1.1800000e+02   0.0000000e+00   1.6306410e+00   8.2581000e-01   2.9614572e+00   0.0000000e+00
   1.1900000e+02   0.0000000e+00   2.5466940e+00   8.2581000e-01   2.9614572e+00   1.0000000e+00
   1.2000000e+02   0.0000000e+00   1.1417100e+00   8.2581000e-01   2.9614572e+00   1.0000000e+00
   1.2100000e+02   0.0000000e+00   5.8260800e-01   8.2581000e-01   2.9614572e+00   1.0000000e+00
   1.2200000e+02   1.0000000e+00   1.3327330e+00   8.2581000e-01   2.9614572e+00   0.0000000e+00
   1.2300000e+02   0.0000000e+00   1.0530500e+00   8.2581000e-01   2.9614572e+00   0.0000000e+00
   1.2400000e+02   0.0000000e+00   1.0865960e+00   8.2581000e-01   2.9614572e+00   1.0000000e+00
   1.2500000e+02   0.0000000e+00   8.4362800e-01   8.2581000e-01   2.9614572e+00   1.0000000e+00
   1.2600000e+02   0.0000000e+00   1.3188390e+00   8.2581000e-01   2.9614572e+00   1.0000000e+00
   1.2700000e+02   1.0000000e+00   8.2730400e-01   8.2581000e-01   2.9614572e+00   1.0000000e+00
   1.2800000e+02   1.0000000e+00   4.7711900e-01   8.2581000e-01   2.9614572e+00   0.0000000e+00
   1.2900000e+02   0.0000000e+00   1.3163440e+00   8.2581000e-01   2.9614572e+00   1.0000000e+00
   1.3000000e+02   0.0000000e+00   1.0627460e+00   8.2581000e-01   2.9614572e+00   1.0000000e+00
   1.3100000e+02   1.0000000e+00   4.6431900e-01   8.2581000e-01   2.9614572e+00   1.0000000e+00
   1.3200000e+02   0.0000000e+00   1.6986720e+00   8.2581000e-01   2.9614572e+00   0.0000000e+00
   1.3300000e+02   1.0000000e+00   1.0704220e+00   8.2581000e-01   2.9614572e+00   1.0000000e+00
   1.3400000e+02   0.0000000e+00   7.4412100e-01   8.2581000e-01   2.9614572e+00   0.0000000e+00
   1.3500000e+02   0.0000000e+00   5.5981000e-01   8.2581000e-01   2.9614572e+00   0.0000000e+00
   1.3600000e+02   1.0000000e+00   7.6598000e-01   8.2581000e-01   2.9614572e+00   0.0000000e+00
