   1.0000000e+00   0.0000000e+00   1.9556820e+00   8.2085100e-01   2.6809042e+00   0.0000000e+00
   2.0000000e+00   0.0000000e+00   1.1099600e+00   8.2085100e-01   2.6809042e+00   0.0000000e+00
   3.0000000e+00   1.0000000e+00   6.4842600e-01   8.2085100e-01   2.6809042e+00   0.0000000e+00
   4.0000000e+00   0.0000000e+00   6.6978400e-01   8.2085100e-01   2.6809042e+00   0.0000000e+00
   5.0000000e+00   1.0000000e+00   8.7784600e-01   8.2085100e-01   2.6809042e+00   1.0000000e+00
   6.0000000e+00   0.0000000e+00   5.4898900e-01   8.2085100e-01   2.6809042e+00   1.0000000e+00
   7.0000000e+00   0.0000000e+00   7.9464700e-01   8.2085100e-01   2.6809042e+00   0.0000000e+00
   8.0000000e+00   0.0000000e+00   9.0044400e-01   8.2085100e-01   2.6809042e+00   0.0000000e+00
   9.0000000e+00   0.0000000e+00   5.4013100e-01   8.2085100e-01   2.6809042e+00   1.0000000e+00
   1.0000000e+01   1.0000000e+00   9.7922000e-01   8.2085100e-01   2.6809042e+00   0.0000000e+00
   1.1000000e+01   0.0000000e+00   1.2304310e+00   8.2085100e-01   2.6809042e+00   0.0000000e+00
   1.2000000e+01   0.0000000e+00   5.8982200e-01   8.2085100e-01   2.6809042e+00   0.0000000e+00
   1.3000000e+01   1.0000000e+00   4.5281300e-01   8.2085100e-01   2.6809042e+00   1.0000000e+00
   1.4000000e+01   0.0000000e+00   1.4581760e+00   8.2085100e-01   2.6809042e+00   1.0000000e+00
   1.5000000e+01   0.0000000e+00   7.3963100e-01   8.2085100e-01   2.6809042e+00   0.0000000e+00
   1.6000000e+01   0.0000000e+00   6.1688600e-01   8.2085100e-01   2.6809042e+00   0.0000000e+00
   1.7000000e+01   1.0000000e+00   4.5193900e-01   8.2085100e-01   2.6809042e+00   1.0000000e+00
   1.8000000e+01   0.0000000e+00   4.5741000e-01   8.2085100e-01   2.6809042e+00   0.0000000e+00
   1.9000000e+01   1.0000000e+00   7.0073000e-01   8.2085100e-01   2.6809042e+00   0.0000000e+00
   2.0000000e+01   0.0000000e+00   2.3359610e+00   8.2085100e-01   2.6809042e+00   0.0000000e+00
   2.1000000e+01   0.0000000e+00   6.1355000e-01   8.2085100e-01   2.6809042e+00   1.0000000e+00
   2.2000000e+01   1.0000000e+00   9.2502000e-01   8.2085100e-01   2.6809042e+00   1.0000000e+00
   2.3000000e+01   0.0000000e+00   2.3485620e+00   8.2085100e-01   2.6809042e+00   1.0000000e+00
   2.4000000e+01   0.0000000e+00   1.4962820e+00   8.2085100e-01   2.6809042e+00   1.0000000e+00
   2.5000000e+01   1.0000000e+00   1.3019270e+00   8.2085100e-01   2.6809042e+00   0.0000000e+00
   2.6000000e+01   0.0000000e+00   5.8631400e-01   8.2085100e-01   2.6809042e+00   1.0000000e+00
   2.7000000e+01   0.0000000e+00   4.5156200e-01   8.2085100e-01   2.6809042e+00   1.0000000e+00
   2.8000000e+01   1.0000000e+00   5.5266700e-01   8.2085100e-01   2.6809042e+00   1.0000000e+00
   2.9000000e+01   0.0000000e+00   7.6709700e-01   8.2085100e-01   2.6809042e+00   1.0000000e+00
   3.0000000e+01   0.0000000e+00   9.7923200e-01   8.2085100e-01   2.6809042e+00   1.0000000e+00
   3.1000000e+01   0.0000000e+00   7.5686200e-01   8.2085100e-01   2.6809042e+00   1.0000000e+00
   3.2000000e+01   0.0000000e+00   9.5804200e-01   8.2085100e-01   2.6809042e+00   0.0000000e+00
   3.3000000e+01   0.0000000e+00   2.1229590e+00   8.2085100e-01   2.6809042e+00   1.0000000e+00
   3.4000000e+01   1.0000000e+00   6.4382600e-01   8.2085100e-01   2.6809042e+00   0.0000000e+00
   3.5000000e+01   0.0000000e+00   1.3929090e+00   8.2085100e-01   2.6809042e+00   0.0000000e+00
   3.6000000e+01   0.0000000e+00   1.0177350e+00   8.2085100e-01   2.6809042e+00   1.0000000e+00
   3.7000000e+01   0.0000000e+00   6.2676800e-01   8.2085100e-01   2.6809042e+00   1.0000000e+00
   3.8000000e+01   1.0000000e+00   1.7105000e+00   8.2085100e-01   2.6809042e+00   0.0000000e+00
   3.9000000e+01   0.0000000e+00   5.2895100e-01   8.2085100e-01   2.6809042e+00   1.0000000e+00
   4.0000000e+01   1.0000000e+00   5.0347700e-01   8.2085100e-01   2.6809042e+00   1.0000000e+00
   4.1000000e+01   1.0000000e+00   1.1757080e+00   8.2085100e-01   2.6809042e+00   0.0000000e+00
   4.2000000e+01   0.0000000e+00   5.1854400e-01   8.2085100e-01   2.6809042e+00   1.0000000e+00
   4.3000000e+01   0.0000000e+00   4.3662200e-01   8.2085100e-01   2.6809042e+00   0.0000000e+00
   4.4000000e+01   0.0000000e+00   9.6883400e-01   8.2085100e-01   2.6809042e+00   1.0000000e+00
   4.5000000e+01   0.0000000e+00   9.6457000e-01   8.2085100e-01   2.6809042e+00   0.0000000e+00
   4.6000000e+01   1.0000000e+00   5.9464300e-01   8.2085100e-01   2.6809042e+00   1.0000000e+00
   4.7000000e+01   0.0000000e+00   1.6381180e+00   8.2085100e-01   2.6809042e+00   1.0000000e+00
   4.8000000e+01   0.0000000e+00   1.8033210e+00   8.2085100e-01   2.6809042e+00   1.0000000e+00
   4.9000000e+01   0.0000000e+00   1.3620540e+00   8.2085100e-01   2.6809042e+00   0.0000000e+00
   5.0000000e+01   1.0000000e+00   1.3042490e+00   8.2085100e-01   2.6809042e+00   1.0000000e+00
   5.1000000e+01   0.0000000e+00   5.2745300e-01   8.2085100e-01   2.6809042e+00   1.0000000e+00
   5.2000000e+01   1.0000000e+00   9.8321200e-01   8.2085100e-01   2.6809042e+00   0.0000000e+00
   5.3000000e+01   0.0000000e+00   5.4852100e-01   8.2085100e-01   2.6809042e+00   1.0000000e+00
   5.4000000e+01   0.0000000e+00   1.1722020e+00   8.2085100e-01   2.6809042e+00   1.0000000e+00
   5.5000000e+01   0.0000000e+00   5.2732600e-01   8.2085100e-01   2.6809042e+00   0.0000000e+00
   5.6000000e+01   1.0000000e+00   1.5307630e+00   8.2085100e-01   2.6809042e+00   1.0000000e+00
   5.7000000e+01   0.0000000e+00   1.4305070e+00   8.2085100e-01   2.6809042e+00   0.0000000e+00
   5.8000000e+01   0.0000000e+00   5.4709400e-01   8.2085100e-01   2.6809042e+00   0.0000000e+00
   5.9000000e+01   0.0000000e+00   4.3821500e-01   8.2085100e-01   2.6809042e+00   1.0000000e+00
   6.0000000e+01   0.0000000e+00   8.1061800e-01   8.2085100e-01   2.6809042e+00   0.0000000e+00
   6.1000000e+01   0.0000000e+00   8.2126200e-01   8.2085100e-01   2.6809042e+00   0.0000000e+00
   6.2000000e+01   1.0000000e+00   7.6857100e-01   8.2085100e-01   2.6809042e+00   0.0000000e+00
   6.3000000e+01   0.0000000e+00   4.5868500e-01   8.2085100e-01   2.6809042e+00   1.0000000e+00
   6.4000000e+01   1.0000000e+00   1.9952750e+00   8.2085100e-01   2.6809042e+00   0.0000000e+00
   6.5000000e+01   1.0000000e+00   6.5596900e-01   8.2085100e-01   2.6809042e+00   1.0000000e+00
   6.6000000e+01   0.0000000e+00   1.5963980e+00   8.2085100e-01   2.6809042e+00   0.0000000e+00
   6.7000000e+01   0.0000000e+00   1.5848830e+00   8.2085100e-01   2.6809042e+00   0.0000000e+00
   6.8000000e+01   0.0000000e+00   1.7390690e+00   8.2085100e-01   2.6809042e+00   0.0000000e+00
   6.9000000e+01   0.0000000e+00   6.0874100e-01   8.2085100e-01   2.6809042e+00   0.0000000e+00
   7.0000000e+01   1.0000000e+00   5.9517300e-01   8.2085100e-01   2.6809042e+00   1.0000000e+00
   7.1000000e+01   0.0000000e+00   4.5100600e-01   8.2085100e-01   2.6809042e+00   0.0000000e+00
   7.2000000e+01   0.0000000e+00   5.5443700e-01   8.2085100e-01   2.6809042e+00   0.0000000e+00
   7.3000000e+01   1.0000000e+00   1.3885530e+00   8.2085100e-01   2.6809042e+00   0.0000000e+00
   7.4000000e+01   0.0000000e+00   4.9121900e-01   8.2085100e-01   2.6809042e+00   0.0000000e+00
   7.5000000e+01   0.0000000e+00   1.8226130e+00   8.2085100e-01   2.6809042e+00   0.0000000e+00
   7.6000000e+01   0.0000000e+00   1.0415080e+00   8.2085100e-01   2.6809042e+00   1.0000000e+00
   7.7000000e+01   1.0000000e+00   1.7267880e+00   8.2085100e-01   2.6809042e+00   1.0000000e+00
   7.8000000e+01   0.0000000e+00   7.4027200e-01   8.2085100e-01   2.6809042e+00   1.0000000e+00
   7.9000000e+01   1.0000000e+00   5.0821500e-01   8.2085100e-01   2.6809042e+00   0.0000000e+00
   8.0000000e+01   0.0000000e+00   4.6703400e-01   8.2085100e-01   2.6809042e+00   0.0000000e+00
   8.1000000e+01   1.0000000e+00   6.9527200e-01   8.2085100e-01   2.6809042e+00   0.0000000e+00
   8.2000000e+01   0.0000000e+00   9.1886300e-01   8.2085100e-01   2.6809042e+00   1.0000000e+00
   8.3000000e+01   1.0000000e+00   1.2216020e+00   8.2085100e-01   2.6809042e+00   1.0000000e+00
   8.4000000e+01   0.0000000e+00   7.6807300e-01   8.2085100e-01   2.6809042e+00   1.0000000e+00
   8.5000000e+01   1.0000000e+00   5.9756400e-01   8.2085100e-01   2.6809042e+00   0.0000000e+00
   8.6000000e+01   0.0000000e+00   9.2281100e-01   8.2085100e-01   2.6809042e+00   0.0000000e+00
   8.7000000e+01   0.0000000e+00   1.1460340e+00   8.2085100e-01   2.6809042e+00   1.0000000e+00
   8.8000000e+01   0.0000000e+00   8.8656300e-01   8.2085100e-01   2.6809042e+00   1.0000000e+00
   8.9000000e+01   0.0000000e+00   5.6069600e-01   8.2085100e-01   2.6809042e+00   0.0000000e+00
   9.0000000e+01   0.0000000e+00   1.8639110e+00   8.2085100e-01   2.6809042e+00   1.0000000e+00
   9.1000000e+01   0.0000000e+00   1.4378840e+00   8.2085100e-01   2.6809042e+00   1.0000000e+00
   9.2000000e+01   0.0000000e+00   9.8839000e-01   8.2085100e-01   2.6809042e+00   1.0000000e+00
   9.3000000e+01   0.0000000e+00   2.1345370e+00   8.2085100e-01   2.6809042e+00   1.0000000e+00
   9.4000000e+01   0.0000000e+00   1.0265940e+00   8.2085100e-01   2.6809042e+00   1.0000000e+00
   9.5000000e+01   1.0000000e+00   8.0106000e-01   8.2085100e-01   2.6809042e+00   1.0000000e+00
   9.6000000e+01   0.0000000e+00   5.7070200e-01   8.2085100e-01   2.6809042e+00   1.0000000e+00
   9.7000000e+01   1.0000000e+00   1.1900610e+00   8.2085100e-01   2.6809042e+00   0.0000000e+00
   9.8000000e+01   0.0000000e+00   5.7183700e-01   8.2085100e-01   2.6809042e+00   0.0000000e+00
   9.9000000e+01   1.0000000e+00   1.0319970e+00   8.2085100e-01   2.6809042e+00   1.0000000e+00
   1.0000000e+02   0.0000000e+00   1.0199570e+00   8.2085100e-01   2.6809042e+00   0.0000000e+00
   1.0100000e+02   0.0000000e+00   5.8116500e-01   8.2085100e-01   2.6809042e+00   0.0000000e+00
   1.0200000e+02   0.0000000e+00   6.1392600e-01   8.2085100e-01   2.6809042e+00   0.0000000e+00
   1.0300000e+02   0.0000000e+00   1.3870030e+00   8.2085100e-01   2.6809042e+00   0.0000000e+00
   1.0400000e+02   1.0000000e+00   6.6147800e-01   8.2085100e-01   2.6809042e+00   1.0000000e+00
   1.0500000e+02   0.0000000e+00   1.1517900e+00   8.2085100e-01   2.6809042e+00   0.0000000e+00
   1.0600000e+02   1.0000000e+00   4.6648800e-01   8.2085100e-01   2.6809042e+00   0.0000000e+00
   1.0700000e+02   1.0000000e+00   6.8660900e-01   8.2085100e-01   2.6809042e+00   1.0000000e+00
   1.0800000e+02   0.0000000e+00   5.8563600e-01   8.2085100e-01   2.6809042e+00   1.0000000e+00
   1.0900000e+02   0.0000000e+00   6.4483900e-01   8.2085100e-01   2.6809042e+00   1.0000000e+00
   1.1000000e+02   0.0000000e+00   5.4938800e-01   8.2085100e-01   2.6809042e+00   0.0000000e+00
   1.1100000e+02   0.0000000e+00   8.4475700e-01   8.2085100e-01   2.6809042e+00   0.0000000e+00
   1.1200000e+02   1.0000000e+00   7.3868400e-01   8.2085100e-01   2.6809042e+00   0.0000000e+00
   1.1300000e+02   0.0000000e+00   5.1584900e-01   8.2085100e-01   2.6809042e+00   0.0000000e+00
   1.1400000e+02   0.0000000e+00   9.8525600e-01   8.2085100e-01   2.6809042e+00   0.0000000e+00
   1.1500000e+02   0.0000000e+00   6.0266500e-01   8.2085100e-01   2.6809042e+00   1.0000000e+00
   1.1600000e+02   1.0000000e+00   1.2689560e+00   8.2085100e-01   2.6809042e+00   0.0000000e+00
   1.1700000e+02   0.0000000e+00   6.9827600e-01   8.2085100e-01   2.6809042e+00   0.0000000e+00
   1.1800000e+02   0.0000000e+00   5.2539400e-01   8.2085100e-01   2.6809042e+00   0.0000000e+00
   1.1900000e+02   0.0000000e+00   5.5972800e-01   8.2085100e-01   2.6809042e+00   0.0000000e+00
   1.2000000e+02   0.0000000e+00   6.5411000e-01   8.2085100e-01   2.6809042e+00   0.0000000e+00
   1.2100000e+02   1.0000000e+00   5.8845800e-01   8.2085100e-01   2.6809042e+00   1.0000000e+00
   1.2200000e+02   0.0000000e+00   5.5955000e-01   8.2085100e-01   2.6809042e+00   1.0000000e+00
   1.2300000e+02   0.0000000e+00   9.5757700e-01   8.2085100e-01   2.6809042e+00   1.0000000e+00
   1.2400000e+02   0.0000000e+00   9.7512700e-01   8.2085100e-01   2.6809042e+00   0.0000000e+00
   1.2500000e+02   0.0000000e+00   7.3620800e-01   8.2085100e-01   2.6809042e+00   1.0000000e+00
   1.2600000e+02   0.0000000e+00   1.1739820e+00   8.2085100e-01   2.6809042e+00   1.0000000e+00
   1.2700000e+02   0.0000000e+00   8.4581200e-01   8.2085100e-01   2.6809042e+00   0.0000000e+00
   1.2800000e+02   0.0000000e+00   9.9663400e-01   8.2085100e-01   2.6809042e+00   1.0000000e+00
   1.2900000e+02   1.0000000e+00   1.8094280e+00   8.2085100e-01   2.6809042e+00   0.0000000e+00
   1.3000000e+02   0.0000000e+00   8.6806000e-01   8.2085100e-01   2.6809042e+00   1.0000000e+00
   1.3100000e+02   1.0000000e+00   7.6611800e-01   8.2085100e-01   2.6809042e+00   1.0000000e+00
   1.3200000e+02   0.0000000e+00   5.5772800e-01   8.2085100e-01   2.6809042e+00   1.0000000e+00
   1.3300000e+02   0.0000000e+00   2.0125220e+00   8.2085100e-01   2.6809042e+00   1.0000000e+00
   1.3400000e+02   1.0000000e+00   5.8217700e-01   8.2085100e-01   2.6809042e+00   1.0000000e+00
   1.3500000e+02   0.0000000e+00   5.6589200e-01   8.2085100e-01   2.6809042e+00   1.0000000e+00
   1.3600000e+02   1.0000000e+00   4.4690500e-01   8.2085100e-01   2.6809042e+00   0.0000000e+00
