   1.0000000e+00   0.0000000e+00   1.7414810e+00   8.2607600e-01   2.8110766e+00   0.0000000e+00
   2.0000000e+00   0.0000000e+00   9.7191900e-01   8.2607600e-01   2.8110766e+00   1.0000000e+00
   3.0000000e+00   0.0000000e+00   1.0871350e+00   8.2607600e-01   2.8110766e+00   0.0000000e+00
   4.0000000e+00   1.0000000e+00   1.0672330e+00   8.2607600e-01   2.8110766e+00   1.0000000e+00
   5.0000000e+00   0.0000000e+00   9.2874200e-01   8.2607600e-01   2.8110766e+00   1.0000000e+00
   6.0000000e+00   1.0000000e+00   6.2249600e-01   8.2607600e-01   2.8110766e+00   0.0000000e+00
   7.0000000e+00   0.0000000e+00   1.6158680e+00   8.2607600e-01   2.8110766e+00   1.0000000e+00
   8.0000000e+00   0.0000000e+00   5.9290900e-01   8.2607600e-01   2.8110766e+00   0.0000000e+00
   9.0000000e+00   1.0000000e+00   7.5750100e-01   8.2607600e-01   2.8110766e+00   1.0000000e+00
   1.0000000e+01   0.0000000e+00   1.0055000e+00   8.2607600e-01   2.8110766e+00   0.0000000e+00
   1.1000000e+01   1.0000000e+00   5.6920500e-01   8.2607600e-01   2.8110766e+00   0.0000000e+00
   1.2000000e+01   0.0000000e+00   7.1528400e-01   8.2607600e-01   2.8110766e+00   1.0000000e+00
   1.3000000e+01   0.0000000e+00   7.7435600e-01   8.2607600e-01   2.8110766e+00   1.0000000e+00
   1.4000000e+01   0.0000000e+00   6.7471900e-01   8.2607600e-01   2.8110766e+00   0.0000000e+00
   1.5000000e+01   0.0000000e+00   1.2411730e+00   8.2607600e-01   2.8110766e+00   1.0000000e+00
   1.6000000e+01   1.0000000e+00   8.2418400e-01   8.2607600e-01   2.8110766e+00   0.0000000e+00
   1.7000000e+01   0.0000000e+00   7.7941000e-01   8.2607600e-01   2.8110766e+00   1.0000000e+00
   1.8000000e+01   0.0000000e+00   5.6469000e-01   8.2607600e-01   2.8110766e+00   0.0000000e+00
   1.9000000e+01   0.0000000e+00   4.5829300e-01   8.2607600e-01   2.8110766e+00   0.0000000e+00
   2.0000000e+01   0.0000000e+00   1.2820910e+00   8.2607600e-01   2.8110766e+00   0.0000000e+00
   2.1000000e+01   0.0000000e+00   5.4756200e-01   8.2607600e-01   2.8110766e+00   0.0000000e+00
   2.2000000e+01   0.0000000e+00   1.0390310e+00   8.2607600e-01   2.8110766e+00   1.0000000e+00
   2.3000000e+01   0.0000000e+00   7.7360000e-01   8.2607600e-01   2.8110766e+00   0.0000000e+00
   2.4000000e+01   0.0000000e+00   1.2143070e+00   8.2607600e-01   2.8110766e+00   1.0000000e+00
   2.5000000e+01   1.0000000e+00   8.7264400e-01   8.2607600e-01   2.8110766e+00   1.0000000e+00
   2.6000000e+01   0.0000000e+00   1.1927510e+00   8.2607600e-01   2.8110766e+00   1.0000000e+00
   2.7000000e+01   0.0000000e+00   8.3922300e-01   8.2607600e-01   2.8110766e+00   1.0000000e+00
   2.8000000e+01   0.0000000e+00   1.2357670e+00   8.2607600e-01   2.8110766e+00   0.0000000e+00
   2.9000000e+01   1.0000000e+00   5.8310200e-01   8.2607600e-01   2.8110766e+00   0.0000000e+00
   3.0000000e+01   0.0000000e+00   8.3561100e-01   8.2607600e-01   2.8110766e+00   1.0000000e+00
   3.1000000e+01   0.0000000e+00   6.5224900e-01   8.2607600e-01   2.8110766e+00   0.0000000e+00
   3.2000000e+01   1.0000000e+00   7.0344200e-01   8.2607600e-01   2.8110766e+00   1.0000000e+00
   3.3000000e+01   0.0000000e+00   4.9473300e-01   8.2607600e-01   2.8110766e+00   1.0000000e+00
   3.4000000e+01   1.0000000e+00   1.8996500e+00   8.2607600e-01   2.8110766e+00   0.0000000e+00
   3.5000000e+01   0.0000000e+00   2.0695660e+00   8.2607600e-01   2.8110766e+00   0.0000000e+00
   3.6000000e+01   1.0000000e+00   9.1145900e-01   8.2607600e-01   2.8110766e+00   1.0000000e+00
   3.7000000e+01   0.0000000e+00   8.8713000e-01   8.2607600e-01   2.8110766e+00   1.0000000e+00
   3.8000000e+01   1.0000000e+00   1.6071790e+00   8.2607600e-01   2.8110766e+00   1.0000000e+00
   3.9000000e+01   0.0000000e+00   1.0618210e+00   8.2607600e-01   2.8110766e+00   1.0000000e+00
   4.0000000e+01   0.0000000e+00   7.1502600e-01   8.2607600e-01   2.8110766e+00   1.0000000e+00
   4.1000000e+01   0.0000000e+00   1.6220930e+00   8.2607600e-01   2.8110766e+00   1.0000000e+00
   4.2000000e+01   0.0000000e+00   1.4781280e+00   8.2607600e-01   2.8110766e+00   0.0000000e+00
   4.3000000e+01   1.0000000e+00   6.3468700e-01   8.2607600e-01   2.8110766e+00   0.0000000e+00
   4.4000000e+01   1.0000000e+00   5.9267400e-01   8.2607600e-01   2.8110766e+00   1.0000000e+00
   4.5000000e+01   0.0000000e+00   1.0051380e+00   8.2607600e-01   2.8110766e+00   0.0000000e+00
   4.6000000e+01   0.0000000e+00   9.3692300e-01   8.2607600e-01   2.8110766e+00   1.0000000e+00
   4.7000000e+01   0.0000000e+00   7.1982200e-01   8.2607600e-01   2.8110766e+00   0.0000000e+00
   4.8000000e+01   1.0000000e+00   8.9365200e-01   8.2607600e-01   2.8110766e+00   0.0000000e+00
   4.9000000e+01   0.0000000e+00   6.2129700e-01   8.2607600e-01   2.8110766e+00   1.0000000e+00
   5.0000000e+01   1.0000000e+00   5.3685500e-01   8.2607600e-01   2.8110766e+00   0.0000000e+00
   5.1000000e+01   0.0000000e+00   4.4390700e-01   8.2607600e-01   2.8110766e+00   1.0000000e+00
   5.2000000e+01   0.0000000e+00   1.1204290e+00   8.2607600e-01   2.8110766e+00   0.0000000e+00
   5.3000000e+01   0.0000000e+00   7.9543600e-01   8.2607600e-01   2.8110766e+00   1.0000000e+00
   5.4000000e+01   1.0000000e+00   6.5685300e-01   8.2607600e-01   2.8110766e+00   1.0000000e+00
   5.5000000e+01   0.0000000e+00   1.1190580e+00   8.2607600e-01   2.8110766e+00   0.0000000e+00
   5.6000000e+01   0.0000000e+00   8.7594900e-01   8.2607600e-01   2.8110766e+00   0.0000000e+00
   5.7000000e+01   1.0000000e+00   5.8895600e-01   8.2607600e-01   2.8110766e+00   0.0000000e+00
   5.8000000e+01   0.0000000e+00   1.0266750e+00   8.2607600e-01   2.8110766e+00   1.0000000e+00
   5.9000000e+01   0.0000000e+00   8.4692700e-01   8.2607600e-01   2.8110766e+00   1.0000000e+00
   6.0000000e+01   0.0000000e+00   9.8334400e-01   8.2607600e-01   2.8110766e+00   1.0000000e+00
   6.1000000e+01   0.0000000e+00   9.1062100e-01   8.2607600e-01   2.8110766e+00   0.0000000e+00
   6.2000000e+01   1.0000000e+00   5.6108300e-01   8.2607600e-01   2.8110766e+00   1.0000000e+00
   6.3000000e+01   0.0000000e+00   4.8709000e-01   8.2607600e-01   2.8110766e+00   0.0000000e+00
   6.4000000e+01   1.0000000e+00   4.8737700e-01   8.2607600e-01   2.8110766e+00   1.0000000e+00
   6.5000000e+01   0.0000000e+00   9.7129300e-01   8.2607600e-01   2.8110766e+00   0.0000000e+00
   6.6000000e+01   1.0000000e+00   5.4868000e-01   8.2607600e-01   2.8110766e+00   0.0000000e+00
   6.7000000e+01   1.0000000e+00   8.2229100e-01   8.2607600e-01   2.8110766e+00   0.0000000e+00
   6.8000000e+01   0.0000000e+00   1.5772880e+00   8.2607600e-01   2.8110766e+00   0.0000000e+00
   6.9000000e+01   0.0000000e+00   5.9377900e-01   8.2607600e-01   2.8110766e+00   1.0000000e+00
   7.0000000e+01   0.0000000e+00   1.4058440e+00   8.2607600e-01   2.8110766e+00   0.0000000e+00
   7.1000000e+01   0.0000000e+00   5.8797100e-01   8.2607600e-01   2.8110766e+00   0.0000000e+00
   7.2000000e+01   0.0000000e+00   6.8929100e-01   8.2607600e-01   2.8110766e+00   0.0000000e+00
   7.3000000e+01   0.0000000e+00   6.2499400e-01   8.2607600e-01   2.8110766e+00   1.0000000e+00
   7.4000000e+01   0.0000000e+00   6.1691100e-01   8.2607600e-01   2.8110766e+00   0.0000000e+00
   7.5000000e+01   0.0000000e+00   2.6545990e+00   8.2607600e-01   2.8110766e+00   0.0000000e+00
   7.6000000e+01   0.0000000e+00   7.9759600e-01   8.2607600e-01   2.8110766e+00   1.0000000e+00
   7.7000000e+01   0.0000000e+00   4.9724300e-01   8.2607600e-01   2.8110766e+00   0.0000000e+00
   7.8000000e+01   1.0000000e+00   7.7793800e-01   8.2607600e-01   2.8110766e+00   1.0000000e+00
   7.9000000e+01   0.0000000e+00   4.9400300e-01   8.2607600e-01   2.8110766e+00   1.0000000e+00
   8.0000000e+01   1.0000000e+00   1.3585380e+00   8.2607600e-01   2.8110766e+00   0.0000000e+00
   8.1000000e+01   0.0000000e+00   1.4994490e+00   8.2607600e-01   2.8110766e+00   0.0000000e+00
   8.2000000e+01   1.0000000e+00   2.8246860e+00   8.2607600e-01   2.8110766e+00   1.0000000e+00
   8.3000000e+01   0.0000000e+00   5.9101700e-01   8.2607600e-01   2.8110766e+00   0.0000000e+00
   8.4000000e+01   1.0000000e+00   5.4517700e-01   8.2607600e-01   2.8110766e+00   1.0000000e+00
   8.5000000e+01   0.0000000e+00   4.5298700e-01   8.2607600e-01   2.8110766e+00   0.0000000e+00
   8.6000000e+01   0.0000000e+00   9.7410400e-01   8.2607600e-01   2.8110766e+00   0.0000000e+00
   8.7000000e+01   1.0000000e+00   2.1663160e+00   8.2607600e-01   2.8110766e+00   0.0000000e+00
   8.8000000e+01   1.0000000e+00   9.9219400e-01   8.2607600e-01   2.8110766e+00   1.0000000e+00
   8.9000000e+01   0.0000000e+00   6.9268400e-01   8.2607600e-01   2.8110766e+00   1.0000000e+00
   9.0000000e+01   0.0000000e+00   4.8292800e-01   8.2607600e-01   2.8110766e+00   1.0000000e+00
   9.1000000e+01   0.0000000e+00   5.8439100e-01   8.2607600e-01   2.8110766e+00   1.0000000e+00
   9.2000000e+01   0.0000000e+00   6.6294400e-01   8.2607600e-01   2.8110766e+00   0.0000000e+00
   9.3000000e+01   0.0000000e+00   4.4085400e-01   8.2607600e-01   2.8110766e+00   1.0000000e+00
   9.4000000e+01   0.0000000e+00   4.9186200e-01   8.2607600e-01   2.8110766e+00   1.0000000e+00
   9.5000000e+01   1.0000000e+00   6.0638500e-01   8.2607600e-01   2.8110766e+00   0.0000000e+00
   9.6000000e+01   0.0000000e+00   2.1412090e+00   8.2607600e-01   2.8110766e+00   1.0000000e+00
   9.7000000e+01   1.0000000e+00   5.4286100e-01   8.2607600e-01   2.8110766e+00   1.0000000e+00
   9.8000000e+01   0.0000000e+00   1.0456460e+00   8.2607600e-01   2.8110766e+00   0.0000000e+00
   9.9000000e+01   1.0000000e+00   9.0553000e-01   8.2607600e-01   2.8110766e+00   0.0000000e+00
   1.0000000e+02   0.0000000e+00   4.6309100e-01   8.2607600e-01   2.8110766e+00   1.0000000e+00
   1.0100000e+02   1.0000000e+00   7.1474000e-01   8.2607600e-01   2.8110766e+00   0.0000000e+00
   1.0200000e+02   0.0000000e+00   1.1593450e+00   8.2607600e-01   2.8110766e+00   1.0000000e+00
   1.0300000e+02   0.0000000e+00   6.3703200e-01   8.2607600e-01   2.8110766e+00   0.0000000e+00
   1.0400000e+02   0.0000000e+00   8.4405700e-01   8.2607600e-01   2.8110766e+00   0.0000000e+00
   1.0500000e+02   0.0000000e+00   5.8513300e-01   8.2607600e-01   2.8110766e+00   1.0000000e+00
   1.0600000e+02   0.0000000e+00   4.9178300e-01   8.2607600e-01   2.8110766e+00   0.0000000e+00
   1.0700000e+02   1.0000000e+00   8.6847600e-01   8.2607600e-01   2.8110766e+00   1.0000000e+00
   1.0800000e+02   0.0000000e+00   5.1103300e-01   8.2607600e-01   2.8110766e+00   0.0000000e+00
   1.0900000e+02   0.0000000e+00   4.8609800e-01   8.2607600e-01   2.8110766e+00   0.0000000e+00
   1.1000000e+02   0.0000000e+00   8.6003600e-01   8.2607600e-01   2.8110766e+00   0.0000000e+00
   1.1100000e+02   0.0000000e+00   9.2492900e-01   8.2607600e-01   2.8110766e+00   0.0000000e+00
   1.1200000e+02   0.0000000e+00   4.4881300e-01   8.2607600e-01   2.8110766e+00   1.0000000e+00
   1.1300000e+02   0.0000000e+00   1.3755630e+00   8.2607600e-01   2.8110766e+00   1.0000000e+00
   1.1400000e+02   1.0000000e+00   4.6110200e-01   8.2607600e-01   2.8110766e+00   0.0000000e+00
   1.1500000e+02   0.0000000e+00   4.5631500e-01   8.2607600e-01   2.8110766e+00   1.0000000e+00
   1.1600000e+02   0.0000000e+00   2.1222950e+00   8.2607600e-01   2.8110766e+00   0.0000000e+00
   1.1700000e+02   1.0000000e+00   9.4561500e-01   8.2607600e-01   2.8110766e+00   1.0000000e+00
   1.1800000e+02   0.0000000e+00   1.3756170e+00   8.2607600e-01   2.8110766e+00   1.0000000e+00
   1.1900000e+02   0.0000000e+00   6.5861900e-01   8.2607600e-01   2.8110766e+00   0.0000000e+00
   1.2000000e+02   0.0000000e+00   1.0918080e+00   8.2607600e-01   2.8110766e+00   1.0000000e+00
   1.2100000e+02   1.0000000e+00   6.7013300e-01   8.2607600e-01   2.8110766e+00   1.0000000e+00
   1.2200000e+02   0.0000000e+00   9.1828600e-01   8.2607600e-01   2.8110766e+00   0.0000000e+00
   1.2300000e+02   0.0000000e+00   2.8941070e+00   8.2607600e-01   2.8110766e+00   1.0000000e+00
   1.2400000e+02   0.0000000e+00   1.9735750e+00   8.2607600e-01   2.8110766e+00   1.0000000e+00
   1.2500000e+02   0.0000000e+00   1.0191790e+00   8.2607600e-01   2.8110766e+00   0.0000000e+00
   1.2600000e+02   0.0000000e+00   6.1736100e-01   8.2607600e-01   2.8110766e+00   0.0000000e+00
   1.2700000e+02   0.0000000e+00   4.4889100e-01   8.2607600e-01   2.8110766e+00   1.0000000e+00
   1.2800000e+02   1.0000000e+00   1.3764800e+00   8.2607600e-01   2.8110766e+00   0.0000000e+00
   1.2900000e+02   0.0000000e+00   7.1882200e-01   8.2607600e-01   2.8110766e+00   0.0000000e+00
   1.3000000e+02   1.0000000e+00   1.0014800e+00   8.2607600e-01   2.8110766e+00   1.0000000e+00
   1.3100000e+02   0.0000000e+00   1.0662100e+00   8.2607600e-01   2.8110766e+00   1.0000000e+00
   1.3200000e+02   0.0000000e+00   1.5599440e+00   8.2607600e-01   2.8110766e+00   1.0000000e+00
   1.3300000e+02   1.0000000e+00   1.7632660e+00   8.2607600e-01   2.8110766e+00   0.0000000e+00
   1.3400000e+02   0.0000000e+00   4.5157500e-01   8.2607600e-01   2.8110766e+00   1.0000000e+00
   1.3500000e+02   1.0000000e+00   6.6973600e-01   8.2607600e-01   2.8110766e+00   0.0000000e+00
   1.3600000e+02   1.0000000e+00   5.1295600e-01   8.2607600e-01   2.8110766e+00   1.0000000e+00
