   1.0000000e+00   0.0000000e+00   3.3350340e+00   8.4762800e-01   2.6937882e+00   0.0000000e+00
   2.0000000e+00   0.0000000e+00   5.0242700e-01   8.4762800e-01   2.6937882e+00   1.0000000e+00
   3.0000000e+00   1.0000000e+00   7.2188300e-01   8.4762800e-01   2.6937882e+00   0.0000000e+00
   4.0000000e+00   0.0000000e+00   1.1419310e+00   8.4762800e-01   2.6937882e+00   1.0000000e+00
   5.0000000e+00   1.0000000e+00   7.0215600e-01   8.4762800e-01   2.6937882e+00   1.0000000e+00
   6.0000000e+00   0.0000000e+00   8.7858200e-01   8.4762800e-01   2.6937882e+00   0.0000000e+00
   7.0000000e+00   1.0000000e+00   6.6002100e-01   8.4762800e-01   2.6937882e+00   0.0000000e+00
   8.0000000e+00   0.0000000e+00   5.6227200e-01   8.4762800e-01   2.6937882e+00   1.0000000e+00
   9.0000000e+00   0.0000000e+00   8.5752500e-01   8.4762800e-01   2.6937882e+00   1.0000000e+00
   1.0000000e+01   1.0000000e+00   4.5791500e-01   8.4762800e-01   2.6937882e+00   1.0000000e+00
   1.1000000e+01   0.0000000e+00   1.4531520e+00   8.4762800e-01   2.6937882e+00   0.0000000e+00
   1.2000000e+01   0.0000000e+00   1.9707080e+00   8.4762800e-01   2.6937882e+00   1.0000000e+00
   1.3000000e+01   0.0000000e+00   4.8855600e-01   8.4762800e-01   2.6937882e+00   0.0000000e+00
   1.4000000e+01   1.0000000e+00   6.8960100e-01   8.4762800e-01   2.6937882e+00   1.0000000e+00
   1.5000000e+01   0.0000000e+00   7.4577900e-01   8.4762800e-01   2.6937882e+00   1.0000000e+00
   1.6000000e+01   0.0000000e+00   1.7828080e+00   8.4762800e-01   2.6937882e+00   1.0000000e+00
   1.7000000e+01   0.0000000e+00   1.1242200e+00   8.4762800e-01   2.6937882e+00   1.0000000e+00
   1.8000000e+01   1.0000000e+00   5.2525700e-01   8.4762800e-01   2.6937882e+00   0.0000000e+00
   1.9000000e+01   0.0000000e+00   7.8076400e-01   8.4762800e-01   2.6937882e+00   0.0000000e+00
   2.0000000e+01   0.0000000e+00   1.2627090e+00   8.4762800e-01   2.6937882e+00   1.0000000e+00
   2.1000000e+01   0.0000000e+00   1.1243660e+00   8.4762800e-01   2.6937882e+00   1.0000000e+00
   2.2000000e+01   0.0000000e+00   9.4299100e-01   8.4762800e-01   2.6937882e+00   0.0000000e+00
   2.3000000e+01   1.0000000e+00   1.1890990e+00   8.4762800e-01   2.6937882e+00   1.0000000e+00
   2.4000000e+01   0.0000000e+00   1.0525260e+00   8.4762800e-01   2.6937882e+00   1.0000000e+00
   2.5000000e+01   1.0000000e+00   5.3559900e-01   8.4762800e-01   2.6937882e+00   0.0000000e+00
   2.6000000e+01   0.0000000e+00   5.9025100e-01   8.4762800e-01   2.6937882e+00   0.0000000e+00
   2.7000000e+01   0.0000000e+00   5.6385800e-01   8.4762800e-01   2.6937882e+00   0.0000000e+00
   2.8000000e+01   0.0000000e+00   5.6055100e-01   8.4762800e-01   2.6937882e+00   1.0000000e+00
   2.9000000e+01   0.0000000e+00   7.3936600e-01   8.4762800e-01   2.6937882e+00   0.0000000e+00
   3.0000000e+01   1.0000000e+00   8.0606800e-01   8.4762800e-01   2.6937882e+00   1.0000000e+00
   3.1000000e+01   0.0000000e+00   1.6273940e+00   8.4762800e-01   2.6937882e+00   0.0000000e+00
   3.2000000e+01   0.0000000e+00   5.3563700e-01   8.4762800e-01   2.6937882e+00   0.0000000e+00
   3.3000000e+01   1.0000000e+00   9.6176900e-01   8.4762800e-01   2.6937882e+00   0.0000000e+00
   3.4000000e+01   0.0000000e+00   3.8565190e+00   8.4762800e-01   2.6937882e+00   0.0000000e+00
   3.5000000e+01   0.0000000e+00   5.8277200e-01   8.4762800e-01   2.6937882e+00   0.0000000e+00
   3.6000000e+01   0.0000000e+00   2.0237170e+00   8.4762800e-01   2.6937882e+00   1.0000000e+00
   3.7000000e+01   0.0000000e+00   6.8734000e-01   8.4762800e-01   2.6937882e+00   0.0000000e+00
   3.8000000e+01   0.0000000e+00   1.2400440e+00   8.4762800e-01   2.6937882e+00   0.0000000e+00
   3.9000000e+01   1.0000000e+00   6.5605100e-01   8.4762800e-01   2.6937882e+00   0.0000000e+00
   4.0000000e+01   1.0000000e+00   4.8705600e-01   8.4762800e-01   2.6937882e+00   1.0000000e+00
   4.1000000e+01   0.0000000e+00   1.1555570e+00   8.4762800e-01   2.6937882e+00   0.0000000e+00
   4.2000000e+01   0.0000000e+00   8.7603000e-01   8.4762800e-01   2.6937882e+00   0.0000000e+00
   4.3000000e+01   0.0000000e+00   5.2872200e-01   8.4762800e-01   2.6937882e+00   0.0000000e+00
   4.4000000e+01   1.0000000e+00   4.5420400e-01   8.4762800e-01   2.6937882e+00   0.0000000e+00
   4.5000000e+01   0.0000000e+00   1.0490990e+00   8.4762800e-01   2.6937882e+00   1.0000000e+00
   4.6000000e+01   1.0000000e+00   5.4707700e-01   8.4762800e-01   2.6937882e+00   1.0000000e+00
   4.7000000e+01   0.0000000e+00   4.5165000e-01   8.4762800e-01   2.6937882e+00   1.0000000e+00
   4.8000000e+01   0.0000000e+00   5.8575600e-01   8.4762800e-01   2.6937882e+00   1.0000000e+00
   4.9000000e+01   0.0000000e+00   4.5120300e-01   8.4762800e-01   2.6937882e+00   0.0000000e+00
   5.0000000e+01   0.0000000e+00   4.6543100e-01   8.4762800e-01   2.6937882e+00   1.0000000e+00
   5.1000000e+01   0.0000000e+00   4.6924100e-01   8.4762800e-01   2.6937882e+00   0.0000000e+00
   5.2000000e+01   0.0000000e+00   2.0713120e+00   8.4762800e-01   2.6937882e+00   0.0000000e+00
   5.3000000e+01   1.0000000e+00   7.5634000e-01   8.4762800e-01   2.6937882e+00   1.0000000e+00
   5.4000000e+01   0.0000000e+00   1.5803950e+00   8.4762800e-01   2.6937882e+00   0.0000000e+00
   5.5000000e+01   0.0000000e+00   1.0842270e+00   8.4762800e-01   2.6937882e+00   0.0000000e+00
   5.6000000e+01   0.0000000e+00   5.4098500e-01   8.4762800e-01   2.6937882e+00   1.0000000e+00
   5.7000000e+01   0.0000000e+00   9.9698200e-01   8.4762800e-01   2.6937882e+00   0.0000000e+00
   5.8000000e+01   0.0000000e+00   5.1324900e-01   8.4762800e-01   2.6937882e+00   1.0000000e+00
   5.9000000e+01   1.0000000e+00   1.2029150e+00   8.4762800e-01   2.6937882e+00   0.0000000e+00
   6.0000000e+01   1.0000000e+00   5.4293000e-01   8.4762800e-01   2.6937882e+00   1.0000000e+00
   6.1000000e+01   0.0000000e+00   5.2991500e-01   8.4762800e-01   2.6937882e+00   1.0000000e+00
   6.2000000e+01   0.0000000e+00   8.8033600e-01   8.4762800e-01   2.6937882e+00   1.0000000e+00
   6.3000000e+01   1.0000000e+00   1.9209480e+00   8.4762800e-01   2.6937882e+00   0.0000000e+00
   6.4000000e+01   0.0000000e+00   6.0369600e-01   8.4762800e-01   2.6937882e+00   1.0000000e+00
   6.5000000e+01   0.0000000e+00   5.6219800e-01   8.4762800e-01   2.6937882e+00   1.0000000e+00
   6.6000000e+01   0.0000000e+00   4.5653400e-01   8.4762800e-01   2.6937882e+00   1.0000000e+00
   6.7000000e+01   0.0000000e+00   1.9942330e+00   8.4762800e-01   2.6937882e+00   1.0000000e+00
   6.8000000e+01   1.0000000e+00   5.7803800e-01   8.4762800e-01   2.6937882e+00   0.0000000e+00
   6.9000000e+01   0.0000000e+00   1.0272270e+00   8.4762800e-01   2.6937882e+00   0.0000000e+00
   7.0000000e+01   1.0000000e+00   4.8063600e-01   8.4762800e-01   2.6937882e+00   1.0000000e+00
   7.1000000e+01   0.0000000e+00   4.3577700e-01   8.4762800e-01   2.6937882e+00   0.0000000e+00
   7.2000000e+01   0.0000000e+00   6.1333600e-01   8.4762800e-01   2.6937882e+00   1.0000000e+00
   7.3000000e+01   0.0000000e+00   5.5310400e-01   8.4762800e-01   2.6937882e+00   1.0000000e+00
   7.4000000e+01   1.0000000e+00   2.2897840e+00   8.4762800e-01   2.6937882e+00   1.0000000e+00
   7.5000000e+01   0.0000000e+00   5.5855700e-01   8.4762800e-01   2.6937882e+00   1.0000000e+00
   7.6000000e+01   1.0000000e+00   2.4183850e+00   8.4762800e-01   2.6937882e+00   0.0000000e+00
   7.7000000e+01   0.0000000e+00   4.8915000e-01   8.4762800e-01   2.6937882e+00   0.0000000e+00
   7.8000000e+01   0.0000000e+00   1.1737900e+00   8.4762800e-01   2.6937882e+00   0.0000000e+00
   7.9000000e+01   0.0000000e+00   7.8558100e-01   8.4762800e-01   2.6937882e+00   0.0000000e+00
   8.0000000e+01   0.0000000e+00   1.2781770e+00   8.4762800e-01   2.6937882e+00   1.0000000e+00
   8.1000000e+01   1.0000000e+00   8.7738800e-01   8.4762800e-01   2.6937882e+00   1.0000000e+00
   8.2000000e+01   0.0000000e+00   1.0248610e+00   8.4762800e-01   2.6937882e+00   0.0000000e+00
   8.3000000e+01   1.0000000e+00   9.0912300e-01   8.4762800e-01   2.6937882e+00   0.0000000e+00
   8.4000000e+01   0.0000000e+00   7.8211700e-01   8.4762800e-01   2.6937882e+00   0.0000000e+00
   8.5000000e+01   1.0000000e+00   1.0073360e+00   8.4762800e-01   2.6937882e+00   0.0000000e+00
   8.6000000e+01   0.0000000e+00   9.9945400e-01   8.4762800e-01   2.6937882e+00   1.0000000e+00
   8.7000000e+01   1.0000000e+00   5.3173600e-01   8.4762800e-01   2.6937882e+00   1.0000000e+00
   8.8000000e+01   0.0000000e+00   8.8537500e-01   8.4762800e-01   2.6937882e+00   0.0000000e+00
   8.9000000e+01   0.0000000e+00   5.1022400e-01   8.4762800e-01   2.6937882e+00   0.0000000e+00
   9.0000000e+01   0.0000000e+00   7.7663200e-01   8.4762800e-01   2.6937882e+00   0.0000000e+00
   9.1000000e+01   1.0000000e+00   4.4048700e-01   8.4762800e-01   2.6937882e+00   0.0000000e+00
   9.2000000e+01   0.0000000e+00   7.4559000e-01   8.4762800e-01   2.6937882e+00   1.0000000e+00
   9.3000000e+01   0.0000000e+00   1.4844300e+00   8.4762800e-01   2.6937882e+00   1.0000000e+00
   9.4000000e+01   1.0000000e+00   6.0435500e-01   8.4762800e-01   2.6937882e+00   1.0000000e+00
   9.5000000e+01   0.0000000e+00   9.1456400e-01   8.4762800e-01   2.6937882e+00   1.0000000e+00
   9.6000000e+01   0.0000000e+00   7.1891900e-01   8.4762800e-01   2.6937882e+00   0.0000000e+00
   9.7000000e+01   0.0000000e+00   4.8006900e-01   8.4762800e-01   2.6937882e+00   0.0000000e+00
   9.8000000e+01   1.0000000e+00   7.2215400e-01   8.4762800e-01   2.6937882e+00   0.0000000e+00
   9.9000000e+01   0.0000000e+00   6.6218900e-01   8.4762800e-01   2.6937882e+00   1.0000000e+00
   1.0000000e+02   0.0000000e+00   8.3057300e-01   8.4762800e-01   2.6937882e+00   1.0000000e+00
   1.0100000e+02   0.0000000e+00   1.3667320e+00   8.4762800e-01   2.6937882e+00   1.0000000e+00
   1.0200000e+02   0.0000000e+00   6.9376000e-01   8.4762800e-01   2.6937882e+00   1.0000000e+00
   1.0300000e+02   1.0000000e+00   7.4232900e-01   8.4762800e-01   2.6937882e+00   1.0000000e+00
   1.0400000e+02   0.0000000e+00   1.2475610e+00   8.4762800e-01   2.6937882e+00   1.0000000e+00
   1.0500000e+02   0.0000000e+00   7.1961800e-01   8.4762800e-01   2.6937882e+00   1.0000000e+00
   1.0600000e+02   1.0000000e+00   7.8594700e-01   8.4762800e-01   2.6937882e+00   1.0000000e+00
   1.0700000e+02   0.0000000e+00   4.5070100e-01   8.4762800e-01   2.6937882e+00   0.0000000e+00
   1.0800000e+02   0.0000000e+00   9.5359700e-01   8.4762800e-01   2.6937882e+00   0.0000000e+00
   1.0900000e+02   0.0000000e+00   8.5310600e-01   8.4762800e-01   2.6937882e+00   0.0000000e+00
   1.1000000e+02   0.0000000e+00   6.1082500e-01   8.4762800e-01   2.6937882e+00   0.0000000e+00
   1.1100000e+02   1.0000000e+00   1.8395210e+00   8.4762800e-01   2.6937882e+00   0.0000000e+00
   1.1200000e+02   1.0000000e+00   1.0585480e+00   8.4762800e-01   2.6937882e+00   1.0000000e+00
   1.1300000e+02   0.0000000e+00   1.3517520e+00   8.4762800e-01   2.6937882e+00   1.0000000e+00
   1.1400000e+02   0.0000000e+00   7.3424400e-01   8.4762800e-01   2.6937882e+00   0.0000000e+00
   1.1500000e+02   1.0000000e+00   7.4675800e-01   8.4762800e-01   2.6937882e+00   0.0000000e+00
   1.1600000e+02   0.0000000e+00   7.9252600e-01   8.4762800e-01   2.6937882e+00   1.0000000e+00
   1.1700000e+02   0.0000000e+00   5.5714800e-01   8.4762800e-01   2.6937882e+00   1.0000000e+00
   1.1800000e+02   0.0000000e+00   6.8819500e-01   8.4762800e-01   2.6937882e+00   1.0000000e+00
   1.1900000e+02   0.0000000e+00   2.8730170e+00   8.4762800e-01   2.6937882e+00   0.0000000e+00
   1.2000000e+02   0.0000000e+00   1.3490230e+00   8.4762800e-01   2.6937882e+00   0.0000000e+00
   1.2100000e+02   0.0000000e+00   6.0615100e-01   8.4762800e-01   2.6937882e+00   0.0000000e+00
   1.2200000e+02   1.0000000e+00   5.1567900e-01   8.4762800e-01   2.6937882e+00   0.0000000e+00
   1.2300000e+02   0.0000000e+00   4.4098600e-01   8.4762800e-01   2.6937882e+00   0.0000000e+00
   1.2400000e+02   1.0000000e+00   5.0687700e-01   8.4762800e-01   2.6937882e+00   1.0000000e+00
   1.2500000e+02   0.0000000e+00   9.7847500e-01   8.4762800e-01   2.6937882e+00   1.0000000e+00
   1.2600000e+02   0.0000000e+00   6.4155200e-01   8.4762800e-01   2.6937882e+00   1.0000000e+00
   1.2700000e+02   0.0000000e+00   5.8747000e-01   8.4762800e-01   2.6937882e+00   0.0000000e+00
   1.2800000e+02   1.0000000e+00   1.7465800e+00   8.4762800e-01   2.6937882e+00   0.0000000e+00
   1.2900000e+02   0.0000000e+00   7.9178000e-01   8.4762800e-01   2.6937882e+00   1.0000000e+00
   1.3000000e+02   0.0000000e+00   5.7064500e-01   8.4762800e-01   2.6937882e+00   0.0000000e+00
   1.3100000e+02   0.0000000e+00   8.8610500e-01   8.4762800e-01   2.6937882e+00   1.0000000e+00
   1.3200000e+02   0.0000000e+00   6.3862300e-01   8.4762800e-01   2.6937882e+00   1.0000000e+00
   1.3300000e+02   1.0000000e+00   2.7710120e+00   8.4762800e-01   2.6937882e+00   1.0000000e+00
   1.3400000e+02   0.0000000e+00   5.8608900e-01   8.4762800e-01   2.6937882e+00   0.0000000e+00
   1.3500000e+02   1.0000000e+00   5.6154000e-01   8.4762800e-01   2.6937882e+00   1.0000000e+00
   1.3600000e+02   1.0000000e+00   6.4897300e-01   8.4762800e-01   2.6937882e+00   0.0000000e+00
