   1.0000000e+00   0.0000000e+00   1.4161730e+00   8.2767000e-01   3.2481515e+00   0.0000000e+00
   2.0000000e+00   0.0000000e+00   6.1626200e-01   8.2767000e-01   3.2481515e+00   0.0000000e+00
   3.0000000e+00   0.0000000e+00   1.1051010e+00   8.2767000e-01   3.2481515e+00   0.0000000e+00
   4.0000000e+00   1.0000000e+00   6.1819700e-01   8.2767000e-01   3.2481515e+00   0.0000000e+00
   5.0000000e+00   0.0000000e+00   1.0653200e+00   8.2767000e-01   3.2481515e+00   0.0000000e+00
   6.0000000e+00   1.0000000e+00   9.0985000e-01   8.2767000e-01   3.2481515e+00   1.0000000e+00
   7.0000000e+00   0.0000000e+00   1.8834450e+00   8.2767000e-01   3.2481515e+00   1.0000000e+00
   8.0000000e+00   0.0000000e+00   1.0833470e+00   8.2767000e-01   3.2481515e+00   0.0000000e+00
   9.0000000e+00   1.0000000e+00   7.8213100e-01   8.2767000e-01   3.2481515e+00   0.0000000e+00
   1.0000000e+01   0.0000000e+00   6.9878200e-01   8.2767000e-01   3.2481515e+00   1.0000000e+00
   1.1000000e+01   1.0000000e+00   6.0437800e-01   8.2767000e-01   3.2481515e+00   1.0000000e+00
   1.2000000e+01   0.0000000e+00   9.4225100e-01   8.2767000e-01   3.2481515e+00   1.0000000e+00
   1.3000000e+01   1.0000000e+00   6.8457500e-01   8.2767000e-01   3.2481515e+00   1.0000000e+00
   1.4000000e+01   0.0000000e+00   5.8937900e-01   8.2767000e-01   3.2481515e+00   1.0000000e+00
   1.5000000e+01   0.0000000e+00   8.0956700e-01   8.2767000e-01   3.2481515e+00   0.0000000e+00
   1.6000000e+01   0.0000000e+00   5.5244600e-01   8.2767000e-01   3.2481515e+00   1.0000000e+00
   1.7000000e+01   0.0000000e+00   2.1931280e+00   8.2767000e-01   3.2481515e+00   0.0000000e+00
   1.8000000e+01   1.0000000e+00   8.6996900e-01   8.2767000e-01   3.2481515e+00   0.0000000e+00
   1.9000000e+01   0.0000000e+00   1.0354840e+00   8.2767000e-01   3.2481515e+00   0.0000000e+00
   2.0000000e+01   0.0000000e+00   2.3470200e+00   8.2767000e-01   3.2481515e+00   1.0000000e+00
   2.1000000e+01   0.0000000e+00   5.0396200e-01   8.2767000e-01   3.2481515e+00   1.0000000e+00
   2.2000000e+01   0.0000000e+00   1.4302250e+00   8.2767000e-01   3.2481515e+00   0.0000000e+00
   2.3000000e+01   1.0000000e+00   6.3299900e-01   8.2767000e-01   3.2481515e+00   1.0000000e+00
   2.4000000e+01   0.0000000e+00   4.6721900e-01   8.2767000e-01   3.2481515e+00   1.0000000e+00
   2.5000000e+01   0.0000000e+00   4.8404800e-01   8.2767000e-01   3.2481515e+00   1.0000000e+00
   2.6000000e+01   1.0000000e+00   5.1007400e-01   8.2767000e-01   3.2481515e+00   0.0000000e+00
   2.7000000e+01   0.0000000e+00   2.1252730e+00   8.2767000e-01   3.2481515e+00   1.0000000e+00
   2.8000000e+01   0.0000000e+00   4.8842900e-01   8.2767000e-01   3.2481515e+00   0.0000000e+00
   2.9000000e+01   1.0000000e+00   1.0748420e+00   8.2767000e-01   3.2481515e+00   1.0000000e+00
   3.0000000e+01   0.0000000e+00   1.0900210e+00   8.2767000e-01   3.2481515e+00   1.0000000e+00
   3.1000000e+01   0.0000000e+00   7.5772500e-01   8.2767000e-01   3.2481515e+00   0.0000000e+00
   3.2000000e+01   0.0000000e+00   1.9972560e+00   8.2767000e-01   3.2481515e+00   1.0000000e+00
   3.3000000e+01   1.0000000e+00   8.6525300e-01   8.2767000e-01   3.2481515e+00   0.0000000e+00
   3.4000000e+01   1.0000000e+00   4.4675100e-01   8.2767000e-01   3.2481515e+00   0.0000000e+00
   3.5000000e+01   0.0000000e+00   1.2409440e+00   8.2767000e-01   3.2481515e+00   0.0000000e+00
   3.6000000e+01   0.0000000e+00   8.5737700e-01   8.2767000e-01   3.2481515e+00   1.0000000e+00
   3.7000000e+01   0.0000000e+00   5.8256100e-01   8.2767000e-01   3.2481515e+00   1.0000000e+00
   3.8000000e+01   0.0000000e+00   4.8467300e-01   8.2767000e-01   3.2481515e+00   0.0000000e+00
   3.9000000e+01   1.0000000e+00   7.5074100e-01   8.2767000e-01   3.2481515e+00   1.0000000e+00
   4.0000000e+01   0.0000000e+00   5.5463600e-01   8.2767000e-01   3.2481515e+00   1.0000000e+00
   4.1000000e+01   0.0000000e+00   4.3588200e-01   8.2767000e-01   3.2481515e+00   0.0000000e+00
   4.2000000e+01   0.0000000e+00   1.7894420e+00   8.2767000e-01   3.2481515e+00   0.0000000e+00
   4.3000000e+01   1.0000000e+00   5.3900100e-01   8.2767000e-01   3.2481515e+00   0.0000000e+00
   4.4000000e+01   0.0000000e+00   4.9392700e-01   8.2767000e-01   3.2481515e+00   0.0000000e+00
   4.5000000e+01   1.0000000e+00   7.6530000e-01   8.2767000e-01   3.2481515e+00   1.0000000e+00
   4.6000000e+01   0.0000000e+00   1.7177440e+00   8.2767000e-01   3.2481515e+00   1.0000000e+00
   4.7000000e+01   1.0000000e+00   1.2036280e+00   8.2767000e-01   3.2481515e+00   1.0000000e+00
   4.8000000e+01   0.0000000e+00   8.2671400e-01   8.2767000e-01   3.2481515e+00   1.0000000e+00
   4.9000000e+01   0.0000000e+00   1.3090370e+00   8.2767000e-01   3.2481515e+00   0.0000000e+00
   5.0000000e+01   0.0000000e+00   1.2723830e+00   8.2767000e-01   3.2481515e+00   1.0000000e+00
   5.1000000e+01   1.0000000e+00   4.5968200e-01   8.2767000e-01   3.2481515e+00   0.0000000e+00
   5.2000000e+01   0.0000000e+00   6.0028600e-01   8.2767000e-01   3.2481515e+00   0.0000000e+00
   5.3000000e+01   0.0000000e+00   9.9632500e-01   8.2767000e-01   3.2481515e+00   1.0000000e+00
   5.4000000e+01   0.0000000e+00   5.4921800e-01   8.2767000e-01   3.2481515e+00   1.0000000e+00
   5.5000000e+01   1.0000000e+00   4.5074500e-01   8.2767000e-01   3.2481515e+00   1.0000000e+00
   5.6000000e+01   0.0000000e+00   1.3485440e+00   8.2767000e-01   3.2481515e+00   0.0000000e+00
   5.7000000e+01   1.0000000e+00   2.6279750e+00   8.2767000e-01   3.2481515e+00   0.0000000e+00
   5.8000000e+01   0.0000000e+00   5.4901300e-01   8.2767000e-01   3.2481515e+00   0.0000000e+00
   5.9000000e+01   0.0000000e+00   1.2722060e+00   8.2767000e-01   3.2481515e+00   1.0000000e+00
   6.0000000e+01   1.0000000e+00   6.1202600e-01   8.2767000e-01   3.2481515e+00   0.0000000e+00
   6.1000000e+01   0.0000000e+00   5.5829600e-01   8.2767000e-01   3.2481515e+00   0.0000000e+00
   6.2000000e+01   1.0000000e+00   1.1500260e+00   8.2767000e-01   3.2481515e+00   1.0000000e+00
   6.3000000e+01   1.0000000e+00   5.7569500e-01   8.2767000e-01   3.2481515e+00   1.0000000e+00
   6.4000000e+01   0.0000000e+00   1.5262970e+00   8.2767000e-01   3.2481515e+00   0.0000000e+00
   6.5000000e+01   0.0000000e+00   4.6466800e-01   8.2767000e-01   3.2481515e+00   0.0000000e+00
   6.6000000e+01   0.0000000e+00   1.1496230e+00   8.2767000e-01   3.2481515e+00   1.0000000e+00
   6.7000000e+01   1.0000000e+00   1.2532250e+00   8.2767000e-01   3.2481515e+00   0.0000000e+00
   6.8000000e+01   0.0000000e+00   4.8232500e-01   8.2767000e-01   3.2481515e+00   1.0000000e+00
   6.9000000e+01   0.0000000e+00   9.9140400e-01   8.2767000e-01   3.2481515e+00   1.0000000e+00
   7.0000000e+01   0.0000000e+00   5.5468400e-01   8.2767000e-01   3.2481515e+00   0.0000000e+00
   7.1000000e+01   0.0000000e+00   1.1827040e+00   8.2767000e-01   3.2481515e+00   0.0000000e+00
   7.2000000e+01   0.0000000e+00   4.9064600e-01   8.2767000e-01   3.2481515e+00   0.0000000e+00
   7.3000000e+01   1.0000000e+00   1.0480780e+00   8.2767000e-01   3.2481515e+00   1.0000000e+00
   7.4000000e+01   0.0000000e+00   1.2566750e+00   8.2767000e-01   3.2481515e+00   1.0000000e+00
   7.5000000e+01   1.0000000e+00   2.0133900e+00   8.2767000e-01   3.2481515e+00   0.0000000e+00
   7.6000000e+01   0.0000000e+00   5.1754700e-01   8.2767000e-01   3.2481515e+00   0.0000000e+00
   7.7000000e+01   1.0000000e+00   8.2264500e-01   8.2767000e-01   3.2481515e+00   0.0000000e+00
   7.8000000e+01   0.0000000e+00   6.6495300e-01   8.2767000e-01   3.2481515e+00   0.0000000e+00
   7.9000000e+01   0.0000000e+00   9.1469700e-01   8.2767000e-01   3.2481515e+00   1.0000000e+00
   8.0000000e+01   1.0000000e+00   7.8367100e-01   8.2767000e-01   3.2481515e+00   1.0000000e+00
   8.1000000e+01   0.0000000e+00   6.6126200e-01   8.2767000e-01   3.2481515e+00   0.0000000e+00
   8.2000000e+01   0.0000000e+00   1.3748350e+00   8.2767000e-01   3.2481515e+00   1.0000000e+00
   8.3000000e+01   1.0000000e+00   1.8135130e+00   8.2767000e-01   3.2481515e+00   0.0000000e+00
   8.4000000e+01   0.0000000e+00   4.5646100e-01   8.2767000e-01   3.2481515e+00   1.0000000e+00
   8.5000000e+01   0.0000000e+00   7.9733000e-01   8.2767000e-01   3.2481515e+00   0.0000000e+00
   8.6000000e+01   0.0000000e+00   8.3369000e-01   8.2767000e-01   3.2481515e+00   0.0000000e+00
   8.7000000e+01   1.0000000e+00   5.5432000e-01   8.2767000e-01   3.2481515e+00   1.0000000e+00
   8.8000000e+01   0.0000000e+00   8.2169600e-01   8.2767000e-01   3.2481515e+00   1.0000000e+00
   8.9000000e+01   0.0000000e+00   1.0508270e+00   8.2767000e-01   3.2481515e+00   1.0000000e+00
   9.0000000e+01   0.0000000e+00   1.2436800e+00   8.2767000e-01   3.2481515e+00   1.0000000e+00
   9.1000000e+01   1.0000000e+00   4.5552600e-01   8.2767000e-01   3.2481515e+00   0.0000000e+00
   9.2000000e+01   0.0000000e+00   1.0241930e+00   8.2767000e-01   3.2481515e+00   0.0000000e+00
   9.3000000e+01   1.0000000e+00   5.3922000e-01   8.2767000e-01   3.2481515e+00   1.0000000e+00
   9.4000000e+01   1.0000000e+00   1.6987270e+00   8.2767000e-01   3.2481515e+00   1.0000000e+00
   9.5000000e+01   0.0000000e+00   7.3946700e-01   8.2767000e-01   3.2481515e+00   1.0000000e+00
   9.6000000e+01   0.0000000e+00   4.9753600e-01   8.2767000e-01   3.2481515e+00   1.0000000e+00
   9.7000000e+01   0.0000000e+00   1.1034720e+00   8.2767000e-01   3.2481515e+00   0.0000000e+00
   9.8000000e+01   0.0000000e+00   8.4609400e-01   8.2767000e-01   3.2481515e+00   1.0000000e+00
   9.9000000e+01   0.0000000e+00   5.3351400e-01   8.2767000e-01   3.2481515e+00   0.0000000e+00
   1.0000000e+02   0.0000000e+00   6.7109200e-01   8.2767000e-01   3.2481515e+00   1.0000000e+00
   1.0100000e+02   0.0000000e+00   1.5101350e+00   8.2767000e-01   3.2481515e+00   0.0000000e+00
   1.0200000e+02   0.0000000e+00   1.1885530e+00   8.2767000e-01   3.2481515e+00   0.0000000e+00
   1.0300000e+02   0.0000000e+00   6.9082900e-01   8.2767000e-01   3.2481515e+00   0.0000000e+00
   1.0400000e+02   0.0000000e+00   1.2997830e+00   8.2767000e-01   3.2481515e+00   1.0000000e+00
   1.0500000e+02   1.0000000e+00   6.3923700e-01   8.2767000e-01   3.2481515e+00   0.0000000e+00
   1.0600000e+02   0.0000000e+00   6.7219400e-01   8.2767000e-01   3.2481515e+00   1.0000000e+00
   1.0700000e+02   0.0000000e+00   6.3679600e-01   8.2767000e-01   3.2481515e+00   0.0000000e+00
   1.0800000e+02   1.0000000e+00   6.3025300e-01   8.2767000e-01   3.2481515e+00   1.0000000e+00
   1.0900000e+02   0.0000000e+00   4.6943600e-01   8.2767000e-01   3.2481515e+00   0.0000000e+00
   1.1000000e+02   0.0000000e+00   8.8287800e-01   8.2767000e-01   3.2481515e+00   1.0000000e+00
   1.1100000e+02   0.0000000e+00   4.5666000e-01   8.2767000e-01   3.2481515e+00   1.0000000e+00
   1.1200000e+02   0.0000000e+00   1.0670040e+00   8.2767000e-01   3.2481515e+00   1.0000000e+00
   1.1300000e+02   0.0000000e+00   9.9724400e-01   8.2767000e-01   3.2481515e+00   1.0000000e+00
   1.1400000e+02   0.0000000e+00   6.7450800e-01   8.2767000e-01   3.2481515e+00   0.0000000e+00
   1.1500000e+02   1.0000000e+00   1.0245640e+00   8.2767000e-01   3.2481515e+00   0.0000000e+00
   1.1600000e+02   0.0000000e+00   6.4827100e-01   8.2767000e-01   3.2481515e+00   0.0000000e+00
   1.1700000e+02   0.0000000e+00   6.4856800e-01   8.2767000e-01   3.2481515e+00   1.0000000e+00
   1.1800000e+02   0.0000000e+00   6.2549600e-01   8.2767000e-01   3.2481515e+00   1.0000000e+00
   1.1900000e+02   0.0000000e+00   9.5609800e-01   8.2767000e-01   3.2481515e+00   1.0000000e+00
   1.2000000e+02   1.0000000e+00   1.6593790e+00   8.2767000e-01   3.2481515e+00   0.0000000e+00
   1.2100000e+02   0.0000000e+00   6.1324200e-01   8.2767000e-01   3.2481515e+00   0.0000000e+00
   1.2200000e+02   1.0000000e+00   7.4872800e-01   8.2767000e-01   3.2481515e+00   1.0000000e+00
   1.2300000e+02   0.0000000e+00   6.3317000e-01   8.2767000e-01   3.2481515e+00   0.0000000e+00
   1.2400000e+02   1.0000000e+00   1.4050170e+00   8.2767000e-01   3.2481515e+00   0.0000000e+00
   1.2500000e+02   0.0000000e+00   4.5317400e-01   8.2767000e-01   3.2481515e+00   0.0000000e+00
   1.2600000e+02   0.0000000e+00   1.9218370e+00   8.2767000e-01   3.2481515e+00   0.0000000e+00
   1.2700000e+02   0.0000000e+00   8.3113800e-01   8.2767000e-01   3.2481515e+00   0.0000000e+00
   1.2800000e+02   0.0000000e+00   1.1617240e+00   8.2767000e-01   3.2481515e+00   1.0000000e+00
   1.2900000e+02   0.0000000e+00   1.3929510e+00   8.2767000e-01   3.2481515e+00   1.0000000e+00
   1.3000000e+02   1.0000000e+00   6.4879300e-01   8.2767000e-01   3.2481515e+00   1.0000000e+00
   1.3100000e+02   0.0000000e+00   5.5785200e-01   8.2767000e-01   3.2481515e+00   1.0000000e+00
   1.3200000e+02   0.0000000e+00   9.5152000e-01   8.2767000e-01   3.2481515e+00   0.0000000e+00
   1.3300000e+02   0.0000000e+00   1.2893170e+00   8.2767000e-01   3.2481515e+00   0.0000000e+00
   1.3400000e+02   0.0000000e+00   5.3426100e-01   8.2767000e-01   3.2481515e+00   1.0000000e+00
   1.3500000e+02   1.0000000e+00   1.2383600e+00   8.2767000e-01   3.2481515e+00   1.0000000e+00
   1.3600000e+02   1.0000000e+00   1.3124380e+00   8.2767000e-01   3.2481515e+00   0.0000000e+00
