   1.0000000e+00   0.0000000e+00   6.9390200e-01   8.2145200e-01   2.7784140e+00   0.0000000e+00
   2.0000000e+00   0.0000000e+00   9.0095100e-01   8.2145200e-01   2.7784140e+00   1.0000000e+00
   3.0000000e+00   0.0000000e+00   1.0801890e+00   8.2145200e-01   2.7784140e+00   0.0000000e+00
   4.0000000e+00   0.0000000e+00   1.0537710e+00   8.2145200e-01   2.7784140e+00   0.0000000e+00
   5.0000000e+00   0.0000000e+00   4.7354900e-01   8.2145200e-01   2.7784140e+00   0.0000000e+00
   6.0000000e+00   1.0000000e+00   8.4209000e-01   8.2145200e-01   2.7784140e+00   1.0000000e+00
   7.0000000e+00   0.0000000e+00   8.0233100e-01   8.2145200e-01   2.7784140e+00   1.0000000e+00
   8.0000000e+00   0.0000000e+00   7.6114500e-01   8.2145200e-01   2.7784140e+00   0.0000000e+00
   9.0000000e+00   1.0000000e+00   6.9108200e-01   8.2145200e-01   2.7784140e+00   0.0000000e+00
   1.0000000e+01   0.0000000e+00   6.7266900e-01   8.2145200e-01   2.7784140e+00   1.0000000e+00
   1.1000000e+01   0.0000000e+00   1.5088110e+00   8.2145200e-01   2.7784140e+00   0.0000000e+00
   1.2000000e+01   0.0000000e+00   4.7064400e-01   8.2145200e-01   2.7784140e+00   1.0000000e+00
   1.3000000e+01   1.0000000e+00   4.5699300e-01   8.2145200e-01   2.7784140e+00   1.0000000e+00
   1.4000000e+01   0.0000000e+00   7.0863600e-01   8.2145200e-01   2.7784140e+00   1.0000000e+00
   1.5000000e+01   1.0000000e+00   4.7002000e-01   8.2145200e-01   2.7784140e+00   0.0000000e+00
   1.6000000e+01   0.0000000e+00   5.3005300e-01   8.2145200e-01   2.7784140e+00   1.0000000e+00
   1.7000000e+01   1.0000000e+00   1.3376840e+00   8.2145200e-01   2.7784140e+00   0.0000000e+00
   1.8000000e+01   0.0000000e+00   1.1385520e+00   8.2145200e-01   2.7784140e+00   1.0000000e+00
   1.9000000e+01   0.0000000e+00   7.5780600e-01   8.2145200e-01   2.7784140e+00   0.0000000e+00
   2.0000000e+01   0.0000000e+00   1.5810510e+00   8.2145200e-01   2.7784140e+00   0.0000000e+00
   2.1000000e+01   0.0000000e+00   7.2220400e-01   8.2145200e-01   2.7784140e+00   1.0000000e+00
   2.2000000e+01   1.0000000e+00   5.0731700e-01   8.2145200e-01   2.7784140e+00   1.0000000e+00
   2.3000000e+01   0.0000000e+00   1.1898470e+00   8.2145200e-01   2.7784140e+00   1.0000000e+00
   2.4000000e+01   1.0000000e+00   1.5645640e+00   8.2145200e-01   2.7784140e+00   0.0000000e+00
   2.5000000e+01   0.0000000e+00   7.5159400e-01   8.2145200e-01   2.7784140e+00   1.0000000e+00
   2.6000000e+01   0.0000000e+00   1.3420620e+00   8.2145200e-01   2.7784140e+00   0.0000000e+00
   2.7000000e+01   1.0000000e+00   3.1564980e+00   8.2145200e-01   2.7784140e+00   1.0000000e+00
   2.8000000e+01   0.0000000e+00   1.6838930e+00   8.2145200e-01   2.7784140e+00   1.0000000e+00
   2.9000000e+01   1.0000000e+00   4.4069900e-01   8.2145200e-01   2.7784140e+00   0.0000000e+00
   3.0000000e+01   0.0000000e+00   1.3523190e+00   8.2145200e-01   2.7784140e+00   0.0000000e+00
   3.1000000e+01   0.0000000e+00   8.5950800e-01   8.2145200e-01   2.7784140e+00   1.0000000e+00
   3.2000000e+01   0.0000000e+00   8.8729800e-01   8.2145200e-01   2.7784140e+00   0.0000000e+00
   3.3000000e+01   1.0000000e+00   5.6574700e-01   8.2145200e-01   2.7784140e+00   1.0000000e+00
   3.4000000e+01   0.0000000e+00   5.6787000e-01   8.2145200e-01   2.7784140e+00   0.0000000e+00
   3.5000000e+01   0.0000000e+00   1.4117380e+00   8.2145200e-01   2.7784140e+00   0.0000000e+00
   3.6000000e+01   1.0000000e+00   1.1287500e+00   8.2145200e-01   2.7784140e+00   1.0000000e+00
   3.7000000e+01   0.0000000e+00   4.9419200e-01   8.2145200e-01   2.7784140e+00   0.0000000e+00
   3.8000000e+01   0.0000000e+00   5.1368500e-01   8.2145200e-01   2.7784140e+00   0.0000000e+00
   3.9000000e+01   1.0000000e+00   1.0004520e+00   8.2145200e-01   2.7784140e+00   0.0000000e+00
   4.0000000e+01   0.0000000e+00   1.9689660e+00   8.2145200e-01   2.7784140e+00   1.0000000e+00
   4.1000000e+01   0.0000000e+00   1.1010210e+00   8.2145200e-01   2.7784140e+00   1.0000000e+00
   4.2000000e+01   0.0000000e+00   4.3617100e-01   8.2145200e-01   2.7784140e+00   0.0000000e+00
   4.3000000e+01   0.0000000e+00   4.3743000e-01   8.2145200e-01   2.7784140e+00   0.0000000e+00
   4.4000000e+01   0.0000000e+00   5.8501900e-01   8.2145200e-01   2.7784140e+00   0.0000000e+00
   4.5000000e+01   1.0000000e+00   8.0962700e-01   8.2145200e-01   2.7784140e+00   1.0000000e+00
   4.6000000e+01   0.0000000e+00   4.6849200e-01   8.2145200e-01   2.7784140e+00   1.0000000e+00
   4.7000000e+01   0.0000000e+00   6.7556900e-01   8.2145200e-01   2.7784140e+00   0.0000000e+00
   4.8000000e+01   0.0000000e+00   2.5283780e+00   8.2145200e-01   2.7784140e+00   1.0000000e+00
   4.9000000e+01   1.0000000e+00   9.9640500e-01   8.2145200e-01   2.7784140e+00   0.0000000e+00
   5.0000000e+01   0.0000000e+00   9.2022500e-01   8.2145200e-01   2.7784140e+00   1.0000000e+00
   5.1000000e+01   0.0000000e+00   7.3836400e-01   8.2145200e-01   2.7784140e+00   1.0000000e+00
   5.2000000e+01   0.0000000e+00   8.8213000e-01   8.2145200e-01   2.7784140e+00   1.0000000e+00
   5.3000000e+01   0.0000000e+00   9.5889700e-01   8.2145200e-01   2.7784140e+00   0.0000000e+00
   5.4000000e+01   1.0000000e+00   7.3616000e-01   8.2145200e-01   2.7784140e+00   0.0000000e+00
   5.5000000e+01   1.0000000e+00   5.5396200e-01   8.2145200e-01   2.7784140e+00   1.0000000e+00
   5.6000000e+01   0.0000000e+00   5.9243300e-01   8.2145200e-01   2.7784140e+00   0.0000000e+00
   5.7000000e+01   0.0000000e+00   1.1461070e+00   8.2145200e-01   2.7784140e+00   1.0000000e+00
   5.8000000e+01   0.0000000e+00   1.0658230e+00   8.2145200e-01   2.7784140e+00   0.0000000e+00
   5.9000000e+01   1.0000000e+00   5.2266100e-01   8.2145200e-01   2.7784140e+00   0.0000000e+00
   6.0000000e+01   0.0000000e+00   1.3271430e+00   8.2145200e-01   2.7784140e+00   0.0000000e+00
   6.1000000e+01   1.0000000e+00   4.9724200e-01   8.2145200e-01   2.7784140e+00   1.0000000e+00
   6.2000000e+01   0.0000000e+00   1.6343010e+00   8.2145200e-01   2.7784140e+00   1.0000000e+00
   6.3000000e+01   0.0000000e+00   6.8387100e-01   8.2145200e-01   2.7784140e+00   0.0000000e+00
   6.4000000e+01   0.0000000e+00   5.8968500e-01   8.2145200e-01   2.7784140e+00   0.0000000e+00
   6.5000000e+01   0.0000000e+00   4.5653100e-01   8.2145200e-01   2.7784140e+00   1.0000000e+00
   6.6000000e+01   0.0000000e+00   4.8281800e-01   8.2145200e-01   2.7784140e+00   1.0000000e+00
   6.7000000e+01   0.0000000e+00   8.3889800e-01   8.2145200e-01   2.7784140e+00   1.0000000e+00
   6.8000000e+01   1.0000000e+00   1.1636320e+00   8.2145200e-01   2.7784140e+00   1.0000000e+00
   6.9000000e+01   1.0000000e+00   1.1647150e+00   8.2145200e-01   2.7784140e+00   0.0000000e+00
   7.0000000e+01   0.0000000e+00   1.0431700e+00   8.2145200e-01   2.7784140e+00   0.0000000e+00
   7.1000000e+01   1.0000000e+00   8.2896700e-01   8.2145200e-01   2.7784140e+00   0.0000000e+00
   7.2000000e+01   0.0000000e+00   2.0755920e+00   8.2145200e-01   2.7784140e+00   1.0000000e+00
   7.3000000e+01   1.0000000e+00   8.8727600e-01   8.2145200e-01   2.7784140e+00   1.0000000e+00
   7.4000000e+01   0.0000000e+00   7.1709300e-01   8.2145200e-01   2.7784140e+00   1.0000000e+00
   7.5000000e+01   0.0000000e+00   1.0395940e+00   8.2145200e-01   2.7784140e+00   1.0000000e+00
   7.6000000e+01   0.0000000e+00   6.3591500e-01   8.2145200e-01   2.7784140e+00   0.0000000e+00
   7.7000000e+01   1.0000000e+00   7.8454000e-01   8.2145200e-01   2.7784140e+00   0.0000000e+00
   7.8000000e+01   0.0000000e+00   5.1042300e-01   8.2145200e-01   2.7784140e+00   1.0000000e+00
   7.9000000e+01   1.0000000e+00   4.6950300e-01   8.2145200e-01   2.7784140e+00   1.0000000e+00
   8.0000000e+01   0.0000000e+00   3.7923990e+00   8.2145200e-01   2.7784140e+00   1.0000000e+00
   8.1000000e+01   0.0000000e+00   9.6001200e-01   8.2145200e-01   2.7784140e+00   1.0000000e+00
   8.2000000e+01   0.0000000e+00   5.7267500e-01   8.2145200e-01   2.7784140e+00   0.0000000e+00
   8.3000000e+01   0.0000000e+00   5.8670100e-01   8.2145200e-01   2.7784140e+00   0.0000000e+00
   8.4000000e+01   0.0000000e+00   2.3219140e+00   8.2145200e-01   2.7784140e+00   0.0000000e+00
   8.5000000e+01   1.0000000e+00   4.9782700e-01   8.2145200e-01   2.7784140e+00   1.0000000e+00
   8.6000000e+01   0.0000000e+00   8.6995000e-01   8.2145200e-01   2.7784140e+00   0.0000000e+00
   8.7000000e+01   0.0000000e+00   7.7897700e-01   8.2145200e-01   2.7784140e+00   1.0000000e+00
   8.8000000e+01   0.0000000e+00   5.4073500e-01   8.2145200e-01   2.7784140e+00   0.0000000e+00
   8.9000000e+01   1.0000000e+00   8.1794500e-01   8.2145200e-01   2.7784140e+00   0.0000000e+00
   9.0000000e+01   0.0000000e+00   6.9236800e-01   8.2145200e-01   2.7784140e+00   1.0000000e+00
   9.1000000e+01   0.0000000e+00   6.8002300e-01   8.2145200e-01   2.7784140e+00   1.0000000e+00
   9.2000000e+01   0.0000000e+00   7.4406400e-01   8.2145200e-01   2.7784140e+00   0.0000000e+00
   9.3000000e+01   0.0000000e+00   4.9473200e-01   8.2145200e-01   2.7784140e+00   0.0000000e+00
   9.4000000e+01   1.0000000e+00   1.6245860e+00   8.2145200e-01   2.7784140e+00   1.0000000e+00
   9.5000000e+01   0.0000000e+00   7.9002500e-01   8.2145200e-01   2.7784140e+00   0.0000000e+00
   9.6000000e+01   0.0000000e+00   5.6010400e-01   8.2145200e-01   2.7784140e+00   0.0000000e+00
   9.7000000e+01   1.0000000e+00   9.0392600e-01   8.2145200e-01   2.7784140e+00   0.0000000e+00
   9.8000000e+01   0.0000000e+00   8.3593800e-01   8.2145200e-01   2.7784140e+00   1.0000000e+00
   9.9000000e+01   1.0000000e+00   9.6441200e-01   8.2145200e-01   2.7784140e+00   1.0000000e+00
   1.0000000e+02   0.0000000e+00   1.1746030e+00   8.2145200e-01   2.7784140e+00   0.0000000e+00
   1.0100000e+02   0.0000000e+00   7.2210500e-01   8.2145200e-01   2.7784140e+00   1.0000000e+00
   1.0200000e+02   0.0000000e+00   5.9166300e-01   8.2145200e-01   2.7784140e+00   1.0000000e+00
   1.0300000e+02   1.0000000e+00   5.3548500e-01   8.2145200e-01   2.7784140e+00   0.0000000e+00
   1.0400000e+02   0.0000000e+00   6.2896900e-01   8.2145200e-01   2.7784140e+00   1.0000000e+00
   1.0500000e+02   0.0000000e+00   4.4372600e-01   8.2145200e-01   2.7784140e+00   1.0000000e+00
   1.0600000e+02   0.0000000e+00   8.0217200e-01   8.2145200e-01   2.7784140e+00   1.0000000e+00
   1.0700000e+02   0.0000000e+00   1.5220980e+00   8.2145200e-01   2.7784140e+00   0.0000000e+00
   1.0800000e+02   1.0000000e+00   4.4910100e-01   8.2145200e-01   2.7784140e+00   0.0000000e+00
   1.0900000e+02   1.0000000e+00   8.5768100e-01   8.2145200e-01   2.7784140e+00   1.0000000e+00
   1.1000000e+02   0.0000000e+00   4.7748700e-01   8.2145200e-01   2.7784140e+00   1.0000000e+00
   1.1100000e+02   1.0000000e+00   9.0988600e-01   8.2145200e-01   2.7784140e+00   0.0000000e+00
   1.1200000e+02   0.0000000e+00   6.7554600e-01   8.2145200e-01   2.7784140e+00   1.0000000e+00
   1.1300000e+02   0.0000000e+00   8.9800500e-01   8.2145200e-01   2.7784140e+00   0.0000000e+00
   1.1400000e+02   1.0000000e+00   1.1355940e+00   8.2145200e-01   2.7784140e+00   1.0000000e+00
   1.1500000e+02   0.0000000e+00   9.9662800e-01   8.2145200e-01   2.7784140e+00   0.0000000e+00
   1.1600000e+02   0.0000000e+00   5.3414200e-01   8.2145200e-01   2.7784140e+00   0.0000000e+00
   1.1700000e+02   0.0000000e+00   7.9620500e-01   8.2145200e-01   2.7784140e+00   1.0000000e+00
   1.1800000e+02   0.0000000e+00   6.9870700e-01   8.2145200e-01   2.7784140e+00   1.0000000e+00
   1.1900000e+02   0.0000000e+00   1.2681570e+00   8.2145200e-01   2.7784140e+00   1.0000000e+00
   1.2000000e+02   1.0000000e+00   9.3881200e-01   8.2145200e-01   2.7784140e+00   1.0000000e+00
   1.2100000e+02   0.0000000e+00   8.5186400e-01   8.2145200e-01   2.7784140e+00   0.0000000e+00
   1.2200000e+02   1.0000000e+00   4.6241500e-01   8.2145200e-01   2.7784140e+00   0.0000000e+00
   1.2300000e+02   0.0000000e+00   9.1119600e-01   8.2145200e-01   2.7784140e+00   1.0000000e+00
   1.2400000e+02   0.0000000e+00   1.5624550e+00   8.2145200e-01   2.7784140e+00   1.0000000e+00
   1.2500000e+02   0.0000000e+00   6.5066500e-01   8.2145200e-01   2.7784140e+00   0.0000000e+00
   1.2600000e+02   0.0000000e+00   1.4153350e+00   8.2145200e-01   2.7784140e+00   0.0000000e+00
   1.2700000e+02   0.0000000e+00   1.3756270e+00   8.2145200e-01   2.7784140e+00   0.0000000e+00
   1.2800000e+02   1.0000000e+00   6.7701900e-01   8.2145200e-01   2.7784140e+00   1.0000000e+00
   1.2900000e+02   0.0000000e+00   1.0787530e+00   8.2145200e-01   2.7784140e+00   0.0000000e+00
   1.3000000e+02   1.0000000e+00   6.0395400e-01   8.2145200e-01   2.7784140e+00   0.0000000e+00
   1.3100000e+02   0.0000000e+00   7.9526000e-01   8.2145200e-01   2.7784140e+00   0.0000000e+00
   1.3200000e+02   0.0000000e+00   4.4295900e-01   8.2145200e-01   2.7784140e+00   1.0000000e+00
   1.3300000e+02   1.0000000e+00   2.0017550e+00   8.2145200e-01   2.7784140e+00   0.0000000e+00
   1.3400000e+02   0.0000000e+00   1.0380730e+00   8.2145200e-01   2.7784140e+00   1.0000000e+00
   1.3500000e+02   0.0000000e+00   2.1868070e+00   8.2145200e-01   2.7784140e+00   0.0000000e+00
   1.3600000e+02   1.0000000e+00   9.9286600e-01   8.2145200e-01   2.7784140e+00   1.0000000e+00
