   1.0000000e+00   0.0000000e+00   2.6589730e+00   8.2103100e-01   2.6801898e+00   1.0000000e+00
   2.0000000e+00   0.0000000e+00   2.1563200e+00   8.2103100e-01   2.6801898e+00   1.0000000e+00
   3.0000000e+00   0.0000000e+00   8.6185100e-01   8.2103100e-01   2.6801898e+00   1.0000000e+00
   4.0000000e+00   0.0000000e+00   8.6020300e-01   8.2103100e-01   2.6801898e+00   0.0000000e+00
   5.0000000e+00   1.0000000e+00   6.6930900e-01   8.2103100e-01   2.6801898e+00   1.0000000e+00
   6.0000000e+00   0.0000000e+00   5.2412700e-01   8.2103100e-01   2.6801898e+00   1.0000000e+00
   7.0000000e+00   0.0000000e+00   6.1164400e-01   8.2103100e-01   2.6801898e+00   0.0000000e+00
   8.0000000e+00   0.0000000e+00   9.5607200e-01   8.2103100e-01   2.6801898e+00   1.0000000e+00
   9.0000000e+00   0.0000000e+00   8.2771700e-01   8.2103100e-01   2.6801898e+00   0.0000000e+00
   1.0000000e+01   0.0000000e+00   1.3254650e+00   8.2103100e-01   2.6801898e+00   1.0000000e+00
   1.1000000e+01   0.0000000e+00   1.0436410e+00   8.2103100e-01   2.6801898e+00   0.0000000e+00
   1.2000000e+01   0.0000000e+00   1.4994950e+00   8.2103100e-01   2.6801898e+00   0.0000000e+00
   1.3000000e+01   1.0000000e+00   5.0578000e-01   8.2103100e-01   2.6801898e+00   0.0000000e+00
   1.4000000e+01   0.0000000e+00   1.5159350e+00   8.2103100e-01   2.6801898e+00   0.0000000e+00
   1.5000000e+01   1.0000000e+00   5.1786900e-01   8.2103100e-01   2.6801898e+00   1.0000000e+00
   1.6000000e+01   0.0000000e+00   1.4223600e+00   8.2103100e-01   2.6801898e+00   1.0000000e+00
   1.7000000e+01   1.0000000e+00   8.8985500e-01   8.2103100e-01   2.6801898e+00   0.0000000e+00
   1.8000000e+01   0.0000000e+00   2.1330290e+00   8.2103100e-01   2.6801898e+00   1.0000000e+00
   1.9000000e+01   1.0000000e+00   1.1449460e+00   8.2103100e-01   2.6801898e+00   0.0000000e+00
   2.0000000e+01   0.0000000e+00   4.6479900e-01   8.2103100e-01   2.6801898e+00   1.0000000e+00
   2.1000000e+01   0.0000000e+00   4.9091200e-01   8.2103100e-01   2.6801898e+00   0.0000000e+00
   2.2000000e+01   0.0000000e+00   7.7238300e-01   8.2103100e-01   2.6801898e+00   1.0000000e+00
   2.3000000e+01   1.0000000e+00   2.2797920e+00   8.2103100e-01   2.6801898e+00   1.0000000e+00
   2.4000000e+01   0.0000000e+00   6.2841600e-01   8.2103100e-01   2.6801898e+00   0.0000000e+00
   2.5000000e+01   0.0000000e+00   1.9360880e+00   8.2103100e-01   2.6801898e+00   1.0000000e+00
   2.6000000e+01   0.0000000e+00   5.4164300e-01   8.2103100e-01   2.6801898e+00   1.0000000e+00
   2.7000000e+01   1.0000000e+00   7.2972200e-01   8.2103100e-01   2.6801898e+00   0.0000000e+00
   2.8000000e+01   1.0000000e+00   1.6488450e+00   8.2103100e-01   2.6801898e+00   1.0000000e+00
   2.9000000e+01   0.0000000e+00   7.3293900e-01   8.2103100e-01   2.6801898e+00   0.0000000e+00
   3.0000000e+01   0.0000000e+00   7.0012400e-01   8.2103100e-01   2.6801898e+00   0.0000000e+00
   3.1000000e+01   0.0000000e+00   5.9321300e-01   8.2103100e-01   2.6801898e+00   0.0000000e+00
   3.2000000e+01   0.0000000e+00   5.6024300e-01   8.2103100e-01   2.6801898e+00   1.0000000e+00
   3.3000000e+01   1.0000000e+00   1.7720650e+00   8.2103100e-01   2.6801898e+00   0.0000000e+00
   3.4000000e+01   0.0000000e+00   9.2365500e-01   8.2103100e-01   2.6801898e+00   0.0000000e+00
   3.5000000e+01   0.0000000e+00   8.0477800e-01   8.2103100e-01   2.6801898e+00   0.0000000e+00
   3.6000000e+01   0.0000000e+00   5.5534600e-01   8.2103100e-01   2.6801898e+00   0.0000000e+00
   3.7000000e+01   0.0000000e+00   5.3351700e-01   8.2103100e-01   2.6801898e+00   1.0000000e+00
   3.8000000e+01   0.0000000e+00   6.2583400e-01   8.2103100e-01   2.6801898e+00   0.0000000e+00
   3.9000000e+01   0.0000000e+00   1.1563110e+00   8.2103100e-01   2.6801898e+00   0.0000000e+00
   4.0000000e+01   1.0000000e+00   7.9981700e-01   8.2103100e-01   2.6801898e+00   1.0000000e+00
   4.1000000e+01   0.0000000e+00   1.0626750e+00   8.2103100e-01   2.6801898e+00   0.0000000e+00
   4.2000000e+01   0.0000000e+00   1.7589700e+00   8.2103100e-01   2.6801898e+00   0.0000000e+00
   4.3000000e+01   0.0000000e+00   5.5812100e-01   8.2103100e-01   2.6801898e+00   1.0000000e+00
   4.4000000e+01   1.0000000e+00   6.3656600e-01   8.2103100e-01   2.6801898e+00   1.0000000e+00
   4.5000000e+01   0.0000000e+00   6.6393700e-01   8.2103100e-01   2.6801898e+00   0.0000000e+00
   4.6000000e+01   1.0000000e+00   8.5648900e-01   8.2103100e-01   2.6801898e+00   0.0000000e+00
   4.7000000e+01   0.0000000e+00   4.8215700e-01   8.2103100e-01   2.6801898e+00   1.0000000e+00
   4.8000000e+01   1.0000000e+00   8.9222100e-01   8.2103100e-01   2.6801898e+00   1.0000000e+00
   4.9000000e+01   0.0000000e+00   8.5827200e-01   8.2103100e-01   2.6801898e+00   0.0000000e+00
   5.0000000e+01   0.0000000e+00   8.9133700e-01   8.2103100e-01   2.6801898e+00   0.0000000e+00
   5.1000000e+01   1.0000000e+00   5.8727600e-01   8.2103100e-01   2.6801898e+00   0.0000000e+00
   5.2000000e+01   0.0000000e+00   9.9671000e-01   8.2103100e-01   2.6801898e+00   0.0000000e+00
   5.3000000e+01   1.0000000e+00   1.9447140e+00   8.2103100e-01   2.6801898e+00   0.0000000e+00
   5.4000000e+01   0.0000000e+00   9.3165800e-01   8.2103100e-01   2.6801898e+00   1.0000000e+00
   5.5000000e+01   0.0000000e+00   5.2026000e-01   8.2103100e-01   2.6801898e+00   1.0000000e+00
   5.6000000e+01   0.0000000e+00   1.1691720e+00   8.2103100e-01   2.6801898e+00   1.0000000e+00
   5.7000000e+01   0.0000000e+00   8.1672600e-01   8.2103100e-01   2.6801898e+00   1.0000000e+00
   5.8000000e+01   0.0000000e+00   1.4223910e+00   8.2103100e-01   2.6801898e+00   0.0000000e+00
   5.9000000e+01   1.0000000e+00   7.8492900e-01   8.2103100e-01   2.6801898e+00   1.0000000e+00
   6.0000000e+01   0.0000000e+00   1.2288760e+00   8.2103100e-01   2.6801898e+00   1.0000000e+00
   6.1000000e+01   0.0000000e+00   4.7392700e-01   8.2103100e-01   2.6801898e+00   1.0000000e+00
   6.2000000e+01   1.0000000e+00   4.6035600e-01   8.2103100e-01   2.6801898e+00   0.0000000e+00
   6.3000000e+01   0.0000000e+00   7.0792700e-01   8.2103100e-01   2.6801898e+00   0.0000000e+00
   6.4000000e+01   0.0000000e+00   8.3077700e-01   8.2103100e-01   2.6801898e+00   1.0000000e+00
   6.5000000e+01   0.0000000e+00   4.4981500e-01   8.2103100e-01   2.6801898e+00   1.0000000e+00
   6.6000000e+01   1.0000000e+00   8.6310600e-01   8.2103100e-01   2.6801898e+00   1.0000000e+00
   6.7000000e+01   0.0000000e+00   5.5167000e-01   8.2103100e-01   2.6801898e+00   0.0000000e+00
   6.8000000e+01   0.0000000e+00   1.0087290e+00   8.2103100e-01   2.6801898e+00   1.0000000e+00
   6.9000000e+01   0.0000000e+00   6.1311200e-01   8.2103100e-01   2.6801898e+00   1.0000000e+00
   7.0000000e+01   1.0000000e+00   1.3197130e+00   8.2103100e-01   2.6801898e+00   1.0000000e+00
   7.1000000e+01   1.0000000e+00   1.2005410e+00   8.2103100e-01   2.6801898e+00   0.0000000e+00
   7.2000000e+01   0.0000000e+00   6.2828800e-01   8.2103100e-01   2.6801898e+00   0.0000000e+00
   7.3000000e+01   1.0000000e+00   5.7738800e-01   8.2103100e-01   2.6801898e+00   0.0000000e+00
   7.4000000e+01   0.0000000e+00   9.6587500e-01   8.2103100e-01   2.6801898e+00   1.0000000e+00
   7.5000000e+01   0.0000000e+00   4.6361900e-01   8.2103100e-01   2.6801898e+00   0.0000000e+00
   7.6000000e+01   0.0000000e+00   7.2429700e-01   8.2103100e-01   2.6801898e+00   0.0000000e+00
   7.7000000e+01   0.0000000e+00   6.0548100e-01   8.2103100e-01   2.6801898e+00   1.0000000e+00
   7.8000000e+01   1.0000000e+00   1.8078000e+00   8.2103100e-01   2.6801898e+00   1.0000000e+00
   7.9000000e+01   0.0000000e+00   9.2792800e-01   8.2103100e-01   2.6801898e+00   0.0000000e+00
   8.0000000e+01   0.0000000e+00   7.7885400e-01   8.2103100e-01   2.6801898e+00   0.0000000e+00
   8.1000000e+01   0.0000000e+00   5.1332400e-01   8.2103100e-01   2.6801898e+00   0.0000000e+00
   8.2000000e+01   0.0000000e+00   8.5851000e-01   8.2103100e-01   2.6801898e+00   1.0000000e+00
   8.3000000e+01   1.0000000e+00   6.1631300e-01   8.2103100e-01   2.6801898e+00   0.0000000e+00
   8.4000000e+01   0.0000000e+00   4.9080100e-01   8.2103100e-01   2.6801898e+00   0.0000000e+00
   8.5000000e+01   1.0000000e+00   6.3708200e-01   8.2103100e-01   2.6801898e+00   1.0000000e+00
   8.6000000e+01   0.0000000e+00   7.2281900e-01   8.2103100e-01   2.6801898e+00   1.0000000e+00
   8.7000000e+01   0.0000000e+00   5.3266600e-01   8.2103100e-01   2.6801898e+00   0.0000000e+00
   8.8000000e+01   1.0000000e+00   1.4853690e+00   8.2103100e-01   2.6801898e+00   1.0000000e+00
   8.9000000e+01   0.0000000e+00   1.1034350e+00   8.2103100e-01   2.6801898e+00   1.0000000e+00
   9.0000000e+01   1.0000000e+00   5.8083700e-01   8.2103100e-01   2.6801898e+00   0.0000000e+00
   9.1000000e+01   0.0000000e+00   5.9496300e-01   8.2103100e-01   2.6801898e+00   0.0000000e+00
   9.2000000e+01   0.0000000e+00   6.5188300e-01   8.2103100e-01   2.6801898e+00   1.0000000e+00
   9.3000000e+01   0.0000000e+00   6.3610100e-01   8.2103100e-01   2.6801898e+00   0.0000000e+00
   9.4000000e+01   1.0000000e+00   1.2028220e+00   8.2103100e-01   2.6801898e+00   1.0000000e+00
   9.5000000e+01   0.0000000e+00   1.6523030e+00   8.2103100e-01   2.6801898e+00   1.0000000e+00
   9.6000000e+01   0.0000000e+00   6.3986400e-01   8.2103100e-01   2.6801898e+00   1.0000000e+00
   9.7000000e+01   0.0000000e+00   1.2342100e+00   8.2103100e-01   2.6801898e+00   1.0000000e+00
   9.8000000e+01   0.0000000e+00   4.3584800e-01   8.2103100e-01   2.6801898e+00   0.0000000e+00
   9.9000000e+01   0.0000000e+00   1.0122050e+00   8.2103100e-01   2.6801898e+00   1.0000000e+00
   1.0000000e+02   0.0000000e+00   6.6063700e-01   8.2103100e-01   2.6801898e+00   1.0000000e+00
   1.0100000e+02   1.0000000e+00   5.8786000e-01   8.2103100e-01   2.6801898e+00   0.0000000e+00
   1.0200000e+02   0.0000000e+00   7.5619700e-01   8.2103100e-01   2.6801898e+00   0.0000000e+00
   1.0300000e+02   1.0000000e+00   4.7133400e-01   8.2103100e-01   2.6801898e+00   1.0000000e+00
   1.0400000e+02   0.0000000e+00   6.3786900e-01   8.2103100e-01   2.6801898e+00   1.0000000e+00
   1.0500000e+02   1.0000000e+00   5.0504700e-01   8.2103100e-01   2.6801898e+00   0.0000000e+00
   1.0600000e+02   0.0000000e+00   5.6092500e-01   8.2103100e-01   2.6801898e+00   1.0000000e+00
   1.0700000e+02   0.0000000e+00   1.1543430e+00   8.2103100e-01   2.6801898e+00   1.0000000e+00
   1.0800000e+02   1.0000000e+00   8.2849300e-01   8.2103100e-01   2.6801898e+00   0.0000000e+00
   1.0900000e+02   0.0000000e+00   1.0203040e+00   8.2103100e-01   2.6801898e+00   0.0000000e+00
   1.1000000e+02   0.0000000e+00   1.1470180e+00   8.2103100e-01   2.6801898e+00   0.0000000e+00
   1.1100000e+02   1.0000000e+00   1.1583640e+00   8.2103100e-01   2.6801898e+00   1.0000000e+00
   1.1200000e+02   0.0000000e+00   1.2700810e+00   8.2103100e-01   2.6801898e+00   0.0000000e+00
   1.1300000e+02   0.0000000e+00   1.5947060e+00   8.2103100e-01   2.6801898e+00   0.0000000e+00
   1.1400000e+02   0.0000000e+00   1.0827160e+00   8.2103100e-01   2.6801898e+00   0.0000000e+00
   1.1500000e+02   1.0000000e+00   6.3581900e-01   8.2103100e-01   2.6801898e+00   0.0000000e+00
   1.1600000e+02   1.0000000e+00   9.0976600e-01   8.2103100e-01   2.6801898e+00   1.0000000e+00
   1.1700000e+02   0.0000000e+00   1.6043440e+00   8.2103100e-01   2.6801898e+00   0.0000000e+00
   1.1800000e+02   0.0000000e+00   4.3849300e-01   8.2103100e-01   2.6801898e+00   1.0000000e+00
   1.1900000e+02   0.0000000e+00   1.2903120e+00   8.2103100e-01   2.6801898e+00   1.0000000e+00
   1.2000000e+02   0.0000000e+00   5.6010900e-01   8.2103100e-01   2.6801898e+00   0.0000000e+00
   1.2100000e+02   0.0000000e+00   6.4136300e-01   8.2103100e-01   2.6801898e+00   0.0000000e+00
   1.2200000e+02   1.0000000e+00   1.3005220e+00   8.2103100e-01   2.6801898e+00   1.0000000e+00
   1.2300000e+02   0.0000000e+00   7.3704800e-01   8.2103100e-01   2.6801898e+00   1.0000000e+00
   1.2400000e+02   1.0000000e+00   8.2657400e-01   8.2103100e-01   2.6801898e+00   0.0000000e+00
   1.2500000e+02   0.0000000e+00   1.1689990e+00   8.2103100e-01   2.6801898e+00   0.0000000e+00
   1.2600000e+02   0.0000000e+00   7.0209500e-01   8.2103100e-01   2.6801898e+00   1.0000000e+00
   1.2700000e+02   0.0000000e+00   1.7824190e+00   8.2103100e-01   2.6801898e+00   1.0000000e+00
   1.2800000e+02   1.0000000e+00   6.2246000e-01   8.2103100e-01   2.6801898e+00   1.0000000e+00
   1.2900000e+02   0.0000000e+00   1.9711240e+00   8.2103100e-01   2.6801898e+00   0.0000000e+00
   1.3000000e+02   0.0000000e+00   8.1989000e-01   8.2103100e-01   2.6801898e+00   0.0000000e+00
   1.3100000e+02   1.0000000e+00   5.5660400e-01   8.2103100e-01   2.6801898e+00   0.0000000e+00
   1.3200000e+02   0.0000000e+00   7.1588500e-01   8.2103100e-01   2.6801898e+00   1.0000000e+00
   1.3300000e+02   0.0000000e+00   1.1048310e+00   8.2103100e-01   2.6801898e+00   1.0000000e+00
   1.3400000e+02   0.0000000e+00   6.9948300e-01   8.2103100e-01   2.6801898e+00   1.0000000e+00
   1.3500000e+02   1.0000000e+00   1.7898650e+00   8.2103100e-01   2.6801898e+00   0.0000000e+00
   1.3600000e+02   1.0000000e+00   8.4705100e-01   8.2103100e-01   2.6801898e+00   1.0000000e+00
