   1.0000000e+00   0.0000000e+00   1.7668230e+00   8.2106400e-01   2.8411851e+00   0.0000000e+00
   2.0000000e+00   0.0000000e+00   4.4605100e-01   8.2106400e-01   2.8411851e+00   0.0000000e+00
   3.0000000e+00   1.0000000e+00   6.6502500e-01   8.2106400e-01   2.8411851e+00   1.0000000e+00
   4.0000000e+00   0.0000000e+00   2.6092500e+00   8.2106400e-01   2.8411851e+00   1.0000000e+00
   5.0000000e+00   1.0000000e+00   5.2351800e-01   8.2106400e-01   2.8411851e+00   0.0000000e+00
   6.0000000e+00   0.0000000e+00   4.5550100e-01   8.2106400e-01   2.8411851e+00   0.0000000e+00
   7.0000000e+00   1.0000000e+00   6.3294700e-01   8.2106400e-01   2.8411851e+00   1.0000000e+00
   8.0000000e+00   0.0000000e+00   1.0997670e+00   8.2106400e-01   2.8411851e+00   1.0000000e+00
   9.0000000e+00   0.0000000e+00   6.8455300e-01   8.2106400e-01   2.8411851e+00   0.0000000e+00
   1.0000000e+01   1.0000000e+00   2.7492590e+00   8.2106400e-01   2.8411851e+00   0.0000000e+00
   1.1000000e+01   1.0000000e+00   8.1325300e-01   8.2106400e-01   2.8411851e+00   0.0000000e+00
   1.2000000e+01   0.0000000e+00   1.1584730e+00   8.2106400e-01   2.8411851e+00   1.0000000e+00
   1.3000000e+01   0.0000000e+00   6.9028300e-01   8.2106400e-01   2.8411851e+00   0.0000000e+00
   1.4000000e+01   1.0000000e+00   1.6433920e+00   8.2106400e-01   2.8411851e+00   1.0000000e+00
   1.5000000e+01   0.0000000e+00   5.1071300e-01   8.2106400e-01   2.8411851e+00   0.0000000e+00
   1.6000000e+01   0.0000000e+00   4.6465200e-01   8.2106400e-01   2.8411851e+00   1.0000000e+00
   1.7000000e+01   1.0000000e+00   6.2535100e-01   8.2106400e-01   2.8411851e+00   0.0000000e+00
   1.8000000e+01   0.0000000e+00   8.1561200e-01   8.2106400e-01   2.8411851e+00   1.0000000e+00
   1.9000000e+01   0.0000000e+00   9.3142300e-01   8.2106400e-01   2.8411851e+00   1.0000000e+00
   2.0000000e+01   0.0000000e+00   7.2479200e-01   8.2106400e-01   2.8411851e+00   0.0000000e+00
   2.1000000e+01   1.0000000e+00   5.4480900e-01   8.2106400e-01   2.8411851e+00   1.0000000e+00
   2.2000000e+01   0.0000000e+00   4.5181400e-01   8.2106400e-01   2.8411851e+00   1.0000000e+00
   2.3000000e+01   1.0000000e+00   1.5707170e+00   8.2106400e-01   2.8411851e+00   0.0000000e+00
   2.4000000e+01   0.0000000e+00   1.3382350e+00   8.2106400e-01   2.8411851e+00   0.0000000e+00
   2.5000000e+01   0.0000000e+00   6.9689000e-01   8.2106400e-01   2.8411851e+00   0.0000000e+00
   2.6000000e+01   0.0000000e+00   1.0126430e+00   8.2106400e-01   2.8411851e+00   0.0000000e+00
   2.7000000e+01   0.0000000e+00   9.0843300e-01   8.2106400e-01   2.8411851e+00   1.0000000e+00
   2.8000000e+01   1.0000000e+00   1.1186750e+00   8.2106400e-01   2.8411851e+00   1.0000000e+00
   2.9000000e+01   0.0000000e+00   1.6803280e+00   8.2106400e-01   2.8411851e+00   1.0000000e+00
   3.0000000e+01   0.0000000e+00   4.9183100e-01   8.2106400e-01   2.8411851e+00   1.0000000e+00
   3.1000000e+01   0.0000000e+00   7.9580900e-01   8.2106400e-01   2.8411851e+00   1.0000000e+00
   3.2000000e+01   1.0000000e+00   1.6346380e+00   8.2106400e-01   2.8411851e+00   1.0000000e+00
   3.3000000e+01   0.0000000e+00   1.1325790e+00   8.2106400e-01   2.8411851e+00   0.0000000e+00
   3.4000000e+01   0.0000000e+00   8.0846200e-01   8.2106400e-01   2.8411851e+00   0.0000000e+00
   3.5000000e+01   1.0000000e+00   1.5957370e+00   8.2106400e-01   2.8411851e+00   0.0000000e+00
   3.6000000e+01   0.0000000e+00   7.3813700e-01   8.2106400e-01   2.8411851e+00   1.0000000e+00
   3.7000000e+01   0.0000000e+00   1.7439910e+00   8.2106400e-01   2.8411851e+00   0.0000000e+00
   3.8000000e+01   0.0000000e+00   9.6061300e-01   8.2106400e-01   2.8411851e+00   0.0000000e+00
   3.9000000e+01   0.0000000e+00   2.1804220e+00   8.2106400e-01   2.8411851e+00   1.0000000e+00
   4.0000000e+01   1.0000000e+00   7.2101000e-01   8.2106400e-01   2.8411851e+00   1.0000000e+00
   4.1000000e+01   0.0000000e+00   1.8605550e+00   8.2106400e-01   2.8411851e+00   1.0000000e+00
   4.2000000e+01   0.0000000e+00   1.4926150e+00   8.2106400e-01   2.8411851e+00   1.0000000e+00
   4.3000000e+01   1.0000000e+00   9.0824300e-01   8.2106400e-01   2.8411851e+00   0.0000000e+00
   4.4000000e+01   0.0000000e+00   1.1358310e+00   8.2106400e-01   2.8411851e+00   1.0000000e+00
   4.5000000e+01   0.0000000e+00   7.2216400e-01   8.2106400e-01   2.8411851e+00   0.0000000e+00
   4.6000000e+01   0.0000000e+00   1.2382970e+00   8.2106400e-01   2.8411851e+00   0.0000000e+00
   4.7000000e+01   1.0000000e+00   7.0068900e-01   8.2106400e-01   2.8411851e+00   0.0000000e+00
   4.8000000e+01   0.0000000e+00   8.7990800e-01   8.2106400e-01   2.8411851e+00   0.0000000e+00
   4.9000000e+01   0.0000000e+00   8.3026200e-01   8.2106400e-01   2.8411851e+00   1.0000000e+00
   5.0000000e+01   0.0000000e+00   7.3785500e-01   8.2106400e-01   2.8411851e+00   0.0000000e+00
   5.1000000e+01   0.0000000e+00   4.6010700e-01   8.2106400e-01   2.8411851e+00   0.0000000e+00
   5.2000000e+01   1.0000000e+00   1.0029850e+00   8.2106400e-01   2.8411851e+00   1.0000000e+00
   5.3000000e+01   1.0000000e+00   5.1503400e-01   8.2106400e-01   2.8411851e+00   0.0000000e+00
   5.4000000e+01   0.0000000e+00   7.0739500e-01   8.2106400e-01   2.8411851e+00   0.0000000e+00
   5.5000000e+01   0.0000000e+00   8.5273200e-01   8.2106400e-01   2.8411851e+00   1.0000000e+00
   5.6000000e+01   0.0000000e+00   9.7216200e-01   8.2106400e-01   2.8411851e+00   1.0000000e+00
   5.7000000e+01   0.0000000e+00   1.3106340e+00   8.2106400e-01   2.8411851e+00   1.0000000e+00
   5.8000000e+01   0.0000000e+00   7.9292900e-01   8.2106400e-01   2.8411851e+00   0.0000000e+00
   5.9000000e+01   0.0000000e+00   6.0583500e-01   8.2106400e-01   2.8411851e+00   0.0000000e+00
   6.0000000e+01   1.0000000e+00   6.3434700e-01   8.2106400e-01   2.8411851e+00   1.0000000e+00
   6.1000000e+01   0.0000000e+00   6.1919400e-01   8.2106400e-01   2.8411851e+00   1.0000000e+00
   6.2000000e+01   1.0000000e+00   6.1352500e-01   8.2106400e-01   2.8411851e+00   1.0000000e+00
   6.3000000e+01   0.0000000e+00   7.0688800e-01   8.2106400e-01   2.8411851e+00   1.0000000e+00
   6.4000000e+01   1.0000000e+00   4.7932200e-01   8.2106400e-01   2.8411851e+00   0.0000000e+00
   6.5000000e+01   0.0000000e+00   5.9670700e-01   8.2106400e-01   2.8411851e+00   1.0000000e+00
   6.6000000e+01   0.0000000e+00   6.7144400e-01   8.2106400e-01   2.8411851e+00   1.0000000e+00
   6.7000000e+01   1.0000000e+00   1.2577610e+00   8.2106400e-01   2.8411851e+00   0.0000000e+00
   6.8000000e+01   0.0000000e+00   1.6606750e+00   8.2106400e-01   2.8411851e+00   0.0000000e+00
   6.9000000e+01   1.0000000e+00   5.1493500e-01   8.2106400e-01   2.8411851e+00   1.0000000e+00
   7.0000000e+01   0.0000000e+00   7.7782400e-01   8.2106400e-01   2.8411851e+00   1.0000000e+00
   7.1000000e+01   0.0000000e+00   6.2474300e-01   8.2106400e-01   2.8411851e+00   0.0000000e+00
   7.2000000e+01   0.0000000e+00   6.0798000e-01   8.2106400e-01   2.8411851e+00   0.0000000e+00
   7.3000000e+01   0.0000000e+00   4.9251800e-01   8.2106400e-01   2.8411851e+00   0.0000000e+00
   7.4000000e+01   1.0000000e+00   5.0744700e-01   8.2106400e-01   2.8411851e+00   0.0000000e+00
   7.5000000e+01   0.0000000e+00   5.3231000e-01   8.2106400e-01   2.8411851e+00   1.0000000e+00
   7.6000000e+01   0.0000000e+00   1.8928770e+00   8.2106400e-01   2.8411851e+00   0.0000000e+00
   7.7000000e+01   0.0000000e+00   7.7575500e-01   8.2106400e-01   2.8411851e+00   1.0000000e+00
   7.8000000e+01   1.0000000e+00   7.3360200e-01   8.2106400e-01   2.8411851e+00   1.0000000e+00
   7.9000000e+01   0.0000000e+00   5.2025400e-01   8.2106400e-01   2.8411851e+00   1.0000000e+00
   8.0000000e+01   0.0000000e+00   4.6219700e-01   8.2106400e-01   2.8411851e+00   1.0000000e+00
   8.1000000e+01   1.0000000e+00   5.5368900e-01   8.2106400e-01   2.8411851e+00   1.0000000e+00
   8.2000000e+01   0.0000000e+00   1.0152940e+00   8.2106400e-01   2.8411851e+00   0.0000000e+00
   8.3000000e+01   0.0000000e+00   5.2269200e-01   8.2106400e-01   2.8411851e+00   1.0000000e+00
   8.4000000e+01   0.0000000e+00   1.0272600e+00   8.2106400e-01   2.8411851e+00   0.0000000e+00
   8.5000000e+01   0.0000000e+00   5.6919000e-01   8.2106400e-01   2.8411851e+00   1.0000000e+00
   8.6000000e+01   0.0000000e+00   1.4109470e+00   8.2106400e-01   2.8411851e+00   0.0000000e+00
   8.7000000e+01   1.0000000e+00   1.2421710e+00   8.2106400e-01   2.8411851e+00   0.0000000e+00
   8.8000000e+01   0.0000000e+00   4.3894200e-01   8.2106400e-01   2.8411851e+00   1.0000000e+00
   8.9000000e+01   1.0000000e+00   3.3560130e+00   8.2106400e-01   2.8411851e+00   1.0000000e+00
   9.0000000e+01   0.0000000e+00   9.5702500e-01   8.2106400e-01   2.8411851e+00   1.0000000e+00
   9.1000000e+01   0.0000000e+00   1.6727430e+00   8.2106400e-01   2.8411851e+00   0.0000000e+00
   9.2000000e+01   0.0000000e+00   2.1250160e+00   8.2106400e-01   2.8411851e+00   0.0000000e+00
   9.3000000e+01   1.0000000e+00   6.1867400e-01   8.2106400e-01   2.8411851e+00   0.0000000e+00
   9.4000000e+01   0.0000000e+00   4.4732200e-01   8.2106400e-01   2.8411851e+00   1.0000000e+00
   9.5000000e+01   1.0000000e+00   6.8315800e-01   8.2106400e-01   2.8411851e+00   1.0000000e+00
   9.6000000e+01   1.0000000e+00   5.8187400e-01   8.2106400e-01   2.8411851e+00   0.0000000e+00
   9.7000000e+01   0.0000000e+00   5.7500800e-01   8.2106400e-01   2.8411851e+00   1.0000000e+00
   9.8000000e+01   0.0000000e+00   1.0309940e+00   8.2106400e-01   2.8411851e+00   0.0000000e+00
   9.9000000e+01   0.0000000e+00   9.7487400e-01   8.2106400e-01   2.8411851e+00   0.0000000e+00
   1.0000000e+02   0.0000000e+00   1.9307620e+00   8.2106400e-01   2.8411851e+00   1.0000000e+00
   1.0100000e+02   1.0000000e+00   1.7048220e+00   8.2106400e-01   2.8411851e+00   0.0000000e+00
   1.0200000e+02   0.0000000e+00   8.7807400e-01   8.2106400e-01   2.8411851e+00   0.0000000e+00
   1.0300000e+02   1.0000000e+00   4.6374500e-01   8.2106400e-01   2.8411851e+00   1.0000000e+00
   1.0400000e+02   0.0000000e+00   4.5891800e-01   8.2106400e-01   2.8411851e+00   1.0000000e+00
   1.0500000e+02   1.0000000e+00   6.9360500e-01   8.2106400e-01   2.8411851e+00   0.0000000e+00
   1.0600000e+02   0.0000000e+00   4.4250500e-01   8.2106400e-01   2.8411851e+00   0.0000000e+00
   1.0700000e+02   0.0000000e+00   8.9897200e-01   8.2106400e-01   2.8411851e+00   1.0000000e+00
   1.0800000e+02   0.0000000e+00   7.6326100e-01   8.2106400e-01   2.8411851e+00   1.0000000e+00
   1.0900000e+02   0.0000000e+00   8.0699400e-01   8.2106400e-01   2.8411851e+00   1.0000000e+00
   1.1000000e+02   0.0000000e+00   8.8377700e-01   8.2106400e-01   2.8411851e+00   0.0000000e+00
   1.1100000e+02   1.0000000e+00   7.5768500e-01   8.2106400e-01   2.8411851e+00   1.0000000e+00
   1.1200000e+02   0.0000000e+00   1.4372220e+00   8.2106400e-01   2.8411851e+00   0.0000000e+00
   1.1300000e+02   1.0000000e+00   4.9891400e-01   8.2106400e-01   2.8411851e+00   1.0000000e+00
   1.1400000e+02   0.0000000e+00   4.5739600e-01   8.2106400e-01   2.8411851e+00   1.0000000e+00
   1.1500000e+02   0.0000000e+00   1.7743730e+00   8.2106400e-01   2.8411851e+00   1.0000000e+00
   1.1600000e+02   0.0000000e+00   5.0606800e-01   8.2106400e-01   2.8411851e+00   1.0000000e+00
   1.1700000e+02   0.0000000e+00   4.5081400e-01   8.2106400e-01   2.8411851e+00   1.0000000e+00
   1.1800000e+02   0.0000000e+00   5.0557800e-01   8.2106400e-01   2.8411851e+00   0.0000000e+00
   1.1900000e+02   0.0000000e+00   4.5405900e-01   8.2106400e-01   2.8411851e+00   1.0000000e+00
   1.2000000e+02   0.0000000e+00   1.5312500e+00   8.2106400e-01   2.8411851e+00   0.0000000e+00
   1.2100000e+02   0.0000000e+00   7.1087500e-01   8.2106400e-01   2.8411851e+00   1.0000000e+00
   1.2200000e+02   0.0000000e+00   7.0244900e-01   8.2106400e-01   2.8411851e+00   0.0000000e+00
   1.2300000e+02   0.0000000e+00   9.2081400e-01   8.2106400e-01   2.8411851e+00   0.0000000e+00
   1.2400000e+02   1.0000000e+00   6.3989700e-01   8.2106400e-01   2.8411851e+00   0.0000000e+00
   1.2500000e+02   0.0000000e+00   4.6234300e-01   8.2106400e-01   2.8411851e+00   0.0000000e+00
   1.2600000e+02   0.0000000e+00   7.1196000e-01   8.2106400e-01   2.8411851e+00   0.0000000e+00
   1.2700000e+02   1.0000000e+00   1.7736350e+00   8.2106400e-01   2.8411851e+00   1.0000000e+00
   1.2800000e+02   0.0000000e+00   7.2094300e-01   8.2106400e-01   2.8411851e+00   0.0000000e+00
   1.2900000e+02   1.0000000e+00   1.1764850e+00   8.2106400e-01   2.8411851e+00   0.0000000e+00
   1.3000000e+02   0.0000000e+00   6.1142100e-01   8.2106400e-01   2.8411851e+00   0.0000000e+00
   1.3100000e+02   0.0000000e+00   1.3415600e+00   8.2106400e-01   2.8411851e+00   1.0000000e+00
   1.3200000e+02   0.0000000e+00   1.1014180e+00   8.2106400e-01   2.8411851e+00   1.0000000e+00
   1.3300000e+02   1.0000000e+00   5.0247700e-01   8.2106400e-01   2.8411851e+00   0.0000000e+00
   1.3400000e+02   0.0000000e+00   6.9257400e-01   8.2106400e-01   2.8411851e+00   0.0000000e+00
   1.3500000e+02   1.0000000e+00   5.1757500e-01   8.2106400e-01   2.8411851e+00   1.0000000e+00
   1.3600000e+02   0.0000000e+00   9.2694500e-01   8.2106400e-01   2.8411851e+00   0.0000000e+00
