   1.0000000e+00   0.0000000e+00   4.6942200e-01   8.2137600e-01   3.1176698e+00   0.0000000e+00
   2.0000000e+00   0.0000000e+00   1.4849830e+00   8.2137600e-01   3.1176698e+00   0.0000000e+00
   3.0000000e+00   0.0000000e+00   8.0716600e-01   8.2137600e-01   3.1176698e+00   1.0000000e+00
   4.0000000e+00   0.0000000e+00   2.3742810e+00   8.2137600e-01   3.1176698e+00   1.0000000e+00
   5.0000000e+00   1.0000000e+00   8.3838400e-01   8.2137600e-01   3.1176698e+00   0.0000000e+00
   6.0000000e+00   0.0000000e+00   5.2472900e-01   8.2137600e-01   3.1176698e+00   0.0000000e+00
   7.0000000e+00   1.0000000e+00   8.8014000e-01   8.2137600e-01   3.1176698e+00   1.0000000e+00
   8.0000000e+00   0.0000000e+00   4.6717900e-01   8.2137600e-01   3.1176698e+00   1.0000000e+00
   9.0000000e+00   0.0000000e+00   5.6488600e-01   8.2137600e-01   3.1176698e+00   1.0000000e+00
   1.0000000e+01   1.0000000e+00   7.5111500e-01   8.2137600e-01   3.1176698e+00   0.0000000e+00
   1.1000000e+01   0.0000000e+00   6.7521000e-01   8.2137600e-01   3.1176698e+00   1.0000000e+00
   1.2000000e+01   0.0000000e+00   1.2488060e+00   8.2137600e-01   3.1176698e+00   1.0000000e+00
   1.3000000e+01   0.0000000e+00   4.5333200e-01   8.2137600e-01   3.1176698e+00   0.0000000e+00
   1.4000000e+01   0.0000000e+00   6.2069400e-01   8.2137600e-01   3.1176698e+00   0.0000000e+00
   1.5000000e+01   1.0000000e+00   5.3325100e-01   8.2137600e-01   3.1176698e+00   1.0000000e+00
   1.6000000e+01   0.0000000e+00   1.2716640e+00   8.2137600e-01   3.1176698e+00   0.0000000e+00
   1.7000000e+01   0.0000000e+00   5.3138800e-01   8.2137600e-01   3.1176698e+00   0.0000000e+00
   1.8000000e+01   1.0000000e+00   8.7441700e-01   8.2137600e-01   3.1176698e+00   1.0000000e+00
   1.9000000e+01   0.0000000e+00   1.9805250e+00   8.2137600e-01   3.1176698e+00   1.0000000e+00
   2.0000000e+01   0.0000000e+00   1.2303210e+00   8.2137600e-01   3.1176698e+00   0.0000000e+00
   2.1000000e+01   1.0000000e+00   1.5885080e+00   8.2137600e-01   3.1176698e+00   0.0000000e+00
   2.2000000e+01   1.0000000e+00   1.0504170e+00   8.2137600e-01   3.1176698e+00   1.0000000e+00
   2.3000000e+01   0.0000000e+00   7.1228800e-01   8.2137600e-01   3.1176698e+00   1.0000000e+00
   2.4000000e+01   0.0000000e+00   7.4729300e-01   8.2137600e-01   3.1176698e+00   0.0000000e+00
   2.5000000e+01   0.0000000e+00   1.8849540e+00   8.2137600e-01   3.1176698e+00   0.0000000e+00
   2.6000000e+01   1.0000000e+00   4.6825300e-01   8.2137600e-01   3.1176698e+00   0.0000000e+00
   2.7000000e+01   0.0000000e+00   5.9025200e-01   8.2137600e-01   3.1176698e+00   1.0000000e+00
   2.8000000e+01   1.0000000e+00   9.7075600e-01   8.2137600e-01   3.1176698e+00   1.0000000e+00
   2.9000000e+01   0.0000000e+00   6.4039200e-01   8.2137600e-01   3.1176698e+00   0.0000000e+00
   3.0000000e+01   1.0000000e+00   1.8935390e+00   8.2137600e-01   3.1176698e+00   0.0000000e+00
   3.1000000e+01   0.0000000e+00   4.7807800e-01   8.2137600e-01   3.1176698e+00   1.0000000e+00
   3.2000000e+01   0.0000000e+00   2.2292680e+00   8.2137600e-01   3.1176698e+00   1.0000000e+00
   3.3000000e+01   0.0000000e+00   1.1581900e+00   8.2137600e-01   3.1176698e+00   1.0000000e+00
   3.4000000e+01   0.0000000e+00   9.6666400e-01   8.2137600e-01   3.1176698e+00   0.0000000e+00
   3.5000000e+01   1.0000000e+00   9.7712900e-01   8.2137600e-01   3.1176698e+00   0.0000000e+00
   3.6000000e+01   0.0000000e+00   5.0807900e-01   8.2137600e-01   3.1176698e+00   1.0000000e+00
   3.7000000e+01   0.0000000e+00   4.7273800e-01   8.2137600e-01   3.1176698e+00   0.0000000e+00
   3.8000000e+01   0.0000000e+00   8.3861100e-01   8.2137600e-01   3.1176698e+00   0.0000000e+00
   3.9000000e+01   0.0000000e+00   6.9129000e-01   8.2137600e-01   3.1176698e+00   1.0000000e+00
   4.0000000e+01   0.0000000e+00   1.6360660e+00   8.2137600e-01   3.1176698e+00   0.0000000e+00
   4.1000000e+01   0.0000000e+00   9.5017400e-01   8.2137600e-01   3.1176698e+00   0.0000000e+00
   4.2000000e+01   0.0000000e+00   4.4590100e-01   8.2137600e-01   3.1176698e+00   1.0000000e+00
   4.3000000e+01   0.0000000e+00   6.5315000e-01   8.2137600e-01   3.1176698e+00   0.0000000e+00
   4.4000000e+01   1.0000000e+00   1.1607440e+00   8.2137600e-01   3.1176698e+00   1.0000000e+00
   4.5000000e+01   0.0000000e+00   5.5048200e-01   8.2137600e-01   3.1176698e+00   0.0000000e+00
   4.6000000e+01   0.0000000e+00   1.4316200e+00   8.2137600e-01   3.1176698e+00   1.0000000e+00
   4.7000000e+01   1.0000000e+00   1.2020170e+00   8.2137600e-01   3.1176698e+00   0.0000000e+00
   4.8000000e+01   1.0000000e+00   5.2058200e-01   8.2137600e-01   3.1176698e+00   1.0000000e+00
   4.9000000e+01   0.0000000e+00   9.4546700e-01   8.2137600e-01   3.1176698e+00   0.0000000e+00
   5.0000000e+01   0.0000000e+00   7.9967900e-01   8.2137600e-01   3.1176698e+00   1.0000000e+00
   5.1000000e+01   0.0000000e+00   6.3889200e-01   8.2137600e-01   3.1176698e+00   0.0000000e+00
   5.2000000e+01   0.0000000e+00   1.0926290e+00   8.2137600e-01   3.1176698e+00   1.0000000e+00
   5.3000000e+01   1.0000000e+00   1.2281440e+00   8.2137600e-01   3.1176698e+00   1.0000000e+00
   5.4000000e+01   0.0000000e+00   9.4065400e-01   8.2137600e-01   3.1176698e+00   0.0000000e+00
   5.5000000e+01   1.0000000e+00   1.0277670e+00   8.2137600e-01   3.1176698e+00   0.0000000e+00
   5.6000000e+01   1.0000000e+00   8.5684900e-01   8.2137600e-01   3.1176698e+00   1.0000000e+00
   5.7000000e+01   0.0000000e+00   9.7154500e-01   8.2137600e-01   3.1176698e+00   1.0000000e+00
   5.8000000e+01   0.0000000e+00   5.9038000e-01   8.2137600e-01   3.1176698e+00   0.0000000e+00
   5.9000000e+01   0.0000000e+00   5.2784400e-01   8.2137600e-01   3.1176698e+00   0.0000000e+00
   6.0000000e+01   0.0000000e+00   1.4943850e+00   8.2137600e-01   3.1176698e+00   1.0000000e+00
   6.1000000e+01   0.0000000e+00   1.1363230e+00   8.2137600e-01   3.1176698e+00   1.0000000e+00
   6.2000000e+01   1.0000000e+00   4.9054700e-01   8.2137600e-01   3.1176698e+00   0.0000000e+00
   6.3000000e+01   0.0000000e+00   8.1322900e-01   8.2137600e-01   3.1176698e+00   1.0000000e+00
   6.4000000e+01   0.0000000e+00   8.1976500e-01   8.2137600e-01   3.1176698e+00   0.0000000e+00
   6.5000000e+01   1.0000000e+00   5.5715600e-01   8.2137600e-01   3.1176698e+00   0.0000000e+00
   6.6000000e+01   0.0000000e+00   7.0019200e-01   8.2137600e-01   3.1176698e+00   1.0000000e+00
   6.7000000e+01   0.0000000e+00   2.8839610e+00   8.2137600e-01   3.1176698e+00   1.0000000e+00
   6.8000000e+01   1.0000000e+00   9.8455600e-01   8.2137600e-01   3.1176698e+00   1.0000000e+00
   6.9000000e+01   0.0000000e+00   1.1478010e+00   8.2137600e-01   3.1176698e+00   0.0000000e+00
   7.0000000e+01   1.0000000e+00   1.1409190e+00   8.2137600e-01   3.1176698e+00   1.0000000e+00
   7.1000000e+01   0.0000000e+00   8.7850000e-01   8.2137600e-01   3.1176698e+00   1.0000000e+00
   7.2000000e+01   1.0000000e+00   5.1038100e-01   8.2137600e-01   3.1176698e+00   0.0000000e+00
   7.3000000e+01   0.0000000e+00   4.7919700e-01   8.2137600e-01   3.1176698e+00   1.0000000e+00
   7.4000000e+01   1.0000000e+00   1.3355000e+00   8.2137600e-01   3.1176698e+00   1.0000000e+00
   7.5000000e+01   0.0000000e+00   4.8245200e-01   8.2137600e-01   3.1176698e+00   0.0000000e+00
   7.6000000e+01   1.0000000e+00   5.1714000e-01   8.2137600e-01   3.1176698e+00   0.0000000e+00
   7.7000000e+01   0.0000000e+00   5.4276700e-01   8.2137600e-01   3.1176698e+00   0.0000000e+00
   7.8000000e+01   0.0000000e+00   9.3909200e-01   8.2137600e-01   3.1176698e+00   1.0000000e+00
   7.9000000e+01   0.0000000e+00   1.9988210e+00   8.2137600e-01   3.1176698e+00   0.0000000e+00
   8.0000000e+01   0.0000000e+00   1.0945700e+00   8.2137600e-01   3.1176698e+00   0.0000000e+00
   8.1000000e+01   0.0000000e+00   4.6487700e-01   8.2137600e-01   3.1176698e+00   1.0000000e+00
   8.2000000e+01   1.0000000e+00   9.1807100e-01   8.2137600e-01   3.1176698e+00   0.0000000e+00
   8.3000000e+01   0.0000000e+00   1.7972240e+00   8.2137600e-01   3.1176698e+00   1.0000000e+00
   8.4000000e+01   0.0000000e+00   8.4149000e-01   8.2137600e-01   3.1176698e+00   0.0000000e+00
   8.5000000e+01   0.0000000e+00   1.3126920e+00   8.2137600e-01   3.1176698e+00   0.0000000e+00
   8.6000000e+01   1.0000000e+00   2.5699460e+00   8.2137600e-01   3.1176698e+00   1.0000000e+00
   8.7000000e+01   0.0000000e+00   5.2100200e-01   8.2137600e-01   3.1176698e+00   0.0000000e+00
   8.8000000e+01   1.0000000e+00   6.1447200e-01   8.2137600e-01   3.1176698e+00   0.0000000e+00
   8.9000000e+01   0.0000000e+00   9.2985300e-01   8.2137600e-01   3.1176698e+00   0.0000000e+00
   9.0000000e+01   0.0000000e+00   9.7185100e-01   8.2137600e-01   3.1176698e+00   1.0000000e+00
   9.1000000e+01   1.0000000e+00   4.5500200e-01   8.2137600e-01   3.1176698e+00   1.0000000e+00
   9.2000000e+01   0.0000000e+00   2.1433290e+00   8.2137600e-01   3.1176698e+00   0.0000000e+00
   9.3000000e+01   1.0000000e+00   1.3570730e+00   8.2137600e-01   3.1176698e+00   0.0000000e+00
   9.4000000e+01   0.0000000e+00   1.1372480e+00   8.2137600e-01   3.1176698e+00   0.0000000e+00
   9.5000000e+01   0.0000000e+00   6.6318500e-01   8.2137600e-01   3.1176698e+00   1.0000000e+00
   9.6000000e+01   1.0000000e+00   1.0004310e+00   8.2137600e-01   3.1176698e+00   1.0000000e+00
   9.7000000e+01   0.0000000e+00   6.6266000e-01   8.2137600e-01   3.1176698e+00   1.0000000e+00
   9.8000000e+01   1.0000000e+00   6.6480500e-01   8.2137600e-01   3.1176698e+00   1.0000000e+00
   9.9000000e+01   0.0000000e+00   5.9295700e-01   8.2137600e-01   3.1176698e+00   1.0000000e+00
   1.0000000e+02   0.0000000e+00   7.5714300e-01   8.2137600e-01   3.1176698e+00   1.0000000e+00
   1.0100000e+02   0.0000000e+00   7.2956700e-01   8.2137600e-01   3.1176698e+00   0.0000000e+00
   1.0200000e+02   0.0000000e+00   5.6331600e-01   8.2137600e-01   3.1176698e+00   1.0000000e+00
   1.0300000e+02   0.0000000e+00   7.9903000e-01   8.2137600e-01   3.1176698e+00   0.0000000e+00
   1.0400000e+02   0.0000000e+00   8.5268300e-01   8.2137600e-01   3.1176698e+00   1.0000000e+00
   1.0500000e+02   0.0000000e+00   1.9647980e+00   8.2137600e-01   3.1176698e+00   1.0000000e+00
   1.0600000e+02   0.0000000e+00   8.4150000e-01   8.2137600e-01   3.1176698e+00   0.0000000e+00
   1.0700000e+02   0.0000000e+00   5.2285900e-01   8.2137600e-01   3.1176698e+00   0.0000000e+00
   1.0800000e+02   1.0000000e+00   5.4119800e-01   8.2137600e-01   3.1176698e+00   0.0000000e+00
   1.0900000e+02   0.0000000e+00   5.9168000e-01   8.2137600e-01   3.1176698e+00   0.0000000e+00
   1.1000000e+02   0.0000000e+00   7.5867100e-01   8.2137600e-01   3.1176698e+00   0.0000000e+00
   1.1100000e+02   0.0000000e+00   6.7850800e-01   8.2137600e-01   3.1176698e+00   0.0000000e+00
   1.1200000e+02   1.0000000e+00   7.9986700e-01   8.2137600e-01   3.1176698e+00   1.0000000e+00
   1.1300000e+02   0.0000000e+00   6.7464300e-01   8.2137600e-01   3.1176698e+00   0.0000000e+00
   1.1400000e+02   0.0000000e+00   6.1456700e-01   8.2137600e-01   3.1176698e+00   0.0000000e+00
   1.1500000e+02   0.0000000e+00   9.1499000e-01   8.2137600e-01   3.1176698e+00   1.0000000e+00
   1.1600000e+02   0.0000000e+00   6.9237100e-01   8.2137600e-01   3.1176698e+00   0.0000000e+00
   1.1700000e+02   1.0000000e+00   9.7597100e-01   8.2137600e-01   3.1176698e+00   0.0000000e+00
   1.1800000e+02   0.0000000e+00   6.6549700e-01   8.2137600e-01   3.1176698e+00   1.0000000e+00
   1.1900000e+02   0.0000000e+00   9.0708200e-01   8.2137600e-01   3.1176698e+00   1.0000000e+00
   1.2000000e+02   0.0000000e+00   5.4286500e-01   8.2137600e-01   3.1176698e+00   1.0000000e+00
   1.2100000e+02   1.0000000e+00   1.9613280e+00   8.2137600e-01   3.1176698e+00   0.0000000e+00
   1.2200000e+02   0.0000000e+00   5.0445100e-01   8.2137600e-01   3.1176698e+00   0.0000000e+00
   1.2300000e+02   1.0000000e+00   5.3880600e-01   8.2137600e-01   3.1176698e+00   1.0000000e+00
   1.2400000e+02   0.0000000e+00   9.6892100e-01   8.2137600e-01   3.1176698e+00   1.0000000e+00
   1.2500000e+02   0.0000000e+00   1.1815420e+00   8.2137600e-01   3.1176698e+00   0.0000000e+00
   1.2600000e+02   0.0000000e+00   1.2142150e+00   8.2137600e-01   3.1176698e+00   1.0000000e+00
   1.2700000e+02   0.0000000e+00   4.9628600e-01   8.2137600e-01   3.1176698e+00   0.0000000e+00
   1.2800000e+02   1.0000000e+00   1.3852470e+00   8.2137600e-01   3.1176698e+00   0.0000000e+00
   1.2900000e+02   0.0000000e+00   9.2037000e-01   8.2137600e-01   3.1176698e+00   1.0000000e+00
   1.3000000e+02   1.0000000e+00   6.8071100e-01   8.2137600e-01   3.1176698e+00   1.0000000e+00
   1.3100000e+02   0.0000000e+00   1.1326980e+00   8.2137600e-01   3.1176698e+00   1.0000000e+00
   1.3200000e+02   0.0000000e+00   9.9938600e-01   8.2137600e-01   3.1176698e+00   1.0000000e+00
   1.3300000e+02   1.0000000e+00   6.9158200e-01   8.2137600e-01   3.1176698e+00   1.0000000e+00
   1.3400000e+02   0.0000000e+00   8.3316100e-01   8.2137600e-01   3.1176698e+00   1.0000000e+00
   1.3500000e+02   0.0000000e+00   5.5507200e-01   8.2137600e-01   3.1176698e+00   1.0000000e+00
   1.3600000e+02   1.0000000e+00   5.2281300e-01   8.2137600e-01   3.1176698e+00   0.0000000e+00
