   1.0000000e+00   0.0000000e+00   2.1054470e+00   8.3088700e-01   3.4083817e+00   1.0000000e+00
   2.0000000e+00   0.0000000e+00   6.8974900e-01   8.3088700e-01   3.4083817e+00   0.0000000e+00
   3.0000000e+00   1.0000000e+00   9.4027300e-01   8.3088700e-01   3.4083817e+00   1.0000000e+00
   4.0000000e+00   0.0000000e+00   8.1204900e-01   8.3088700e-01   3.4083817e+00   1.0000000e+00
   5.0000000e+00   1.0000000e+00   1.2576130e+00   8.3088700e-01   3.4083817e+00   0.0000000e+00
   6.0000000e+00   0.0000000e+00   2.4580930e+00   8.3088700e-01   3.4083817e+00   1.0000000e+00
   7.0000000e+00   1.0000000e+00   8.6991400e-01   8.3088700e-01   3.4083817e+00   1.0000000e+00
   8.0000000e+00   1.0000000e+00   6.7052600e-01   8.3088700e-01   3.4083817e+00   0.0000000e+00
   9.0000000e+00   0.0000000e+00   5.7261500e-01   8.3088700e-01   3.4083817e+00   0.0000000e+00
   1.0000000e+01   0.0000000e+00   2.0721950e+00   8.3088700e-01   3.4083817e+00   0.0000000e+00
   1.1000000e+01   0.0000000e+00   1.0881570e+00   8.3088700e-01   3.4083817e+00   1.0000000e+00
   1.2000000e+01   1.0000000e+00   6.2271800e-01   8.3088700e-01   3.4083817e+00   0.0000000e+00
   1.3000000e+01   0.0000000e+00   1.7024860e+00   8.3088700e-01   3.4083817e+00   0.0000000e+00
   1.4000000e+01   0.0000000e+00   9.2656600e-01   8.3088700e-01   3.4083817e+00   1.0000000e+00
   1.5000000e+01   0.0000000e+00   1.0703870e+00   8.3088700e-01   3.4083817e+00   0.0000000e+00
   1.6000000e+01   1.0000000e+00   8.5933700e-01   8.3088700e-01   3.4083817e+00   1.0000000e+00
   1.7000000e+01   0.0000000e+00   4.9096000e-01   8.3088700e-01   3.4083817e+00   1.0000000e+00
   1.8000000e+01   0.0000000e+00   4.4573700e-01   8.3088700e-01   3.4083817e+00   1.0000000e+00
   1.9000000e+01   0.0000000e+00   1.2660230e+00   8.3088700e-01   3.4083817e+00   1.0000000e+00
   2.0000000e+01   1.0000000e+00   8.9274300e-01   8.3088700e-01   3.4083817e+00   0.0000000e+00
   2.1000000e+01   0.0000000e+00   8.8084500e-01   8.3088700e-01   3.4083817e+00   0.0000000e+00
   2.2000000e+01   0.0000000e+00   1.2883700e+00   8.3088700e-01   3.4083817e+00   1.0000000e+00
   2.3000000e+01   0.0000000e+00   5.3197700e-01   8.3088700e-01   3.4083817e+00   0.0000000e+00
   2.4000000e+01   0.0000000e+00   9.1818000e-01   8.3088700e-01   3.4083817e+00   0.0000000e+00
   2.5000000e+01   0.0000000e+00   5.5305700e-01   8.3088700e-01   3.4083817e+00   1.0000000e+00
   2.6000000e+01   1.0000000e+00   1.0273860e+00   8.3088700e-01   3.4083817e+00   1.0000000e+00
   2.7000000e+01   0.0000000e+00   2.1256040e+00   8.3088700e-01   3.4083817e+00   0.0000000e+00
   2.8000000e+01   0.0000000e+00   5.6708100e-01   8.3088700e-01   3.4083817e+00   0.0000000e+00
   2.9000000e+01   1.0000000e+00   7.8289900e-01   8.3088700e-01   3.4083817e+00   0.0000000e+00
   3.0000000e+01   0.0000000e+00   1.1595510e+00   8.3088700e-01   3.4083817e+00   0.0000000e+00
   3.1000000e+01   0.0000000e+00   7.8675200e-01   8.3088700e-01   3.4083817e+00   1.0000000e+00
   3.2000000e+01   1.0000000e+00   2.0351930e+00   8.3088700e-01   3.4083817e+00   1.0000000e+00
   3.3000000e+01   0.0000000e+00   1.1732070e+00   8.3088700e-01   3.4083817e+00   1.0000000e+00
   3.4000000e+01   0.0000000e+00   4.6727500e-01   8.3088700e-01   3.4083817e+00   0.0000000e+00
   3.5000000e+01   0.0000000e+00   7.3183000e-01   8.3088700e-01   3.4083817e+00   1.0000000e+00
   3.6000000e+01   0.0000000e+00   9.6672700e-01   8.3088700e-01   3.4083817e+00   1.0000000e+00
   3.7000000e+01   1.0000000e+00   1.6065510e+00   8.3088700e-01   3.4083817e+00   1.0000000e+00
   3.8000000e+01   0.0000000e+00   2.2834290e+00   8.3088700e-01   3.4083817e+00   1.0000000e+00
   3.9000000e+01   0.0000000e+00   6.3540800e-01   8.3088700e-01   3.4083817e+00   0.0000000e+00
   4.0000000e+01   0.0000000e+00   6.3326300e-01   8.3088700e-01   3.4083817e+00   1.0000000e+00
   4.1000000e+01   0.0000000e+00   8.9163100e-01   8.3088700e-01   3.4083817e+00   1.0000000e+00
   4.2000000e+01   0.0000000e+00   5.2431900e-01   8.3088700e-01   3.4083817e+00   0.0000000e+00
   4.3000000e+01   1.0000000e+00   5.4999000e-01   8.3088700e-01   3.4083817e+00   0.0000000e+00
   4.4000000e+01   0.0000000e+00   1.1801920e+00   8.3088700e-01   3.4083817e+00   0.0000000e+00
   4.5000000e+01   1.0000000e+00   5.1890900e-01   8.3088700e-01   3.4083817e+00   1.0000000e+00
   4.6000000e+01   0.0000000e+00   1.9278660e+00   8.3088700e-01   3.4083817e+00   0.0000000e+00
   4.7000000e+01   0.0000000e+00   8.3045200e-01   8.3088700e-01   3.4083817e+00   0.0000000e+00
   4.8000000e+01   0.0000000e+00   1.3772890e+00   8.3088700e-01   3.4083817e+00   0.0000000e+00
   4.9000000e+01   1.0000000e+00   4.4959900e-01   8.3088700e-01   3.4083817e+00   0.0000000e+00
   5.0000000e+01   0.0000000e+00   7.8246600e-01   8.3088700e-01   3.4083817e+00   1.0000000e+00
   5.1000000e+01   1.0000000e+00   5.2439900e-01   8.3088700e-01   3.4083817e+00   0.0000000e+00
   5.2000000e+01   0.0000000e+00   6.4218600e-01   8.3088700e-01   3.4083817e+00   1.0000000e+00
   5.3000000e+01   1.0000000e+00   5.6875900e-01   8.3088700e-01   3.4083817e+00   1.0000000e+00
   5.4000000e+01   0.0000000e+00   1.4144890e+00   8.3088700e-01   3.4083817e+00   0.0000000e+00
   5.5000000e+01   1.0000000e+00   1.0580410e+00   8.3088700e-01   3.4083817e+00   0.0000000e+00
   5.6000000e+01   0.0000000e+00   5.4801600e-01   8.3088700e-01   3.4083817e+00   1.0000000e+00
   5.7000000e+01   0.0000000e+00   9.5195100e-01   8.3088700e-01   3.4083817e+00   1.0000000e+00
   5.8000000e+01   0.0000000e+00   1.4229120e+00   8.3088700e-01   3.4083817e+00   1.0000000e+00
   5.9000000e+01   0.0000000e+00   9.0625000e-01   8.3088700e-01   3.4083817e+00   0.0000000e+00
   6.0000000e+01   1.0000000e+00   1.8475380e+00   8.3088700e-01   3.4083817e+00   1.0000000e+00
   6.1000000e+01   0.0000000e+00   1.0978240e+00   8.3088700e-01   3.4083817e+00   0.0000000e+00
   6.2000000e+01   1.0000000e+00   4.3567800e-01   8.3088700e-01   3.4083817e+00   1.0000000e+00
   6.3000000e+01   0.0000000e+00   5.2678000e-01   8.3088700e-01   3.4083817e+00   0.0000000e+00
   6.4000000e+01   0.0000000e+00   4.5649400e-01   8.3088700e-01   3.4083817e+00   0.0000000e+00
   6.5000000e+01   1.0000000e+00   2.2552240e+00   8.3088700e-01   3.4083817e+00   0.0000000e+00
   6.6000000e+01   0.0000000e+00   5.8526400e-01   8.3088700e-01   3.4083817e+00   0.0000000e+00
   6.7000000e+01   0.0000000e+00   6.5272800e-01   8.3088700e-01   3.4083817e+00   1.0000000e+00
   6.8000000e+01   0.0000000e+00   1.1573290e+00   8.3088700e-01   3.4083817e+00   1.0000000e+00
   6.9000000e+01   1.0000000e+00   1.0982360e+00   8.3088700e-01   3.4083817e+00   0.0000000e+00
   7.0000000e+01   0.0000000e+00   4.8138200e-01   8.3088700e-01   3.4083817e+00   1.0000000e+00
   7.1000000e+01   0.0000000e+00   9.5700400e-01   8.3088700e-01   3.4083817e+00   1.0000000e+00
   7.2000000e+01   1.0000000e+00   5.0747600e-01   8.3088700e-01   3.4083817e+00   1.0000000e+00
   7.3000000e+01   0.0000000e+00   6.6753100e-01   8.3088700e-01   3.4083817e+00   0.0000000e+00
   7.4000000e+01   0.0000000e+00   5.3737500e-01   8.3088700e-01   3.4083817e+00   1.0000000e+00
   7.5000000e+01   0.0000000e+00   6.4697400e-01   8.3088700e-01   3.4083817e+00   0.0000000e+00
   7.6000000e+01   0.0000000e+00   5.3428100e-01   8.3088700e-01   3.4083817e+00   0.0000000e+00
   7.7000000e+01   1.0000000e+00   5.4954800e-01   8.3088700e-01   3.4083817e+00   0.0000000e+00
   7.8000000e+01   0.0000000e+00   8.3242400e-01   8.3088700e-01   3.4083817e+00   0.0000000e+00
   7.9000000e+01   0.0000000e+00   5.0654300e-01   8.3088700e-01   3.4083817e+00   1.0000000e+00
   8.0000000e+01   0.0000000e+00   1.5787720e+00   8.3088700e-01   3.4083817e+00   0.0000000e+00
   8.1000000e+01   0.0000000e+00   5.7177400e-01   8.3088700e-01   3.4083817e+00   1.0000000e+00
   8.2000000e+01   1.0000000e+00   6.4751700e-01   8.3088700e-01   3.4083817e+00   1.0000000e+00
   8.3000000e+01   1.0000000e+00   9.4264900e-01   8.3088700e-01   3.4083817e+00   1.0000000e+00
   8.4000000e+01   0.0000000e+00   9.4505900e-01   8.3088700e-01   3.4083817e+00   1.0000000e+00
   8.5000000e+01   0.0000000e+00   1.0801730e+00   8.3088700e-01   3.4083817e+00   1.0000000e+00
   8.6000000e+01   0.0000000e+00   7.9364800e-01   8.3088700e-01   3.4083817e+00   1.0000000e+00
   8.7000000e+01   0.0000000e+00   4.8123700e-01   8.3088700e-01   3.4083817e+00   0.0000000e+00
   8.8000000e+01   0.0000000e+00   5.7215500e-01   8.3088700e-01   3.4083817e+00   0.0000000e+00
   8.9000000e+01   1.0000000e+00   5.0957000e-01   8.3088700e-01   3.4083817e+00   0.0000000e+00
   9.0000000e+01   0.0000000e+00   6.8628200e-01   8.3088700e-01   3.4083817e+00   1.0000000e+00
   9.1000000e+01   1.0000000e+00   4.7064200e-01   8.3088700e-01   3.4083817e+00   1.0000000e+00
   9.2000000e+01   0.0000000e+00   1.8119240e+00   8.3088700e-01   3.4083817e+00   0.0000000e+00
   9.3000000e+01   1.0000000e+00   6.6488100e-01   8.3088700e-01   3.4083817e+00   0.0000000e+00
   9.4000000e+01   0.0000000e+00   1.0590380e+00   8.3088700e-01   3.4083817e+00   0.0000000e+00
   9.5000000e+01   0.0000000e+00   8.4111300e-01   8.3088700e-01   3.4083817e+00   0.0000000e+00
   9.6000000e+01   0.0000000e+00   6.7169600e-01   8.3088700e-01   3.4083817e+00   0.0000000e+00
   9.7000000e+01   1.0000000e+00   7.5750500e-01   8.3088700e-01   3.4083817e+00   1.0000000e+00
   9.8000000e+01   1.0000000e+00   6.4676800e-01   8.3088700e-01   3.4083817e+00   0.0000000e+00
   9.9000000e+01   0.0000000e+00   1.5684320e+00   8.3088700e-01   3.4083817e+00   1.0000000e+00
   1.0000000e+02   0.0000000e+00   5.7085500e-01   8.3088700e-01   3.4083817e+00   1.0000000e+00
   1.0100000e+02   0.0000000e+00   5.5598300e-01   8.3088700e-01   3.4083817e+00   1.0000000e+00
   1.0200000e+02   0.0000000e+00   6.6136900e-01   8.3088700e-01   3.4083817e+00   0.0000000e+00
   1.0300000e+02   0.0000000e+00   1.0346120e+00   8.3088700e-01   3.4083817e+00   0.0000000e+00
   1.0400000e+02   1.0000000e+00   7.4236300e-01   8.3088700e-01   3.4083817e+00   0.0000000e+00
   1.0500000e+02   0.0000000e+00   9.1127400e-01   8.3088700e-01   3.4083817e+00   0.0000000e+00
   1.0600000e+02   0.0000000e+00   4.8819000e-01   8.3088700e-01   3.4083817e+00   0.0000000e+00
   1.0700000e+02   1.0000000e+00   8.1802500e-01   8.3088700e-01   3.4083817e+00   1.0000000e+00
   1.0800000e+02   0.0000000e+00   5.6258400e-01   8.3088700e-01   3.4083817e+00   1.0000000e+00
   1.0900000e+02   0.0000000e+00   5.5385400e-01   8.3088700e-01   3.4083817e+00   1.0000000e+00
   1.1000000e+02   0.0000000e+00   1.4464450e+00   8.3088700e-01   3.4083817e+00   0.0000000e+00
   1.1100000e+02   0.0000000e+00   2.5069480e+00   8.3088700e-01   3.4083817e+00   1.0000000e+00
   1.1200000e+02   0.0000000e+00   8.7440400e-01   8.3088700e-01   3.4083817e+00   1.0000000e+00
   1.1300000e+02   0.0000000e+00   6.1613400e-01   8.3088700e-01   3.4083817e+00   0.0000000e+00
   1.1400000e+02   1.0000000e+00   7.9976300e-01   8.3088700e-01   3.4083817e+00   0.0000000e+00
   1.1500000e+02   0.0000000e+00   4.6453000e-01   8.3088700e-01   3.4083817e+00   0.0000000e+00
   1.1600000e+02   1.0000000e+00   1.0286030e+00   8.3088700e-01   3.4083817e+00   1.0000000e+00
   1.1700000e+02   0.0000000e+00   7.5370100e-01   8.3088700e-01   3.4083817e+00   1.0000000e+00
   1.1800000e+02   0.0000000e+00   1.0902900e+00   8.3088700e-01   3.4083817e+00   1.0000000e+00
   1.1900000e+02   0.0000000e+00   5.6406200e-01   8.3088700e-01   3.4083817e+00   0.0000000e+00
   1.2000000e+02   0.0000000e+00   1.8729950e+00   8.3088700e-01   3.4083817e+00   1.0000000e+00
   1.2100000e+02   0.0000000e+00   7.2393300e-01   8.3088700e-01   3.4083817e+00   0.0000000e+00
   1.2200000e+02   1.0000000e+00   6.0025200e-01   8.3088700e-01   3.4083817e+00   1.0000000e+00
   1.2300000e+02   0.0000000e+00   5.9025700e-01   8.3088700e-01   3.4083817e+00   1.0000000e+00
   1.2400000e+02   0.0000000e+00   7.4069900e-01   8.3088700e-01   3.4083817e+00   0.0000000e+00
   1.2500000e+02   0.0000000e+00   6.8982300e-01   8.3088700e-01   3.4083817e+00   1.0000000e+00
   1.2600000e+02   1.0000000e+00   7.8157500e-01   8.3088700e-01   3.4083817e+00   0.0000000e+00
   1.2700000e+02   0.0000000e+00   7.7223100e-01   8.3088700e-01   3.4083817e+00   0.0000000e+00
   1.2800000e+02   0.0000000e+00   7.2503400e-01   8.3088700e-01   3.4083817e+00   1.0000000e+00
   1.2900000e+02   0.0000000e+00   7.1791700e-01   8.3088700e-01   3.4083817e+00   0.0000000e+00
   1.3000000e+02   0.0000000e+00   6.4369500e-01   8.3088700e-01   3.4083817e+00   0.0000000e+00
   1.3100000e+02   1.0000000e+00   6.1776700e-01   8.3088700e-01   3.4083817e+00   1.0000000e+00
   1.3200000e+02   0.0000000e+00   2.0224980e+00   8.3088700e-01   3.4083817e+00   1.0000000e+00
   1.3300000e+02   1.0000000e+00   2.8463870e+00   8.3088700e-01   3.4083817e+00   0.0000000e+00
   1.3400000e+02   0.0000000e+00   5.6045200e-01   8.3088700e-01   3.4083817e+00   1.0000000e+00
   1.3500000e+02   1.0000000e+00   4.4718900e-01   8.3088700e-01   3.4083817e+00   0.0000000e+00
   1.3600000e+02   1.0000000e+00   1.0909550e+00   8.3088700e-01   3.4083817e+00   1.0000000e+00
