   1.0000000e+00   0.0000000e+00   2.0279960e+00   8.2109900e-01   2.4496906e+00   0.0000000e+00
   2.0000000e+00   0.0000000e+00   1.2009070e+00   8.2109900e-01   2.4496906e+00   0.0000000e+00
   3.0000000e+00   0.0000000e+00   5.2943000e-01   8.2109900e-01   2.4496906e+00   1.0000000e+00
   4.0000000e+00   0.0000000e+00   9.0344200e-01   8.2109900e-01   2.4496906e+00   0.0000000e+00
   5.0000000e+00   0.0000000e+00   6.9231000e-01   8.2109900e-01   2.4496906e+00   0.0000000e+00
   6.0000000e+00   1.0000000e+00   4.5058700e-01   8.2109900e-01   2.4496906e+00   1.0000000e+00
   7.0000000e+00   0.0000000e+00   4.4564700e-01   8.2109900e-01   2.4496906e+00   0.0000000e+00
   8.0000000e+00   1.0000000e+00   4.4825500e-01   8.2109900e-01   2.4496906e+00   0.0000000e+00
   9.0000000e+00   0.0000000e+00   4.9495300e-01   8.2109900e-01   2.4496906e+00   1.0000000e+00
   1.0000000e+01   0.0000000e+00   3.2387620e+00   8.2109900e-01   2.4496906e+00   1.0000000e+00
   1.1000000e+01   1.0000000e+00   9.7732100e-01   8.2109900e-01   2.4496906e+00   1.0000000e+00
   1.2000000e+01   0.0000000e+00   8.3642300e-01   8.2109900e-01   2.4496906e+00   1.0000000e+00
   1.3000000e+01   1.0000000e+00   1.0914080e+00   8.2109900e-01   2.4496906e+00   0.0000000e+00
   1.4000000e+01   0.0000000e+00   6.2126800e-01   8.2109900e-01   2.4496906e+00   1.0000000e+00
   1.5000000e+01   0.0000000e+00   8.1996000e-01   8.2109900e-01   2.4496906e+00   0.0000000e+00
   1.6000000e+01   0.0000000e+00   6.9218500e-01   8.2109900e-01   2.4496906e+00   0.0000000e+00
   1.7000000e+01   1.0000000e+00   4.4567900e-01   8.2109900e-01   2.4496906e+00   0.0000000e+00
   1.8000000e+01   0.0000000e+00   6.1784800e-01   8.2109900e-01   2.4496906e+00   1.0000000e+00
   1.9000000e+01   0.0000000e+00   2.3583100e+00   8.2109900e-01   2.4496906e+00   1.0000000e+00
   2.0000000e+01   0.0000000e+00   8.9212600e-01   8.2109900e-01   2.4496906e+00   0.0000000e+00
   2.1000000e+01   0.0000000e+00   1.1051590e+00   8.2109900e-01   2.4496906e+00   0.0000000e+00
   2.2000000e+01   1.0000000e+00   5.5188400e-01   8.2109900e-01   2.4496906e+00   1.0000000e+00
   2.3000000e+01   1.0000000e+00   7.9479100e-01   8.2109900e-01   2.4496906e+00   0.0000000e+00
   2.4000000e+01   0.0000000e+00   4.4715800e-01   8.2109900e-01   2.4496906e+00   0.0000000e+00
   2.5000000e+01   1.0000000e+00   5.1706900e-01   8.2109900e-01   2.4496906e+00   1.0000000e+00
   2.6000000e+01   0.0000000e+00   5.4943100e-01   8.2109900e-01   2.4496906e+00   1.0000000e+00
   2.7000000e+01   0.0000000e+00   6.6783000e-01   8.2109900e-01   2.4496906e+00   1.0000000e+00
   2.8000000e+01   0.0000000e+00   5.2499400e-01   8.2109900e-01   2.4496906e+00   1.0000000e+00
   2.9000000e+01   1.0000000e+00   8.1680800e-01   8.2109900e-01   2.4496906e+00   0.0000000e+00
   3.0000000e+01   0.0000000e+00   9.9596700e-01   8.2109900e-01   2.4496906e+00   0.0000000e+00
   3.1000000e+01   0.0000000e+00   1.2217350e+00   8.2109900e-01   2.4496906e+00   0.0000000e+00
   3.2000000e+01   0.0000000e+00   6.2014900e-01   8.2109900e-01   2.4496906e+00   1.0000000e+00
   3.3000000e+01   0.0000000e+00   1.1728990e+00   8.2109900e-01   2.4496906e+00   1.0000000e+00
   3.4000000e+01   0.0000000e+00   5.6999100e-01   8.2109900e-01   2.4496906e+00   1.0000000e+00
   3.5000000e+01   0.0000000e+00   6.8939600e-01   8.2109900e-01   2.4496906e+00   0.0000000e+00
   3.6000000e+01   1.0000000e+00   9.6046500e-01   8.2109900e-01   2.4496906e+00   1.0000000e+00
   3.7000000e+01   0.0000000e+00   6.3904600e-01   8.2109900e-01   2.4496906e+00   0.0000000e+00
   3.8000000e+01   0.0000000e+00   1.1350140e+00   8.2109900e-01   2.4496906e+00   1.0000000e+00
   3.9000000e+01   0.0000000e+00   8.8897000e-01   8.2109900e-01   2.4496906e+00   0.0000000e+00
   4.0000000e+01   0.0000000e+00   1.9192030e+00   8.2109900e-01   2.4496906e+00   0.0000000e+00
   4.1000000e+01   0.0000000e+00   7.6908300e-01   8.2109900e-01   2.4496906e+00   0.0000000e+00
   4.2000000e+01   1.0000000e+00   4.7772200e-01   8.2109900e-01   2.4496906e+00   1.0000000e+00
   4.3000000e+01   1.0000000e+00   7.6589500e-01   8.2109900e-01   2.4496906e+00   0.0000000e+00
   4.4000000e+01   0.0000000e+00   5.7577800e-01   8.2109900e-01   2.4496906e+00   0.0000000e+00
   4.5000000e+01   0.0000000e+00   4.8313100e-01   8.2109900e-01   2.4496906e+00   1.0000000e+00
   4.6000000e+01   0.0000000e+00   1.1911780e+00   8.2109900e-01   2.4496906e+00   1.0000000e+00
   4.7000000e+01   1.0000000e+00   6.2036300e-01   8.2109900e-01   2.4496906e+00   1.0000000e+00
   4.8000000e+01   0.0000000e+00   7.1672400e-01   8.2109900e-01   2.4496906e+00   1.0000000e+00
   4.9000000e+01   1.0000000e+00   4.8190700e-01   8.2109900e-01   2.4496906e+00   0.0000000e+00
   5.0000000e+01   0.0000000e+00   4.7544700e-01   8.2109900e-01   2.4496906e+00   1.0000000e+00
   5.1000000e+01   1.0000000e+00   5.2758600e-01   8.2109900e-01   2.4496906e+00   0.0000000e+00
   5.2000000e+01   1.0000000e+00   4.7280200e-01   8.2109900e-01   2.4496906e+00   1.0000000e+00
   5.3000000e+01   0.0000000e+00   5.5299500e-01   8.2109900e-01   2.4496906e+00   1.0000000e+00
   5.4000000e+01   0.0000000e+00   1.2462660e+00   8.2109900e-01   2.4496906e+00   1.0000000e+00
   5.5000000e+01   0.0000000e+00   8.2169700e-01   8.2109900e-01   2.4496906e+00   0.0000000e+00
   5.6000000e+01   0.0000000e+00   4.4173800e-01   8.2109900e-01   2.4496906e+00   1.0000000e+00
   5.7000000e+01   1.0000000e+00   9.9107400e-01   8.2109900e-01   2.4496906e+00   0.0000000e+00
   5.8000000e+01   0.0000000e+00   1.0153560e+00   8.2109900e-01   2.4496906e+00   0.0000000e+00
   5.9000000e+01   1.0000000e+00   4.7273900e-01   8.2109900e-01   2.4496906e+00   1.0000000e+00
   6.0000000e+01   0.0000000e+00   5.2091300e-01   8.2109900e-01   2.4496906e+00   0.0000000e+00
   6.1000000e+01   1.0000000e+00   7.7255800e-01   8.2109900e-01   2.4496906e+00   1.0000000e+00
   6.2000000e+01   0.0000000e+00   1.1710160e+00   8.2109900e-01   2.4496906e+00   1.0000000e+00
   6.3000000e+01   0.0000000e+00   7.3855400e-01   8.2109900e-01   2.4496906e+00   0.0000000e+00
   6.4000000e+01   0.0000000e+00   6.6195300e-01   8.2109900e-01   2.4496906e+00   1.0000000e+00
   6.5000000e+01   1.0000000e+00   7.0092600e-01   8.2109900e-01   2.4496906e+00   0.0000000e+00
   6.6000000e+01   0.0000000e+00   7.0044100e-01   8.2109900e-01   2.4496906e+00   1.0000000e+00
   6.7000000e+01   0.0000000e+00   7.9323000e-01   8.2109900e-01   2.4496906e+00   0.0000000e+00
   6.8000000e+01   1.0000000e+00   5.0709300e-01   8.2109900e-01   2.4496906e+00   0.0000000e+00
   6.9000000e+01   0.0000000e+00   5.9584800e-01   8.2109900e-01   2.4496906e+00   1.0000000e+00
   7.0000000e+01   0.0000000e+00   4.8336900e-01   8.2109900e-01   2.4496906e+00   1.0000000e+00
   7.1000000e+01   1.0000000e+00   7.0347800e-01   8.2109900e-01   2.4496906e+00   1.0000000e+00
   7.2000000e+01   0.0000000e+00   7.1552100e-01   8.2109900e-01   2.4496906e+00   0.0000000e+00
   7.3000000e+01   0.0000000e+00   1.2462130e+00   8.2109900e-01   2.4496906e+00   0.0000000e+00
   7.4000000e+01   0.0000000e+00   1.8335380e+00   8.2109900e-01   2.4496906e+00   1.0000000e+00
   7.5000000e+01   0.0000000e+00   8.2460000e-01   8.2109900e-01   2.4496906e+00   1.0000000e+00
   7.6000000e+01   1.0000000e+00   5.8225600e-01   8.2109900e-01   2.4496906e+00   0.0000000e+00
   7.7000000e+01   0.0000000e+00   1.3215580e+00   8.2109900e-01   2.4496906e+00   1.0000000e+00
   7.8000000e+01   0.0000000e+00   2.2095520e+00   8.2109900e-01   2.4496906e+00   0.0000000e+00
   7.9000000e+01   1.0000000e+00   6.7163000e-01   8.2109900e-01   2.4496906e+00   1.0000000e+00
   8.0000000e+01   0.0000000e+00   7.7685900e-01   8.2109900e-01   2.4496906e+00   0.0000000e+00
   8.1000000e+01   0.0000000e+00   2.8377910e+00   8.2109900e-01   2.4496906e+00   0.0000000e+00
   8.2000000e+01   1.0000000e+00   1.8114810e+00   8.2109900e-01   2.4496906e+00   1.0000000e+00
   8.3000000e+01   0.0000000e+00   1.5370690e+00   8.2109900e-01   2.4496906e+00   0.0000000e+00
   8.4000000e+01   0.0000000e+00   4.7608800e-01   8.2109900e-01   2.4496906e+00   0.0000000e+00
   8.5000000e+01   0.0000000e+00   2.0609620e+00   8.2109900e-01   2.4496906e+00   1.0000000e+00
   8.6000000e+01   0.0000000e+00   2.3388380e+00   8.2109900e-01   2.4496906e+00   0.0000000e+00
   8.7000000e+01   0.0000000e+00   4.5756600e-01   8.2109900e-01   2.4496906e+00   0.0000000e+00
   8.8000000e+01   0.0000000e+00   9.6826500e-01   8.2109900e-01   2.4496906e+00   1.0000000e+00
   8.9000000e+01   0.0000000e+00   1.2732110e+00   8.2109900e-01   2.4496906e+00   0.0000000e+00
   9.0000000e+01   1.0000000e+00   2.4669260e+00   8.2109900e-01   2.4496906e+00   0.0000000e+00
   9.1000000e+01   0.0000000e+00   8.7772900e-01   8.2109900e-01   2.4496906e+00   1.0000000e+00
   9.2000000e+01   0.0000000e+00   9.4310700e-01   8.2109900e-01   2.4496906e+00   1.0000000e+00
   9.3000000e+01   0.0000000e+00   6.6905300e-01   8.2109900e-01   2.4496906e+00   0.0000000e+00
   9.4000000e+01   1.0000000e+00   6.4225700e-01   8.2109900e-01   2.4496906e+00   1.0000000e+00
   9.5000000e+01   0.0000000e+00   8.8047100e-01   8.2109900e-01   2.4496906e+00   1.0000000e+00
   9.6000000e+01   1.0000000e+00   7.5129500e-01   8.2109900e-01   2.4496906e+00   0.0000000e+00
   9.7000000e+01   0.0000000e+00   8.1218800e-01   8.2109900e-01   2.4496906e+00   0.0000000e+00
   9.8000000e+01   1.0000000e+00   1.1766030e+00   8.2109900e-01   2.4496906e+00   1.0000000e+00
   9.9000000e+01   0.0000000e+00   1.7617370e+00   8.2109900e-01   2.4496906e+00   1.0000000e+00
   1.0000000e+02   0.0000000e+00   4.6570500e-01   8.2109900e-01   2.4496906e+00   1.0000000e+00
   1.0100000e+02   1.0000000e+00   8.6985800e-01   8.2109900e-01   2.4496906e+00   0.0000000e+00
   1.0200000e+02   0.0000000e+00   5.0861200e-01   8.2109900e-01   2.4496906e+00   0.0000000e+00
   1.0300000e+02   0.0000000e+00   5.1986800e-01   8.2109900e-01   2.4496906e+00   0.0000000e+00
   1.0400000e+02   0.0000000e+00   1.1237170e+00   8.2109900e-01   2.4496906e+00   1.0000000e+00
   1.0500000e+02   0.0000000e+00   6.5247700e-01   8.2109900e-01   2.4496906e+00   0.0000000e+00
   1.0600000e+02   1.0000000e+00   7.9958800e-01   8.2109900e-01   2.4496906e+00   0.0000000e+00
   1.0700000e+02   0.0000000e+00   8.4631900e-01   8.2109900e-01   2.4496906e+00   0.0000000e+00
   1.0800000e+02   0.0000000e+00   7.0688700e-01   8.2109900e-01   2.4496906e+00   1.0000000e+00
   1.0900000e+02   1.0000000e+00   6.7175300e-01   8.2109900e-01   2.4496906e+00   1.0000000e+00
   1.1000000e+02   0.0000000e+00   1.5734750e+00   8.2109900e-01   2.4496906e+00   1.0000000e+00
   1.1100000e+02   0.0000000e+00   6.6522900e-01   8.2109900e-01   2.4496906e+00   0.0000000e+00
   1.1200000e+02   0.0000000e+00   1.2896600e+00   8.2109900e-01   2.4496906e+00   0.0000000e+00
   1.1300000e+02   1.0000000e+00   9.5849100e-01   8.2109900e-01   2.4496906e+00   0.0000000e+00
   1.1400000e+02   0.0000000e+00   1.0667590e+00   8.2109900e-01   2.4496906e+00   0.0000000e+00
   1.1500000e+02   0.0000000e+00   8.7571300e-01   8.2109900e-01   2.4496906e+00   1.0000000e+00
   1.1600000e+02   1.0000000e+00   1.3330460e+00   8.2109900e-01   2.4496906e+00   1.0000000e+00
   1.1700000e+02   0.0000000e+00   4.9740200e-01   8.2109900e-01   2.4496906e+00   0.0000000e+00
   1.1800000e+02   0.0000000e+00   2.2562470e+00   8.2109900e-01   2.4496906e+00   1.0000000e+00
   1.1900000e+02   0.0000000e+00   1.1657280e+00   8.2109900e-01   2.4496906e+00   1.0000000e+00
   1.2000000e+02   0.0000000e+00   5.4521500e-01   8.2109900e-01   2.4496906e+00   0.0000000e+00
   1.2100000e+02   0.0000000e+00   1.4788120e+00   8.2109900e-01   2.4496906e+00   1.0000000e+00
   1.2200000e+02   1.0000000e+00   6.5516900e-01   8.2109900e-01   2.4496906e+00   1.0000000e+00
   1.2300000e+02   0.0000000e+00   6.2123000e-01   8.2109900e-01   2.4496906e+00   0.0000000e+00
   1.2400000e+02   1.0000000e+00   1.0807940e+00   8.2109900e-01   2.4496906e+00   0.0000000e+00
   1.2500000e+02   0.0000000e+00   1.0325250e+00   8.2109900e-01   2.4496906e+00   0.0000000e+00
   1.2600000e+02   0.0000000e+00   7.8157000e-01   8.2109900e-01   2.4496906e+00   1.0000000e+00
   1.2700000e+02   1.0000000e+00   5.0149100e-01   8.2109900e-01   2.4496906e+00   1.0000000e+00
   1.2800000e+02   0.0000000e+00   5.5770200e-01   8.2109900e-01   2.4496906e+00   1.0000000e+00
   1.2900000e+02   0.0000000e+00   6.0956400e-01   8.2109900e-01   2.4496906e+00   1.0000000e+00
   1.3000000e+02   1.0000000e+00   1.5237410e+00   8.2109900e-01   2.4496906e+00   0.0000000e+00
   1.3100000e+02   0.0000000e+00   1.0941620e+00   8.2109900e-01   2.4496906e+00   0.0000000e+00
   1.3200000e+02   0.0000000e+00   1.4424140e+00   8.2109900e-01   2.4496906e+00   1.0000000e+00
   1.3300000e+02   0.0000000e+00   1.3351140e+00   8.2109900e-01   2.4496906e+00   1.0000000e+00
   1.3400000e+02   0.0000000e+00   9.1274000e-01   8.2109900e-01   2.4496906e+00   0.0000000e+00
   1.3500000e+02   1.0000000e+00   7.1941600e-01   8.2109900e-01   2.4496906e+00   0.0000000e+00
   1.3600000e+02   1.0000000e+00   4.7580500e-01   8.2109900e-01   2.4496906e+00   1.0000000e+00
