   1.0000000e+00   0.0000000e+00   3.6671450e+00   8.2115400e-01   3.0403637e+00   0.0000000e+00
   2.0000000e+00   0.0000000e+00   1.5608280e+00   8.2115400e-01   3.0403637e+00   0.0000000e+00
   3.0000000e+00   0.0000000e+00   1.0171140e+00   8.2115400e-01   3.0403637e+00   1.0000000e+00
   4.0000000e+00   0.0000000e+00   8.1345400e-01   8.2115400e-01   3.0403637e+00   1.0000000e+00
   5.0000000e+00   1.0000000e+00   1.2738170e+00   8.2115400e-01   3.0403637e+00   0.0000000e+00
   6.0000000e+00   0.0000000e+00   4.4169000e-01   8.2115400e-01   3.0403637e+00   1.0000000e+00
   7.0000000e+00   0.0000000e+00   5.9093600e-01   8.2115400e-01   3.0403637e+00   0.0000000e+00
   8.0000000e+00   0.0000000e+00   6.0840700e-01   8.2115400e-01   3.0403637e+00   0.0000000e+00
   9.0000000e+00   1.0000000e+00   1.2423420e+00   8.2115400e-01   3.0403637e+00   1.0000000e+00
   1.0000000e+01   0.0000000e+00   9.9863700e-01   8.2115400e-01   3.0403637e+00   1.0000000e+00
   1.1000000e+01   1.0000000e+00   4.8538800e-01   8.2115400e-01   3.0403637e+00   0.0000000e+00
   1.2000000e+01   0.0000000e+00   4.6222800e-01   8.2115400e-01   3.0403637e+00   0.0000000e+00
   1.3000000e+01   0.0000000e+00   1.3050830e+00   8.2115400e-01   3.0403637e+00   0.0000000e+00
   1.4000000e+01   0.0000000e+00   3.0568580e+00   8.2115400e-01   3.0403637e+00   0.0000000e+00
   1.5000000e+01   1.0000000e+00   5.9179000e-01   8.2115400e-01   3.0403637e+00   1.0000000e+00
   1.6000000e+01   0.0000000e+00   6.2270000e-01   8.2115400e-01   3.0403637e+00   1.0000000e+00
   1.7000000e+01   1.0000000e+00   7.7693900e-01   8.2115400e-01   3.0403637e+00   1.0000000e+00
   1.8000000e+01   0.0000000e+00   1.3976220e+00   8.2115400e-01   3.0403637e+00   1.0000000e+00
   1.9000000e+01   0.0000000e+00   5.3519800e-01   8.2115400e-01   3.0403637e+00   1.0000000e+00
   2.0000000e+01   1.0000000e+00   2.2122410e+00   8.2115400e-01   3.0403637e+00   0.0000000e+00
   2.1000000e+01   0.0000000e+00   1.0991870e+00   8.2115400e-01   3.0403637e+00   0.0000000e+00
   2.2000000e+01   1.0000000e+00   6.9891600e-01   8.2115400e-01   3.0403637e+00   1.0000000e+00
   2.3000000e+01   0.0000000e+00   4.7741100e-01   8.2115400e-01   3.0403637e+00   1.0000000e+00
   2.4000000e+01   0.0000000e+00   7.9967200e-01   8.2115400e-01   3.0403637e+00   1.0000000e+00
   2.5000000e+01   0.0000000e+00   5.0389100e-01   8.2115400e-01   3.0403637e+00   1.0000000e+00
   2.6000000e+01   0.0000000e+00   7.4804600e-01   8.2115400e-01   3.0403637e+00   0.0000000e+00
   2.7000000e+01   0.0000000e+00   7.5755400e-01   8.2115400e-01   3.0403637e+00   0.0000000e+00
   2.8000000e+01   0.0000000e+00   2.5395520e+00   8.2115400e-01   3.0403637e+00   1.0000000e+00
   2.9000000e+01   1.0000000e+00   7.2512000e-01   8.2115400e-01   3.0403637e+00   0.0000000e+00
   3.0000000e+01   0.0000000e+00   2.6412890e+00   8.2115400e-01   3.0403637e+00   0.0000000e+00
   3.1000000e+01   1.0000000e+00   8.1083200e-01   8.2115400e-01   3.0403637e+00   1.0000000e+00
   3.2000000e+01   0.0000000e+00   5.4742200e-01   8.2115400e-01   3.0403637e+00   1.0000000e+00
   3.3000000e+01   1.0000000e+00   6.0585400e-01   8.2115400e-01   3.0403637e+00   0.0000000e+00
   3.4000000e+01   0.0000000e+00   1.4108550e+00   8.2115400e-01   3.0403637e+00   0.0000000e+00
   3.5000000e+01   0.0000000e+00   4.7591800e-01   8.2115400e-01   3.0403637e+00   1.0000000e+00
   3.6000000e+01   0.0000000e+00   8.0422500e-01   8.2115400e-01   3.0403637e+00   0.0000000e+00
   3.7000000e+01   0.0000000e+00   2.1602710e+00   8.2115400e-01   3.0403637e+00   1.0000000e+00
   3.8000000e+01   0.0000000e+00   6.8922200e-01   8.2115400e-01   3.0403637e+00   0.0000000e+00
   3.9000000e+01   0.0000000e+00   5.7495200e-01   8.2115400e-01   3.0403637e+00   1.0000000e+00
   4.0000000e+01   1.0000000e+00   1.3829480e+00   8.2115400e-01   3.0403637e+00   0.0000000e+00
   4.1000000e+01   0.0000000e+00   1.8221380e+00   8.2115400e-01   3.0403637e+00   0.0000000e+00
   4.2000000e+01   1.0000000e+00   8.5663200e-01   8.2115400e-01   3.0403637e+00   1.0000000e+00
   4.3000000e+01   0.0000000e+00   1.0562690e+00   8.2115400e-01   3.0403637e+00   1.0000000e+00
   4.4000000e+01   0.0000000e+00   5.5363100e-01   8.2115400e-01   3.0403637e+00   1.0000000e+00
   4.5000000e+01   0.0000000e+00   5.0445600e-01   8.2115400e-01   3.0403637e+00   0.0000000e+00
   4.6000000e+01   1.0000000e+00   1.3103930e+00   8.2115400e-01   3.0403637e+00   0.0000000e+00
   4.7000000e+01   1.0000000e+00   7.1594300e-01   8.2115400e-01   3.0403637e+00   1.0000000e+00
   4.8000000e+01   0.0000000e+00   4.7412400e-01   8.2115400e-01   3.0403637e+00   1.0000000e+00
   4.9000000e+01   0.0000000e+00   8.1061000e-01   8.2115400e-01   3.0403637e+00   0.0000000e+00
   5.0000000e+01   0.0000000e+00   4.9176200e-01   8.2115400e-01   3.0403637e+00   1.0000000e+00
   5.1000000e+01   1.0000000e+00   4.4328800e-01   8.2115400e-01   3.0403637e+00   1.0000000e+00
   5.2000000e+01   0.0000000e+00   7.0955300e-01   8.2115400e-01   3.0403637e+00   1.0000000e+00
   5.3000000e+01   0.0000000e+00   5.9430500e-01   8.2115400e-01   3.0403637e+00   1.0000000e+00
   5.4000000e+01   0.0000000e+00   7.4503100e-01   8.2115400e-01   3.0403637e+00   0.0000000e+00
   5.5000000e+01   0.0000000e+00   1.6605080e+00   8.2115400e-01   3.0403637e+00   0.0000000e+00
   5.6000000e+01   0.0000000e+00   6.5865600e-01   8.2115400e-01   3.0403637e+00   0.0000000e+00
   5.7000000e+01   1.0000000e+00   1.0653260e+00   8.2115400e-01   3.0403637e+00   0.0000000e+00
   5.8000000e+01   0.0000000e+00   7.8029600e-01   8.2115400e-01   3.0403637e+00   0.0000000e+00
   5.9000000e+01   1.0000000e+00   1.8658140e+00   8.2115400e-01   3.0403637e+00   1.0000000e+00
   6.0000000e+01   0.0000000e+00   1.0936200e+00   8.2115400e-01   3.0403637e+00   1.0000000e+00
   6.1000000e+01   1.0000000e+00   2.1956670e+00   8.2115400e-01   3.0403637e+00   0.0000000e+00
   6.2000000e+01   0.0000000e+00   4.4506400e-01   8.2115400e-01   3.0403637e+00   0.0000000e+00
   6.3000000e+01   1.0000000e+00   4.7497600e-01   8.2115400e-01   3.0403637e+00   0.0000000e+00
   6.4000000e+01   0.0000000e+00   5.3193400e-01   8.2115400e-01   3.0403637e+00   0.0000000e+00
   6.5000000e+01   1.0000000e+00   6.8196000e-01   8.2115400e-01   3.0403637e+00   1.0000000e+00
   6.6000000e+01   0.0000000e+00   4.3855000e-01   8.2115400e-01   3.0403637e+00   1.0000000e+00
   6.7000000e+01   0.0000000e+00   6.5095500e-01   8.2115400e-01   3.0403637e+00   1.0000000e+00
   6.8000000e+01   0.0000000e+00   5.9978800e-01   8.2115400e-01   3.0403637e+00   0.0000000e+00
   6.9000000e+01   0.0000000e+00   7.1807300e-01   8.2115400e-01   3.0403637e+00   0.0000000e+00
   7.0000000e+01   0.0000000e+00   4.8793100e-01   8.2115400e-01   3.0403637e+00   0.0000000e+00
   7.1000000e+01   0.0000000e+00   1.0269440e+00   8.2115400e-01   3.0403637e+00   1.0000000e+00
   7.2000000e+01   1.0000000e+00   6.3769600e-01   8.2115400e-01   3.0403637e+00   1.0000000e+00
   7.3000000e+01   1.0000000e+00   4.4464000e-01   8.2115400e-01   3.0403637e+00   0.0000000e+00
   7.4000000e+01   0.0000000e+00   5.0740700e-01   8.2115400e-01   3.0403637e+00   0.0000000e+00
   7.5000000e+01   0.0000000e+00   6.8121800e-01   8.2115400e-01   3.0403637e+00   1.0000000e+00
   7.6000000e+01   0.0000000e+00   1.0481400e+00   8.2115400e-01   3.0403637e+00   0.0000000e+00
   7.7000000e+01   1.0000000e+00   7.9793900e-01   8.2115400e-01   3.0403637e+00   1.0000000e+00
   7.8000000e+01   0.0000000e+00   1.2542430e+00   8.2115400e-01   3.0403637e+00   0.0000000e+00
   7.9000000e+01   0.0000000e+00   6.0818400e-01   8.2115400e-01   3.0403637e+00   1.0000000e+00
   8.0000000e+01   0.0000000e+00   4.9790600e-01   8.2115400e-01   3.0403637e+00   1.0000000e+00
   8.1000000e+01   0.0000000e+00   1.4937790e+00   8.2115400e-01   3.0403637e+00   1.0000000e+00
   8.2000000e+01   1.0000000e+00   2.1392870e+00   8.2115400e-01   3.0403637e+00   0.0000000e+00
   8.3000000e+01   0.0000000e+00   1.8781090e+00   8.2115400e-01   3.0403637e+00   1.0000000e+00
   8.4000000e+01   0.0000000e+00   6.7663400e-01   8.2115400e-01   3.0403637e+00   1.0000000e+00
   8.5000000e+01   0.0000000e+00   7.0304200e-01   8.2115400e-01   3.0403637e+00   1.0000000e+00
   8.6000000e+01   0.0000000e+00   8.1335500e-01   8.2115400e-01   3.0403637e+00   0.0000000e+00
   8.7000000e+01   0.0000000e+00   6.0300900e-01   8.2115400e-01   3.0403637e+00   0.0000000e+00
   8.8000000e+01   1.0000000e+00   6.8608700e-01   8.2115400e-01   3.0403637e+00   0.0000000e+00
   8.9000000e+01   0.0000000e+00   1.3095780e+00   8.2115400e-01   3.0403637e+00   1.0000000e+00
   9.0000000e+01   1.0000000e+00   1.3198080e+00   8.2115400e-01   3.0403637e+00   1.0000000e+00
   9.1000000e+01   0.0000000e+00   1.9579550e+00   8.2115400e-01   3.0403637e+00   0.0000000e+00
   9.2000000e+01   0.0000000e+00   5.3529600e-01   8.2115400e-01   3.0403637e+00   0.0000000e+00
   9.3000000e+01   0.0000000e+00   5.0063700e-01   8.2115400e-01   3.0403637e+00   1.0000000e+00
   9.4000000e+01   0.0000000e+00   9.6106500e-01   8.2115400e-01   3.0403637e+00   0.0000000e+00
   9.5000000e+01   0.0000000e+00   4.4897400e-01   8.2115400e-01   3.0403637e+00   1.0000000e+00
   9.6000000e+01   1.0000000e+00   5.1349700e-01   8.2115400e-01   3.0403637e+00   0.0000000e+00
   9.7000000e+01   0.0000000e+00   6.0686200e-01   8.2115400e-01   3.0403637e+00   0.0000000e+00
   9.8000000e+01   1.0000000e+00   1.0932110e+00   8.2115400e-01   3.0403637e+00   1.0000000e+00
   9.9000000e+01   0.0000000e+00   4.9321700e-01   8.2115400e-01   3.0403637e+00   0.0000000e+00
   1.0000000e+02   0.0000000e+00   6.7175700e-01   8.2115400e-01   3.0403637e+00   1.0000000e+00
   1.0100000e+02   1.0000000e+00   9.9639200e-01   8.2115400e-01   3.0403637e+00   0.0000000e+00
   1.0200000e+02   0.0000000e+00   6.7634900e-01   8.2115400e-01   3.0403637e+00   1.0000000e+00
   1.0300000e+02   0.0000000e+00   4.8425100e-01   8.2115400e-01   3.0403637e+00   0.0000000e+00
   1.0400000e+02   0.0000000e+00   5.6297500e-01   8.2115400e-01   3.0403637e+00   0.0000000e+00
   1.0500000e+02   0.0000000e+00   4.4837200e-01   8.2115400e-01   3.0403637e+00   0.0000000e+00
   1.0600000e+02   1.0000000e+00   8.8712500e-01   8.2115400e-01   3.0403637e+00   1.0000000e+00
   1.0700000e+02   0.0000000e+00   8.8914100e-01   8.2115400e-01   3.0403637e+00   0.0000000e+00
   1.0800000e+02   1.0000000e+00   4.6392900e-01   8.2115400e-01   3.0403637e+00   1.0000000e+00
   1.0900000e+02   0.0000000e+00   8.8520200e-01   8.2115400e-01   3.0403637e+00   1.0000000e+00
   1.1000000e+02   1.0000000e+00   6.7028700e-01   8.2115400e-01   3.0403637e+00   0.0000000e+00
   1.1100000e+02   0.0000000e+00   8.2293200e-01   8.2115400e-01   3.0403637e+00   0.0000000e+00
   1.1200000e+02   0.0000000e+00   1.1980760e+00   8.2115400e-01   3.0403637e+00   0.0000000e+00
   1.1300000e+02   0.0000000e+00   5.9442700e-01   8.2115400e-01   3.0403637e+00   1.0000000e+00
   1.1400000e+02   0.0000000e+00   5.3465600e-01   8.2115400e-01   3.0403637e+00   1.0000000e+00
   1.1500000e+02   1.0000000e+00   5.7974400e-01   8.2115400e-01   3.0403637e+00   1.0000000e+00
   1.1600000e+02   0.0000000e+00   5.1396000e-01   8.2115400e-01   3.0403637e+00   1.0000000e+00
   1.1700000e+02   0.0000000e+00   1.8880440e+00   8.2115400e-01   3.0403637e+00   0.0000000e+00
   1.1800000e+02   1.0000000e+00   1.3230470e+00   8.2115400e-01   3.0403637e+00   0.0000000e+00
   1.1900000e+02   0.0000000e+00   6.4792700e-01   8.2115400e-01   3.0403637e+00   0.0000000e+00
   1.2000000e+02   0.0000000e+00   4.7018900e-01   8.2115400e-01   3.0403637e+00   0.0000000e+00
   1.2100000e+02   1.0000000e+00   2.4255900e+00   8.2115400e-01   3.0403637e+00   0.0000000e+00
   1.2200000e+02   0.0000000e+00   6.6701800e-01   8.2115400e-01   3.0403637e+00   1.0000000e+00
   1.2300000e+02   0.0000000e+00   5.4577000e-01   8.2115400e-01   3.0403637e+00   1.0000000e+00
   1.2400000e+02   0.0000000e+00   1.0023670e+00   8.2115400e-01   3.0403637e+00   1.0000000e+00
   1.2500000e+02   0.0000000e+00   5.0150900e-01   8.2115400e-01   3.0403637e+00   1.0000000e+00
   1.2600000e+02   1.0000000e+00   1.4388240e+00   8.2115400e-01   3.0403637e+00   1.0000000e+00
   1.2700000e+02   0.0000000e+00   4.4092700e-01   8.2115400e-01   3.0403637e+00   0.0000000e+00
   1.2800000e+02   1.0000000e+00   4.5390500e-01   8.2115400e-01   3.0403637e+00   0.0000000e+00
   1.2900000e+02   0.0000000e+00   1.5752490e+00   8.2115400e-01   3.0403637e+00   1.0000000e+00
   1.3000000e+02   0.0000000e+00   7.0850300e-01   8.2115400e-01   3.0403637e+00   0.0000000e+00
   1.3100000e+02   0.0000000e+00   6.1897900e-01   8.2115400e-01   3.0403637e+00   1.0000000e+00
   1.3200000e+02   1.0000000e+00   9.3252500e-01   8.2115400e-01   3.0403637e+00   1.0000000e+00
   1.3300000e+02   0.0000000e+00   8.4559200e-01   8.2115400e-01   3.0403637e+00   0.0000000e+00
   1.3400000e+02   1.0000000e+00   7.8049700e-01   8.2115400e-01   3.0403637e+00   1.0000000e+00
   1.3500000e+02   1.0000000e+00   6.3380100e-01   8.2115400e-01   3.0403637e+00   0.0000000e+00
   1.3600000e+02   0.0000000e+00   1.5916340e+00   8.2115400e-01   3.0403637e+00   1.0000000e+00
