   1.0000000e+00   0.0000000e+00   1.1152890e+00   8.2007700e-01   3.2032938e+00   1.0000000e+00
   2.0000000e+00   0.0000000e+00   5.2666200e-01   8.2007700e-01   3.2032938e+00   0.0000000e+00
   3.0000000e+00   0.0000000e+00   8.8572100e-01   8.2007700e-01   3.2032938e+00   0.0000000e+00
   4.0000000e+00   0.0000000e+00   1.9834200e+00   8.2007700e-01   3.2032938e+00   1.0000000e+00
   5.0000000e+00   0.0000000e+00   5.8245800e-01   8.2007700e-01   3.2032938e+00   1.0000000e+00
   6.0000000e+00   1.0000000e+00   2.1333920e+00   8.2007700e-01   3.2032938e+00   1.0000000e+00
   7.0000000e+00   0.0000000e+00   7.9787900e-01   8.2007700e-01   3.2032938e+00   1.0000000e+00
   8.0000000e+00   1.0000000e+00   1.2090270e+00   8.2007700e-01   3.2032938e+00   0.0000000e+00
   9.0000000e+00   0.0000000e+00   1.5201740e+00   8.2007700e-01   3.2032938e+00   0.0000000e+00
   1.0000000e+01   0.0000000e+00   1.1997930e+00   8.2007700e-01   3.2032938e+00   0.0000000e+00
   1.1000000e+01   0.0000000e+00   5.1178900e-01   8.2007700e-01   3.2032938e+00   1.0000000e+00
   1.2000000e+01   1.0000000e+00   9.6180400e-01   8.2007700e-01   3.2032938e+00   1.0000000e+00
   1.3000000e+01   0.0000000e+00   6.2492600e-01   8.2007700e-01   3.2032938e+00   0.0000000e+00
   1.4000000e+01   1.0000000e+00   1.1359370e+00   8.2007700e-01   3.2032938e+00   0.0000000e+00
   1.5000000e+01   0.0000000e+00   8.5819600e-01   8.2007700e-01   3.2032938e+00   0.0000000e+00
   1.6000000e+01   0.0000000e+00   6.3537800e-01   8.2007700e-01   3.2032938e+00   0.0000000e+00
   1.7000000e+01   0.0000000e+00   1.3987330e+00   8.2007700e-01   3.2032938e+00   1.0000000e+00
   1.8000000e+01   1.0000000e+00   1.5174490e+00   8.2007700e-01   3.2032938e+00   0.0000000e+00
   1.9000000e+01   0.0000000e+00   6.2626600e-01   8.2007700e-01   3.2032938e+00   0.0000000e+00
   2.0000000e+01   0.0000000e+00   7.0327000e-01   8.2007700e-01   3.2032938e+00   0.0000000e+00
   2.1000000e+01   1.0000000e+00   8.4548500e-01   8.2007700e-01   3.2032938e+00   1.0000000e+00
   2.2000000e+01   0.0000000e+00   8.3288600e-01   8.2007700e-01   3.2032938e+00   1.0000000e+00
   2.3000000e+01   1.0000000e+00   7.6609700e-01   8.2007700e-01   3.2032938e+00   0.0000000e+00
   2.4000000e+01   0.0000000e+00   6.6943900e-01   8.2007700e-01   3.2032938e+00   1.0000000e+00
   2.5000000e+01   1.0000000e+00   1.1865220e+00   8.2007700e-01   3.2032938e+00   1.0000000e+00
   2.6000000e+01   0.0000000e+00   1.7756290e+00   8.2007700e-01   3.2032938e+00   1.0000000e+00
   2.7000000e+01   0.0000000e+00   4.9541900e-01   8.2007700e-01   3.2032938e+00   0.0000000e+00
   2.8000000e+01   0.0000000e+00   4.8495600e-01   8.2007700e-01   3.2032938e+00   0.0000000e+00
   2.9000000e+01   0.0000000e+00   5.7204200e-01   8.2007700e-01   3.2032938e+00   1.0000000e+00
   3.0000000e+01   0.0000000e+00   1.8843230e+00   8.2007700e-01   3.2032938e+00   1.0000000e+00
   3.1000000e+01   1.0000000e+00   5.9707600e-01   8.2007700e-01   3.2032938e+00   0.0000000e+00
   3.2000000e+01   0.0000000e+00   1.2097960e+00   8.2007700e-01   3.2032938e+00   0.0000000e+00
   3.3000000e+01   0.0000000e+00   5.1730900e-01   8.2007700e-01   3.2032938e+00   1.0000000e+00
   3.4000000e+01   0.0000000e+00   4.9311700e-01   8.2007700e-01   3.2032938e+00   1.0000000e+00
   3.5000000e+01   0.0000000e+00   4.5108500e-01   8.2007700e-01   3.2032938e+00   0.0000000e+00
   3.6000000e+01   0.0000000e+00   5.4582800e-01   8.2007700e-01   3.2032938e+00   0.0000000e+00
   3.7000000e+01   1.0000000e+00   1.2677980e+00   8.2007700e-01   3.2032938e+00   1.0000000e+00
   3.8000000e+01   0.0000000e+00   7.7233500e-01   8.2007700e-01   3.2032938e+00   1.0000000e+00
   3.9000000e+01   1.0000000e+00   5.2516600e-01   8.2007700e-01   3.2032938e+00   1.0000000e+00
   4.0000000e+01   0.0000000e+00   4.4906200e-01   8.2007700e-01   3.2032938e+00   0.0000000e+00
   4.1000000e+01   1.0000000e+00   8.8401700e-01   8.2007700e-01   3.2032938e+00   0.0000000e+00
   4.2000000e+01   0.0000000e+00   8.3307100e-01   8.2007700e-01   3.2032938e+00   0.0000000e+00
   4.3000000e+01   0.0000000e+00   5.6171200e-01   8.2007700e-01   3.2032938e+00   0.0000000e+00
   4.4000000e+01   0.0000000e+00   4.9782900e-01   8.2007700e-01   3.2032938e+00   1.0000000e+00
   4.5000000e+01   0.0000000e+00   6.1414200e-01   8.2007700e-01   3.2032938e+00   1.0000000e+00
   4.6000000e+01   0.0000000e+00   5.9918600e-01   8.2007700e-01   3.2032938e+00   1.0000000e+00
   4.7000000e+01   0.0000000e+00   7.9662000e-01   8.2007700e-01   3.2032938e+00   1.0000000e+00
   4.8000000e+01   1.0000000e+00   1.1493800e+00   8.2007700e-01   3.2032938e+00   1.0000000e+00
   4.9000000e+01   0.0000000e+00   1.0368340e+00   8.2007700e-01   3.2032938e+00   1.0000000e+00
   5.0000000e+01   0.0000000e+00   8.7842500e-01   8.2007700e-01   3.2032938e+00   0.0000000e+00
   5.1000000e+01   1.0000000e+00   5.1388700e-01   8.2007700e-01   3.2032938e+00   0.0000000e+00
   5.2000000e+01   1.0000000e+00   9.0125700e-01   8.2007700e-01   3.2032938e+00   0.0000000e+00
   5.3000000e+01   0.0000000e+00   8.7062800e-01   8.2007700e-01   3.2032938e+00   0.0000000e+00
   5.4000000e+01   0.0000000e+00   7.1604700e-01   8.2007700e-01   3.2032938e+00   0.0000000e+00
   5.5000000e+01   0.0000000e+00   7.9588400e-01   8.2007700e-01   3.2032938e+00   1.0000000e+00
   5.6000000e+01   0.0000000e+00   7.2560200e-01   8.2007700e-01   3.2032938e+00   0.0000000e+00
   5.7000000e+01   0.0000000e+00   2.2509050e+00   8.2007700e-01   3.2032938e+00   1.0000000e+00
   5.8000000e+01   1.0000000e+00   8.1874700e-01   8.2007700e-01   3.2032938e+00   1.0000000e+00
   5.9000000e+01   0.0000000e+00   1.6150470e+00   8.2007700e-01   3.2032938e+00   0.0000000e+00
   6.0000000e+01   0.0000000e+00   1.8968310e+00   8.2007700e-01   3.2032938e+00   1.0000000e+00
   6.1000000e+01   0.0000000e+00   4.8351500e-01   8.2007700e-01   3.2032938e+00   0.0000000e+00
   6.2000000e+01   1.0000000e+00   4.3966500e-01   8.2007700e-01   3.2032938e+00   0.0000000e+00
   6.3000000e+01   0.0000000e+00   8.0860000e-01   8.2007700e-01   3.2032938e+00   1.0000000e+00
   6.4000000e+01   0.0000000e+00   1.2495090e+00   8.2007700e-01   3.2032938e+00   0.0000000e+00
   6.5000000e+01   1.0000000e+00   1.4656830e+00   8.2007700e-01   3.2032938e+00   1.0000000e+00
   6.6000000e+01   0.0000000e+00   4.9487800e-01   8.2007700e-01   3.2032938e+00   0.0000000e+00
   6.7000000e+01   1.0000000e+00   5.5214300e-01   8.2007700e-01   3.2032938e+00   1.0000000e+00
   6.8000000e+01   0.0000000e+00   8.7054700e-01   8.2007700e-01   3.2032938e+00   1.0000000e+00
   6.9000000e+01   1.0000000e+00   5.4762200e-01   8.2007700e-01   3.2032938e+00   0.0000000e+00
   7.0000000e+01   0.0000000e+00   1.0975950e+00   8.2007700e-01   3.2032938e+00   1.0000000e+00
   7.1000000e+01   0.0000000e+00   2.8038830e+00   8.2007700e-01   3.2032938e+00   1.0000000e+00
   7.2000000e+01   0.0000000e+00   1.1872290e+00   8.2007700e-01   3.2032938e+00   1.0000000e+00
   7.3000000e+01   1.0000000e+00   7.7222600e-01   8.2007700e-01   3.2032938e+00   0.0000000e+00
   7.4000000e+01   0.0000000e+00   7.8920700e-01   8.2007700e-01   3.2032938e+00   1.0000000e+00
   7.5000000e+01   1.0000000e+00   7.2217000e-01   8.2007700e-01   3.2032938e+00   1.0000000e+00
   7.6000000e+01   0.0000000e+00   1.0968750e+00   8.2007700e-01   3.2032938e+00   0.0000000e+00
   7.7000000e+01   0.0000000e+00   5.5907200e-01   8.2007700e-01   3.2032938e+00   0.0000000e+00
   7.8000000e+01   0.0000000e+00   1.1311770e+00   8.2007700e-01   3.2032938e+00   0.0000000e+00
   7.9000000e+01   1.0000000e+00   4.7682600e-01   8.2007700e-01   3.2032938e+00   0.0000000e+00
   8.0000000e+01   0.0000000e+00   6.2910000e-01   8.2007700e-01   3.2032938e+00   0.0000000e+00
   8.1000000e+01   1.0000000e+00   5.2052100e-01   8.2007700e-01   3.2032938e+00   1.0000000e+00
   8.2000000e+01   0.0000000e+00   2.1299630e+00   8.2007700e-01   3.2032938e+00   0.0000000e+00
   8.3000000e+01   1.0000000e+00   2.7256370e+00   8.2007700e-01   3.2032938e+00   1.0000000e+00
   8.4000000e+01   0.0000000e+00   5.3440800e-01   8.2007700e-01   3.2032938e+00   1.0000000e+00
   8.5000000e+01   0.0000000e+00   1.5542120e+00   8.2007700e-01   3.2032938e+00   1.0000000e+00
   8.6000000e+01   0.0000000e+00   1.1992180e+00   8.2007700e-01   3.2032938e+00   0.0000000e+00
   8.7000000e+01   0.0000000e+00   2.3066730e+00   8.2007700e-01   3.2032938e+00   0.0000000e+00
   8.8000000e+01   0.0000000e+00   6.0546800e-01   8.2007700e-01   3.2032938e+00   1.0000000e+00
   8.9000000e+01   0.0000000e+00   7.1007500e-01   8.2007700e-01   3.2032938e+00   0.0000000e+00
   9.0000000e+01   0.0000000e+00   4.4848900e-01   8.2007700e-01   3.2032938e+00   0.0000000e+00
   9.1000000e+01   0.0000000e+00   6.1600300e-01   8.2007700e-01   3.2032938e+00   0.0000000e+00
   9.2000000e+01   0.0000000e+00   7.3129700e-01   8.2007700e-01   3.2032938e+00   1.0000000e+00
   9.3000000e+01   0.0000000e+00   6.4137200e-01   8.2007700e-01   3.2032938e+00   0.0000000e+00
   9.4000000e+01   1.0000000e+00   4.3823700e-01   8.2007700e-01   3.2032938e+00   0.0000000e+00
   9.5000000e+01   1.0000000e+00   5.1732700e-01   8.2007700e-01   3.2032938e+00   1.0000000e+00
   9.6000000e+01   0.0000000e+00   5.4984000e-01   8.2007700e-01   3.2032938e+00   0.0000000e+00
   9.7000000e+01   1.0000000e+00   5.4830500e-01   8.2007700e-01   3.2032938e+00   0.0000000e+00
   9.8000000e+01   0.0000000e+00   1.5591230e+00   8.2007700e-01   3.2032938e+00   1.0000000e+00
   9.9000000e+01   1.0000000e+00   5.1310200e-01   8.2007700e-01   3.2032938e+00   1.0000000e+00
   1.0000000e+02   0.0000000e+00   9.4361700e-01   8.2007700e-01   3.2032938e+00   1.0000000e+00
   1.0100000e+02   0.0000000e+00   5.0907800e-01   8.2007700e-01   3.2032938e+00   1.0000000e+00
   1.0200000e+02   0.0000000e+00   6.5427100e-01   8.2007700e-01   3.2032938e+00   1.0000000e+00
   1.0300000e+02   1.0000000e+00   7.8092700e-01   8.2007700e-01   3.2032938e+00   0.0000000e+00
   1.0400000e+02   1.0000000e+00   1.0366690e+00   8.2007700e-01   3.2032938e+00   0.0000000e+00
   1.0500000e+02   0.0000000e+00   5.7330600e-01   8.2007700e-01   3.2032938e+00   0.0000000e+00
   1.0600000e+02   0.0000000e+00   8.0207500e-01   8.2007700e-01   3.2032938e+00   1.0000000e+00
   1.0700000e+02   0.0000000e+00   1.1730240e+00   8.2007700e-01   3.2032938e+00   0.0000000e+00
   1.0800000e+02   1.0000000e+00   2.2519410e+00   8.2007700e-01   3.2032938e+00   1.0000000e+00
   1.0900000e+02   0.0000000e+00   4.5230700e-01   8.2007700e-01   3.2032938e+00   0.0000000e+00
   1.1000000e+02   0.0000000e+00   1.0022950e+00   8.2007700e-01   3.2032938e+00   0.0000000e+00
   1.1100000e+02   0.0000000e+00   6.5247800e-01   8.2007700e-01   3.2032938e+00   0.0000000e+00
   1.1200000e+02   0.0000000e+00   6.6381900e-01   8.2007700e-01   3.2032938e+00   1.0000000e+00
   1.1300000e+02   1.0000000e+00   1.7457360e+00   8.2007700e-01   3.2032938e+00   0.0000000e+00
   1.1400000e+02   0.0000000e+00   9.4361500e-01   8.2007700e-01   3.2032938e+00   0.0000000e+00
   1.1500000e+02   1.0000000e+00   1.4858460e+00   8.2007700e-01   3.2032938e+00   1.0000000e+00
   1.1600000e+02   0.0000000e+00   7.5728600e-01   8.2007700e-01   3.2032938e+00   1.0000000e+00
   1.1700000e+02   0.0000000e+00   5.2455400e-01   8.2007700e-01   3.2032938e+00   1.0000000e+00
   1.1800000e+02   0.0000000e+00   1.4896020e+00   8.2007700e-01   3.2032938e+00   0.0000000e+00
   1.1900000e+02   0.0000000e+00   7.2251900e-01   8.2007700e-01   3.2032938e+00   1.0000000e+00
   1.2000000e+02   1.0000000e+00   1.0559500e+00   8.2007700e-01   3.2032938e+00   1.0000000e+00
   1.2100000e+02   0.0000000e+00   7.6943500e-01   8.2007700e-01   3.2032938e+00   1.0000000e+00
   1.2200000e+02   0.0000000e+00   7.9126100e-01   8.2007700e-01   3.2032938e+00   0.0000000e+00
   1.2300000e+02   1.0000000e+00   9.4481900e-01   8.2007700e-01   3.2032938e+00   0.0000000e+00
   1.2400000e+02   0.0000000e+00   9.5998800e-01   8.2007700e-01   3.2032938e+00   0.0000000e+00
   1.2500000e+02   0.0000000e+00   1.6488660e+00   8.2007700e-01   3.2032938e+00   1.0000000e+00
   1.2600000e+02   1.0000000e+00   5.5433500e-01   8.2007700e-01   3.2032938e+00   1.0000000e+00
   1.2700000e+02   0.0000000e+00   7.0000500e-01   8.2007700e-01   3.2032938e+00   1.0000000e+00
   1.2800000e+02   0.0000000e+00   1.2753320e+00   8.2007700e-01   3.2032938e+00   1.0000000e+00
   1.2900000e+02   1.0000000e+00   1.0068440e+00   8.2007700e-01   3.2032938e+00   0.0000000e+00
   1.3000000e+02   0.0000000e+00   9.3604100e-01   8.2007700e-01   3.2032938e+00   0.0000000e+00
   1.3100000e+02   0.0000000e+00   1.3114610e+00   8.2007700e-01   3.2032938e+00   1.0000000e+00
   1.3200000e+02   0.0000000e+00   4.8240900e-01   8.2007700e-01   3.2032938e+00   1.0000000e+00
   1.3300000e+02   0.0000000e+00   5.6986300e-01   8.2007700e-01   3.2032938e+00   1.0000000e+00
   1.3400000e+02   0.0000000e+00   6.2122200e-01   8.2007700e-01   3.2032938e+00   0.0000000e+00
   1.3500000e+02   1.0000000e+00   5.5812400e-01   8.2007700e-01   3.2032938e+00   0.0000000e+00
   1.3600000e+02   1.0000000e+00   5.5730200e-01   8.2007700e-01   3.2032938e+00   1.0000000e+00
