   1.0000000e+00   0.0000000e+00   3.7607100e+00   8.2912200e-01   2.7740404e+00   1.0000000e+00
   2.0000000e+00   0.0000000e+00   4.4039200e-01   8.2912200e-01   2.7740404e+00   0.0000000e+00
   3.0000000e+00   1.0000000e+00   5.9833600e-01   8.2912200e-01   2.7740404e+00   1.0000000e+00
   4.0000000e+00   0.0000000e+00   6.7299900e-01   8.2912200e-01   2.7740404e+00   0.0000000e+00
   5.0000000e+00   0.0000000e+00   1.1573520e+00   8.2912200e-01   2.7740404e+00   1.0000000e+00
   6.0000000e+00   0.0000000e+00   5.1517600e-01   8.2912200e-01   2.7740404e+00   0.0000000e+00
   7.0000000e+00   1.0000000e+00   4.8438700e-01   8.2912200e-01   2.7740404e+00   0.0000000e+00
   8.0000000e+00   1.0000000e+00   2.9856840e+00   8.2912200e-01   2.7740404e+00   1.0000000e+00
   9.0000000e+00   0.0000000e+00   9.5782400e-01   8.2912200e-01   2.7740404e+00   0.0000000e+00
   1.0000000e+01   0.0000000e+00   6.7680200e-01   8.2912200e-01   2.7740404e+00   0.0000000e+00
   1.1000000e+01   0.0000000e+00   5.3609300e-01   8.2912200e-01   2.7740404e+00   1.0000000e+00
   1.2000000e+01   1.0000000e+00   6.6961300e-01   8.2912200e-01   2.7740404e+00   0.0000000e+00
   1.3000000e+01   0.0000000e+00   4.4021500e-01   8.2912200e-01   2.7740404e+00   0.0000000e+00
   1.4000000e+01   0.0000000e+00   5.4226400e-01   8.2912200e-01   2.7740404e+00   0.0000000e+00
   1.5000000e+01   0.0000000e+00   1.2225810e+00   8.2912200e-01   2.7740404e+00   1.0000000e+00
   1.6000000e+01   0.0000000e+00   5.0183900e-01   8.2912200e-01   2.7740404e+00   1.0000000e+00
   1.7000000e+01   1.0000000e+00   9.3487100e-01   8.2912200e-01   2.7740404e+00   0.0000000e+00
   1.8000000e+01   0.0000000e+00   5.4696100e-01   8.2912200e-01   2.7740404e+00   1.0000000e+00
   1.9000000e+01   0.0000000e+00   1.0619740e+00   8.2912200e-01   2.7740404e+00   1.0000000e+00
   2.0000000e+01   0.0000000e+00   5.6438900e-01   8.2912200e-01   2.7740404e+00   0.0000000e+00
   2.1000000e+01   0.0000000e+00   6.4001500e-01   8.2912200e-01   2.7740404e+00   0.0000000e+00
   2.2000000e+01   0.0000000e+00   5.8609100e-01   8.2912200e-01   2.7740404e+00   1.0000000e+00
   2.3000000e+01   0.0000000e+00   9.3457200e-01   8.2912200e-01   2.7740404e+00   1.0000000e+00
   2.4000000e+01   0.0000000e+00   7.6822800e-01   8.2912200e-01   2.7740404e+00   1.0000000e+00
   2.5000000e+01   1.0000000e+00   5.7667800e-01   8.2912200e-01   2.7740404e+00   1.0000000e+00
   2.6000000e+01   0.0000000e+00   1.2693900e+00   8.2912200e-01   2.7740404e+00   1.0000000e+00
   2.7000000e+01   1.0000000e+00   5.1872200e-01   8.2912200e-01   2.7740404e+00   0.0000000e+00
   2.8000000e+01   0.0000000e+00   7.0923000e-01   8.2912200e-01   2.7740404e+00   1.0000000e+00
   2.9000000e+01   1.0000000e+00   4.7620600e-01   8.2912200e-01   2.7740404e+00   1.0000000e+00
   3.0000000e+01   0.0000000e+00   5.3822100e-01   8.2912200e-01   2.7740404e+00   0.0000000e+00
   3.1000000e+01   0.0000000e+00   9.6840600e-01   8.2912200e-01   2.7740404e+00   0.0000000e+00
   3.2000000e+01   1.0000000e+00   1.2776840e+00   8.2912200e-01   2.7740404e+00   0.0000000e+00
   3.3000000e+01   0.0000000e+00   4.4264700e-01   8.2912200e-01   2.7740404e+00   0.0000000e+00
   3.4000000e+01   1.0000000e+00   6.9355500e-01   8.2912200e-01   2.7740404e+00   1.0000000e+00
   3.5000000e+01   0.0000000e+00   4.5371400e-01   8.2912200e-01   2.7740404e+00   0.0000000e+00
   3.6000000e+01   0.0000000e+00   6.2369000e-01   8.2912200e-01   2.7740404e+00   1.0000000e+00
   3.7000000e+01   1.0000000e+00   6.5907700e-01   8.2912200e-01   2.7740404e+00   1.0000000e+00
   3.8000000e+01   0.0000000e+00   4.8753400e-01   8.2912200e-01   2.7740404e+00   0.0000000e+00
   3.9000000e+01   0.0000000e+00   1.6428310e+00   8.2912200e-01   2.7740404e+00   0.0000000e+00
   4.0000000e+01   1.0000000e+00   1.0813700e+00   8.2912200e-01   2.7740404e+00   0.0000000e+00
   4.1000000e+01   0.0000000e+00   7.5710000e-01   8.2912200e-01   2.7740404e+00   0.0000000e+00
   4.2000000e+01   1.0000000e+00   2.0315520e+00   8.2912200e-01   2.7740404e+00   1.0000000e+00
   4.3000000e+01   0.0000000e+00   5.1952000e-01   8.2912200e-01   2.7740404e+00   1.0000000e+00
   4.4000000e+01   1.0000000e+00   4.9975000e-01   8.2912200e-01   2.7740404e+00   0.0000000e+00
   4.5000000e+01   0.0000000e+00   1.4397010e+00   8.2912200e-01   2.7740404e+00   1.0000000e+00
   4.6000000e+01   1.0000000e+00   4.3929500e-01   8.2912200e-01   2.7740404e+00   0.0000000e+00
   4.7000000e+01   0.0000000e+00   8.5475000e-01   8.2912200e-01   2.7740404e+00   1.0000000e+00
   4.8000000e+01   0.0000000e+00   6.0317900e-01   8.2912200e-01   2.7740404e+00   0.0000000e+00
   4.9000000e+01   0.0000000e+00   1.5054530e+00   8.2912200e-01   2.7740404e+00   0.0000000e+00
   5.0000000e+01   0.0000000e+00   1.1946480e+00   8.2912200e-01   2.7740404e+00   0.0000000e+00
   5.1000000e+01   0.0000000e+00   9.3917000e-01   8.2912200e-01   2.7740404e+00   0.0000000e+00
   5.2000000e+01   1.0000000e+00   7.9557900e-01   8.2912200e-01   2.7740404e+00   1.0000000e+00
   5.3000000e+01   0.0000000e+00   7.0878900e-01   8.2912200e-01   2.7740404e+00   1.0000000e+00
   5.4000000e+01   0.0000000e+00   7.5655500e-01   8.2912200e-01   2.7740404e+00   1.0000000e+00
   5.5000000e+01   0.0000000e+00   1.0430120e+00   8.2912200e-01   2.7740404e+00   1.0000000e+00
   5.6000000e+01   0.0000000e+00   5.0811800e-01   8.2912200e-01   2.7740404e+00   0.0000000e+00
   5.7000000e+01   1.0000000e+00   1.1982730e+00   8.2912200e-01   2.7740404e+00   0.0000000e+00
   5.8000000e+01   0.0000000e+00   1.0365700e+00   8.2912200e-01   2.7740404e+00   0.0000000e+00
   5.9000000e+01   1.0000000e+00   5.2779100e-01   8.2912200e-01   2.7740404e+00   1.0000000e+00
   6.0000000e+01   0.0000000e+00   1.1196360e+00   8.2912200e-01   2.7740404e+00   1.0000000e+00
   6.1000000e+01   1.0000000e+00   1.2842960e+00   8.2912200e-01   2.7740404e+00   1.0000000e+00
   6.2000000e+01   1.0000000e+00   5.3950200e-01   8.2912200e-01   2.7740404e+00   0.0000000e+00
   6.3000000e+01   0.0000000e+00   1.2282070e+00   8.2912200e-01   2.7740404e+00   1.0000000e+00
   6.4000000e+01   0.0000000e+00   1.0643360e+00   8.2912200e-01   2.7740404e+00   0.0000000e+00
   6.5000000e+01   0.0000000e+00   1.0065300e+00   8.2912200e-01   2.7740404e+00   1.0000000e+00
   6.6000000e+01   0.0000000e+00   5.9602600e-01   8.2912200e-01   2.7740404e+00   1.0000000e+00
   6.7000000e+01   0.0000000e+00   6.7394400e-01   8.2912200e-01   2.7740404e+00   0.0000000e+00
   6.8000000e+01   0.0000000e+00   2.3877310e+00   8.2912200e-01   2.7740404e+00   1.0000000e+00
   6.9000000e+01   0.0000000e+00   9.4551200e-01   8.2912200e-01   2.7740404e+00   0.0000000e+00
   7.0000000e+01   1.0000000e+00   1.7688660e+00   8.2912200e-01   2.7740404e+00   0.0000000e+00
   7.1000000e+01   0.0000000e+00   1.5735610e+00   8.2912200e-01   2.7740404e+00   0.0000000e+00
   7.2000000e+01   0.0000000e+00   8.5000600e-01   8.2912200e-01   2.7740404e+00   1.0000000e+00
   7.3000000e+01   0.0000000e+00   6.8029800e-01   8.2912200e-01   2.7740404e+00   0.0000000e+00
   7.4000000e+01   0.0000000e+00   1.3174340e+00   8.2912200e-01   2.7740404e+00   0.0000000e+00
   7.5000000e+01   1.0000000e+00   6.5663900e-01   8.2912200e-01   2.7740404e+00   1.0000000e+00
   7.6000000e+01   0.0000000e+00   6.5160900e-01   8.2912200e-01   2.7740404e+00   1.0000000e+00
   7.7000000e+01   0.0000000e+00   7.6424600e-01   8.2912200e-01   2.7740404e+00   0.0000000e+00
   7.8000000e+01   0.0000000e+00   5.0198500e-01   8.2912200e-01   2.7740404e+00   1.0000000e+00
   7.9000000e+01   1.0000000e+00   1.0424430e+00   8.2912200e-01   2.7740404e+00   0.0000000e+00
   8.0000000e+01   0.0000000e+00   6.6207500e-01   8.2912200e-01   2.7740404e+00   1.0000000e+00
   8.1000000e+01   0.0000000e+00   5.3029100e-01   8.2912200e-01   2.7740404e+00   1.0000000e+00
   8.2000000e+01   1.0000000e+00   1.2488290e+00   8.2912200e-01   2.7740404e+00   1.0000000e+00
   8.3000000e+01   0.0000000e+00   1.3111730e+00   8.2912200e-01   2.7740404e+00   1.0000000e+00
   8.4000000e+01   0.0000000e+00   1.1992580e+00   8.2912200e-01   2.7740404e+00   1.0000000e+00
   8.5000000e+01   1.0000000e+00   1.0108660e+00   8.2912200e-01   2.7740404e+00   1.0000000e+00
   8.6000000e+01   0.0000000e+00   6.3950100e-01   8.2912200e-01   2.7740404e+00   0.0000000e+00
   8.7000000e+01   0.0000000e+00   6.3049600e-01   8.2912200e-01   2.7740404e+00   1.0000000e+00
   8.8000000e+01   1.0000000e+00   5.0725700e-01   8.2912200e-01   2.7740404e+00   0.0000000e+00
   8.9000000e+01   0.0000000e+00   1.0056100e+00   8.2912200e-01   2.7740404e+00   0.0000000e+00
   9.0000000e+01   0.0000000e+00   1.0729980e+00   8.2912200e-01   2.7740404e+00   0.0000000e+00
   9.1000000e+01   0.0000000e+00   7.0615700e-01   8.2912200e-01   2.7740404e+00   1.0000000e+00
   9.2000000e+01   0.0000000e+00   1.9850630e+00   8.2912200e-01   2.7740404e+00   0.0000000e+00
   9.3000000e+01   1.0000000e+00   1.0285620e+00   8.2912200e-01   2.7740404e+00   1.0000000e+00
   9.4000000e+01   0.0000000e+00   9.2159500e-01   8.2912200e-01   2.7740404e+00   1.0000000e+00
   9.5000000e+01   1.0000000e+00   7.5517700e-01   8.2912200e-01   2.7740404e+00   0.0000000e+00
   9.6000000e+01   0.0000000e+00   6.8083800e-01   8.2912200e-01   2.7740404e+00   0.0000000e+00
   9.7000000e+01   0.0000000e+00   1.0574650e+00   8.2912200e-01   2.7740404e+00   0.0000000e+00
   9.8000000e+01   0.0000000e+00   1.3452470e+00   8.2912200e-01   2.7740404e+00   1.0000000e+00
   9.9000000e+01   1.0000000e+00   4.6639000e-01   8.2912200e-01   2.7740404e+00   1.0000000e+00
   1.0000000e+02   0.0000000e+00   4.5193100e-01   8.2912200e-01   2.7740404e+00   1.0000000e+00
   1.0100000e+02   1.0000000e+00   7.5427400e-01   8.2912200e-01   2.7740404e+00   0.0000000e+00
   1.0200000e+02   0.0000000e+00   5.3869300e-01   8.2912200e-01   2.7740404e+00   0.0000000e+00
   1.0300000e+02   0.0000000e+00   1.0403030e+00   8.2912200e-01   2.7740404e+00   1.0000000e+00
   1.0400000e+02   1.0000000e+00   8.7883100e-01   8.2912200e-01   2.7740404e+00   0.0000000e+00
   1.0500000e+02   0.0000000e+00   1.9473320e+00   8.2912200e-01   2.7740404e+00   1.0000000e+00
   1.0600000e+02   0.0000000e+00   5.4064800e-01   8.2912200e-01   2.7740404e+00   1.0000000e+00
   1.0700000e+02   0.0000000e+00   6.9598800e-01   8.2912200e-01   2.7740404e+00   0.0000000e+00
   1.0800000e+02   0.0000000e+00   7.0049200e-01   8.2912200e-01   2.7740404e+00   0.0000000e+00
   1.0900000e+02   1.0000000e+00   6.5705200e-01   8.2912200e-01   2.7740404e+00   1.0000000e+00
   1.1000000e+02   0.0000000e+00   1.1193460e+00   8.2912200e-01   2.7740404e+00   1.0000000e+00
   1.1100000e+02   1.0000000e+00   7.5973100e-01   8.2912200e-01   2.7740404e+00   0.0000000e+00
   1.1200000e+02   0.0000000e+00   6.8020300e-01   8.2912200e-01   2.7740404e+00   0.0000000e+00
   1.1300000e+02   0.0000000e+00   8.1720700e-01   8.2912200e-01   2.7740404e+00   1.0000000e+00
   1.1400000e+02   0.0000000e+00   6.4357400e-01   8.2912200e-01   2.7740404e+00   1.0000000e+00
   1.1500000e+02   0.0000000e+00   7.5085600e-01   8.2912200e-01   2.7740404e+00   0.0000000e+00
   1.1600000e+02   0.0000000e+00   1.5638530e+00   8.2912200e-01   2.7740404e+00   0.0000000e+00
   1.1700000e+02   1.0000000e+00   1.5758710e+00   8.2912200e-01   2.7740404e+00   1.0000000e+00
   1.1800000e+02   0.0000000e+00   2.2893380e+00   8.2912200e-01   2.7740404e+00   1.0000000e+00
   1.1900000e+02   0.0000000e+00   9.4433300e-01   8.2912200e-01   2.7740404e+00   1.0000000e+00
   1.2000000e+02   0.0000000e+00   9.7693900e-01   8.2912200e-01   2.7740404e+00   0.0000000e+00
   1.2100000e+02   1.0000000e+00   6.2106800e-01   8.2912200e-01   2.7740404e+00   1.0000000e+00
   1.2200000e+02   1.0000000e+00   5.9545400e-01   8.2912200e-01   2.7740404e+00   0.0000000e+00
   1.2300000e+02   0.0000000e+00   9.0424400e-01   8.2912200e-01   2.7740404e+00   0.0000000e+00
   1.2400000e+02   1.0000000e+00   4.4115300e-01   8.2912200e-01   2.7740404e+00   1.0000000e+00
   1.2500000e+02   0.0000000e+00   2.6596600e+00   8.2912200e-01   2.7740404e+00   0.0000000e+00
   1.2600000e+02   0.0000000e+00   5.8747000e-01   8.2912200e-01   2.7740404e+00   1.0000000e+00
   1.2700000e+02   0.0000000e+00   1.3216120e+00   8.2912200e-01   2.7740404e+00   1.0000000e+00
   1.2800000e+02   0.0000000e+00   5.2066200e-01   8.2912200e-01   2.7740404e+00   0.0000000e+00
   1.2900000e+02   0.0000000e+00   7.8331600e-01   8.2912200e-01   2.7740404e+00   0.0000000e+00
   1.3000000e+02   1.0000000e+00   7.2529400e-01   8.2912200e-01   2.7740404e+00   0.0000000e+00
   1.3100000e+02   0.0000000e+00   5.5968100e-01   8.2912200e-01   2.7740404e+00   0.0000000e+00
   1.3200000e+02   0.0000000e+00   1.9773730e+00   8.2912200e-01   2.7740404e+00   1.0000000e+00
   1.3300000e+02   0.0000000e+00   8.9961600e-01   8.2912200e-01   2.7740404e+00   0.0000000e+00
   1.3400000e+02   0.0000000e+00   6.8565400e-01   8.2912200e-01   2.7740404e+00   1.0000000e+00
   1.3500000e+02   1.0000000e+00   9.0457800e-01   8.2912200e-01   2.7740404e+00   0.0000000e+00
   1.3600000e+02   1.0000000e+00   1.2515860e+00   8.2912200e-01   2.7740404e+00   1.0000000e+00
