   1.0000000e+00   0.0000000e+00   7.0150900e-01   8.2161200e-01   2.7388290e+00   1.0000000e+00
   2.0000000e+00   0.0000000e+00   6.6159200e-01   8.2161200e-01   2.7388290e+00   0.0000000e+00
   3.0000000e+00   0.0000000e+00   3.2214560e+00   8.2161200e-01   2.7388290e+00   1.0000000e+00
   4.0000000e+00   0.0000000e+00   4.4471100e-01   8.2161200e-01   2.7388290e+00   1.0000000e+00
   5.0000000e+00   1.0000000e+00   7.6264400e-01   8.2161200e-01   2.7388290e+00   1.0000000e+00
   6.0000000e+00   0.0000000e+00   8.7209300e-01   8.2161200e-01   2.7388290e+00   0.0000000e+00
   7.0000000e+00   1.0000000e+00   7.2093200e-01   8.2161200e-01   2.7388290e+00   0.0000000e+00
   8.0000000e+00   0.0000000e+00   7.0777600e-01   8.2161200e-01   2.7388290e+00   0.0000000e+00
   9.0000000e+00   0.0000000e+00   6.0985300e-01   8.2161200e-01   2.7388290e+00   0.0000000e+00
   1.0000000e+01   1.0000000e+00   1.0834490e+00   8.2161200e-01   2.7388290e+00   1.0000000e+00
   1.1000000e+01   0.0000000e+00   9.7770400e-01   8.2161200e-01   2.7388290e+00   0.0000000e+00
   1.2000000e+01   1.0000000e+00   5.5066700e-01   8.2161200e-01   2.7388290e+00   0.0000000e+00
   1.3000000e+01   0.0000000e+00   6.4180400e-01   8.2161200e-01   2.7388290e+00   1.0000000e+00
   1.4000000e+01   0.0000000e+00   9.5463500e-01   8.2161200e-01   2.7388290e+00   0.0000000e+00
   1.5000000e+01   1.0000000e+00   5.3749500e-01   8.2161200e-01   2.7388290e+00   0.0000000e+00
   1.6000000e+01   0.0000000e+00   5.4464000e-01   8.2161200e-01   2.7388290e+00   1.0000000e+00
   1.7000000e+01   0.0000000e+00   8.0842400e-01   8.2161200e-01   2.7388290e+00   0.0000000e+00
   1.8000000e+01   1.0000000e+00   6.4686200e-01   8.2161200e-01   2.7388290e+00   1.0000000e+00
   1.9000000e+01   0.0000000e+00   1.6124390e+00   8.2161200e-01   2.7388290e+00   1.0000000e+00
   2.0000000e+01   0.0000000e+00   7.5142000e-01   8.2161200e-01   2.7388290e+00   1.0000000e+00
   2.1000000e+01   0.0000000e+00   5.9975900e-01   8.2161200e-01   2.7388290e+00   0.0000000e+00
   2.2000000e+01   1.0000000e+00   2.8534220e+00   8.2161200e-01   2.7388290e+00   0.0000000e+00
   2.3000000e+01   1.0000000e+00   1.0179440e+00   8.2161200e-01   2.7388290e+00   1.0000000e+00
   2.4000000e+01   0.0000000e+00   4.5217000e-01   8.2161200e-01   2.7388290e+00   0.0000000e+00
   2.5000000e+01   0.0000000e+00   1.2532600e+00   8.2161200e-01   2.7388290e+00   1.0000000e+00
   2.6000000e+01   0.0000000e+00   7.7953200e-01   8.2161200e-01   2.7388290e+00   1.0000000e+00
   2.7000000e+01   0.0000000e+00   1.0479340e+00   8.2161200e-01   2.7388290e+00   1.0000000e+00
   2.8000000e+01   1.0000000e+00   5.5044900e-01   8.2161200e-01   2.7388290e+00   0.0000000e+00
   2.9000000e+01   0.0000000e+00   8.3839800e-01   8.2161200e-01   2.7388290e+00   0.0000000e+00
   3.0000000e+01   0.0000000e+00   5.9489100e-01   8.2161200e-01   2.7388290e+00   1.0000000e+00
   3.1000000e+01   0.0000000e+00   1.0412290e+00   8.2161200e-01   2.7388290e+00   0.0000000e+00
   3.2000000e+01   0.0000000e+00   5.2004000e-01   8.2161200e-01   2.7388290e+00   1.0000000e+00
   3.3000000e+01   0.0000000e+00   1.0144100e+00   8.2161200e-01   2.7388290e+00   0.0000000e+00
   3.4000000e+01   0.0000000e+00   5.1476900e-01   8.2161200e-01   2.7388290e+00   1.0000000e+00
   3.5000000e+01   0.0000000e+00   6.7908500e-01   8.2161200e-01   2.7388290e+00   0.0000000e+00
   3.6000000e+01   0.0000000e+00   7.5436700e-01   8.2161200e-01   2.7388290e+00   1.0000000e+00
   3.7000000e+01   1.0000000e+00   1.0924640e+00   8.2161200e-01   2.7388290e+00   1.0000000e+00
   3.8000000e+01   1.0000000e+00   9.6288400e-01   8.2161200e-01   2.7388290e+00   1.0000000e+00
   3.9000000e+01   0.0000000e+00   6.6396100e-01   8.2161200e-01   2.7388290e+00   1.0000000e+00
   4.0000000e+01   0.0000000e+00   6.1449400e-01   8.2161200e-01   2.7388290e+00   0.0000000e+00
   4.1000000e+01   0.0000000e+00   5.6722200e-01   8.2161200e-01   2.7388290e+00   0.0000000e+00
   4.2000000e+01   1.0000000e+00   9.7901400e-01   8.2161200e-01   2.7388290e+00   0.0000000e+00
   4.3000000e+01   0.0000000e+00   4.5141500e-01   8.2161200e-01   2.7388290e+00   0.0000000e+00
   4.4000000e+01   0.0000000e+00   3.7346710e+00   8.2161200e-01   2.7388290e+00   0.0000000e+00
   4.5000000e+01   1.0000000e+00   5.3007400e-01   8.2161200e-01   2.7388290e+00   1.0000000e+00
   4.6000000e+01   0.0000000e+00   2.5550580e+00   8.2161200e-01   2.7388290e+00   1.0000000e+00
   4.7000000e+01   0.0000000e+00   5.4837900e-01   8.2161200e-01   2.7388290e+00   1.0000000e+00
   4.8000000e+01   1.0000000e+00   8.7309600e-01   8.2161200e-01   2.7388290e+00   0.0000000e+00
   4.9000000e+01   0.0000000e+00   4.5674200e-01   8.2161200e-01   2.7388290e+00   0.0000000e+00
   5.0000000e+01   0.0000000e+00   2.1565150e+00   8.2161200e-01   2.7388290e+00   1.0000000e+00
   5.1000000e+01   0.0000000e+00   4.9429300e-01   8.2161200e-01   2.7388290e+00   0.0000000e+00
   5.2000000e+01   0.0000000e+00   5.5328100e-01   8.2161200e-01   2.7388290e+00   1.0000000e+00
   5.3000000e+01   0.0000000e+00   9.3921700e-01   8.2161200e-01   2.7388290e+00   1.0000000e+00
   5.4000000e+01   0.0000000e+00   7.6397700e-01   8.2161200e-01   2.7388290e+00   0.0000000e+00
   5.5000000e+01   1.0000000e+00   2.1536080e+00   8.2161200e-01   2.7388290e+00   0.0000000e+00
   5.6000000e+01   0.0000000e+00   5.9054900e-01   8.2161200e-01   2.7388290e+00   1.0000000e+00
   5.7000000e+01   1.0000000e+00   2.1233070e+00   8.2161200e-01   2.7388290e+00   1.0000000e+00
   5.8000000e+01   0.0000000e+00   5.3968700e-01   8.2161200e-01   2.7388290e+00   0.0000000e+00
   5.9000000e+01   0.0000000e+00   8.1358200e-01   8.2161200e-01   2.7388290e+00   1.0000000e+00
   6.0000000e+01   1.0000000e+00   5.7175500e-01   8.2161200e-01   2.7388290e+00   0.0000000e+00
   6.1000000e+01   0.0000000e+00   5.7355800e-01   8.2161200e-01   2.7388290e+00   0.0000000e+00
   6.2000000e+01   1.0000000e+00   1.0218890e+00   8.2161200e-01   2.7388290e+00   1.0000000e+00
   6.3000000e+01   0.0000000e+00   1.7073780e+00   8.2161200e-01   2.7388290e+00   0.0000000e+00
   6.4000000e+01   0.0000000e+00   5.8888900e-01   8.2161200e-01   2.7388290e+00   1.0000000e+00
   6.5000000e+01   0.0000000e+00   1.1845340e+00   8.2161200e-01   2.7388290e+00   1.0000000e+00
   6.6000000e+01   1.0000000e+00   1.4129280e+00   8.2161200e-01   2.7388290e+00   1.0000000e+00
   6.7000000e+01   0.0000000e+00   5.7737300e-01   8.2161200e-01   2.7388290e+00   0.0000000e+00
   6.8000000e+01   1.0000000e+00   7.5859300e-01   8.2161200e-01   2.7388290e+00   0.0000000e+00
   6.9000000e+01   0.0000000e+00   5.8849100e-01   8.2161200e-01   2.7388290e+00   1.0000000e+00
   7.0000000e+01   1.0000000e+00   4.7482900e-01   8.2161200e-01   2.7388290e+00   0.0000000e+00
   7.1000000e+01   0.0000000e+00   5.8036700e-01   8.2161200e-01   2.7388290e+00   0.0000000e+00
   7.2000000e+01   0.0000000e+00   4.7971700e-01   8.2161200e-01   2.7388290e+00   0.0000000e+00
   7.3000000e+01   1.0000000e+00   2.0259830e+00   8.2161200e-01   2.7388290e+00   1.0000000e+00
   7.4000000e+01   0.0000000e+00   8.6257400e-01   8.2161200e-01   2.7388290e+00   1.0000000e+00
   7.5000000e+01   0.0000000e+00   1.2145530e+00   8.2161200e-01   2.7388290e+00   1.0000000e+00
   7.6000000e+01   0.0000000e+00   7.5734400e-01   8.2161200e-01   2.7388290e+00   1.0000000e+00
   7.7000000e+01   0.0000000e+00   7.4060300e-01   8.2161200e-01   2.7388290e+00   1.0000000e+00
   7.8000000e+01   0.0000000e+00   7.3904700e-01   8.2161200e-01   2.7388290e+00   1.0000000e+00
   7.9000000e+01   0.0000000e+00   5.1034900e-01   8.2161200e-01   2.7388290e+00   0.0000000e+00
   8.0000000e+01   1.0000000e+00   4.7919700e-01   8.2161200e-01   2.7388290e+00   0.0000000e+00
   8.1000000e+01   0.0000000e+00   7.2218500e-01   8.2161200e-01   2.7388290e+00   0.0000000e+00
   8.2000000e+01   0.0000000e+00   4.8358200e-01   8.2161200e-01   2.7388290e+00   0.0000000e+00
   8.3000000e+01   0.0000000e+00   1.1618990e+00   8.2161200e-01   2.7388290e+00   1.0000000e+00
   8.4000000e+01   0.0000000e+00   1.1574440e+00   8.2161200e-01   2.7388290e+00   1.0000000e+00
   8.5000000e+01   1.0000000e+00   6.3862200e-01   8.2161200e-01   2.7388290e+00   1.0000000e+00
   8.6000000e+01   0.0000000e+00   7.5540600e-01   8.2161200e-01   2.7388290e+00   0.0000000e+00
   8.7000000e+01   1.0000000e+00   8.2816800e-01   8.2161200e-01   2.7388290e+00   1.0000000e+00
   8.8000000e+01   0.0000000e+00   1.8628460e+00   8.2161200e-01   2.7388290e+00   0.0000000e+00
   8.9000000e+01   1.0000000e+00   5.2471500e-01   8.2161200e-01   2.7388290e+00   0.0000000e+00
   9.0000000e+01   0.0000000e+00   4.9776100e-01   8.2161200e-01   2.7388290e+00   0.0000000e+00
   9.1000000e+01   0.0000000e+00   8.7075000e-01   8.2161200e-01   2.7388290e+00   0.0000000e+00
   9.2000000e+01   0.0000000e+00   1.0894580e+00   8.2161200e-01   2.7388290e+00   1.0000000e+00
   9.3000000e+01   0.0000000e+00   6.2280100e-01   8.2161200e-01   2.7388290e+00   0.0000000e+00
   9.4000000e+01   0.0000000e+00   7.8588600e-01   8.2161200e-01   2.7388290e+00   0.0000000e+00
   9.5000000e+01   0.0000000e+00   8.3135900e-01   8.2161200e-01   2.7388290e+00   0.0000000e+00
   9.6000000e+01   1.0000000e+00   1.0722130e+00   8.2161200e-01   2.7388290e+00   1.0000000e+00
   9.7000000e+01   0.0000000e+00   5.7390400e-01   8.2161200e-01   2.7388290e+00   1.0000000e+00
   9.8000000e+01   0.0000000e+00   9.2052200e-01   8.2161200e-01   2.7388290e+00   1.0000000e+00
   9.9000000e+01   1.0000000e+00   5.8746700e-01   8.2161200e-01   2.7388290e+00   0.0000000e+00
   1.0000000e+02   0.0000000e+00   1.0772920e+00   8.2161200e-01   2.7388290e+00   0.0000000e+00
   1.0100000e+02   0.0000000e+00   4.9160500e-01   8.2161200e-01   2.7388290e+00   1.0000000e+00
   1.0200000e+02   1.0000000e+00   6.8122900e-01   8.2161200e-01   2.7388290e+00   1.0000000e+00
   1.0300000e+02   1.0000000e+00   8.0122100e-01   8.2161200e-01   2.7388290e+00   0.0000000e+00
   1.0400000e+02   0.0000000e+00   5.1584300e-01   8.2161200e-01   2.7388290e+00   0.0000000e+00
   1.0500000e+02   1.0000000e+00   1.1549410e+00   8.2161200e-01   2.7388290e+00   0.0000000e+00
   1.0600000e+02   0.0000000e+00   1.2922630e+00   8.2161200e-01   2.7388290e+00   0.0000000e+00
   1.0700000e+02   0.0000000e+00   4.6748300e-01   8.2161200e-01   2.7388290e+00   1.0000000e+00
   1.0800000e+02   1.0000000e+00   5.5969300e-01   8.2161200e-01   2.7388290e+00   1.0000000e+00
   1.0900000e+02   0.0000000e+00   6.1537600e-01   8.2161200e-01   2.7388290e+00   1.0000000e+00
   1.1000000e+02   0.0000000e+00   5.0850600e-01   8.2161200e-01   2.7388290e+00   0.0000000e+00
   1.1100000e+02   0.0000000e+00   1.9075200e+00   8.2161200e-01   2.7388290e+00   0.0000000e+00
   1.1200000e+02   0.0000000e+00   2.8574800e+00   8.2161200e-01   2.7388290e+00   1.0000000e+00
   1.1300000e+02   1.0000000e+00   7.2654100e-01   8.2161200e-01   2.7388290e+00   0.0000000e+00
   1.1400000e+02   0.0000000e+00   5.4614900e-01   8.2161200e-01   2.7388290e+00   1.0000000e+00
   1.1500000e+02   0.0000000e+00   7.0012900e-01   8.2161200e-01   2.7388290e+00   0.0000000e+00
   1.1600000e+02   0.0000000e+00   9.4607900e-01   8.2161200e-01   2.7388290e+00   0.0000000e+00
   1.1700000e+02   0.0000000e+00   1.6118570e+00   8.2161200e-01   2.7388290e+00   0.0000000e+00
   1.1800000e+02   0.0000000e+00   1.2924530e+00   8.2161200e-01   2.7388290e+00   0.0000000e+00
   1.1900000e+02   1.0000000e+00   7.8395000e-01   8.2161200e-01   2.7388290e+00   1.0000000e+00
   1.2000000e+02   0.0000000e+00   1.5606510e+00   8.2161200e-01   2.7388290e+00   1.0000000e+00
   1.2100000e+02   0.0000000e+00   5.1486900e-01   8.2161200e-01   2.7388290e+00   0.0000000e+00
   1.2200000e+02   1.0000000e+00   1.0654010e+00   8.2161200e-01   2.7388290e+00   1.0000000e+00
   1.2300000e+02   0.0000000e+00   9.4753000e-01   8.2161200e-01   2.7388290e+00   0.0000000e+00
   1.2400000e+02   0.0000000e+00   6.5723500e-01   8.2161200e-01   2.7388290e+00   1.0000000e+00
   1.2500000e+02   0.0000000e+00   7.1867200e-01   8.2161200e-01   2.7388290e+00   1.0000000e+00
   1.2600000e+02   0.0000000e+00   1.8761110e+00   8.2161200e-01   2.7388290e+00   1.0000000e+00
   1.2700000e+02   1.0000000e+00   4.7107900e-01   8.2161200e-01   2.7388290e+00   0.0000000e+00
   1.2800000e+02   0.0000000e+00   6.5653000e-01   8.2161200e-01   2.7388290e+00   1.0000000e+00
   1.2900000e+02   1.0000000e+00   7.9443000e-01   8.2161200e-01   2.7388290e+00   1.0000000e+00
   1.3000000e+02   0.0000000e+00   4.8017500e-01   8.2161200e-01   2.7388290e+00   0.0000000e+00
   1.3100000e+02   0.0000000e+00   5.8358600e-01   8.2161200e-01   2.7388290e+00   1.0000000e+00
   1.3200000e+02   1.0000000e+00   1.3293610e+00   8.2161200e-01   2.7388290e+00   0.0000000e+00
   1.3300000e+02   0.0000000e+00   1.2706330e+00   8.2161200e-01   2.7388290e+00   1.0000000e+00
   1.3400000e+02   0.0000000e+00   2.0218960e+00   8.2161200e-01   2.7388290e+00   1.0000000e+00
   1.3500000e+02   1.0000000e+00   8.1531200e-01   8.2161200e-01   2.7388290e+00   0.0000000e+00
   1.3600000e+02   1.0000000e+00   5.4072500e-01   8.2161200e-01   2.7388290e+00   1.0000000e+00
