   1.0000000e+00   0.0000000e+00   8.7658900e-01   8.1916600e-01   3.1672992e+00   1.0000000e+00
   2.0000000e+00   0.0000000e+00   1.1864230e+00   8.1916600e-01   3.1672992e+00   0.0000000e+00
   3.0000000e+00   0.0000000e+00   1.7849990e+00   8.1916600e-01   3.1672992e+00   0.0000000e+00
   4.0000000e+00   1.0000000e+00   6.3342300e-01   8.1916600e-01   3.1672992e+00   1.0000000e+00
   5.0000000e+00   0.0000000e+00   5.5988300e-01   8.1916600e-01   3.1672992e+00   1.0000000e+00
   6.0000000e+00   1.0000000e+00   9.1009800e-01   8.1916600e-01   3.1672992e+00   0.0000000e+00
   7.0000000e+00   0.0000000e+00   2.0108040e+00   8.1916600e-01   3.1672992e+00   1.0000000e+00
   8.0000000e+00   1.0000000e+00   5.4720900e-01   8.1916600e-01   3.1672992e+00   1.0000000e+00
   9.0000000e+00   0.0000000e+00   7.1549000e-01   8.1916600e-01   3.1672992e+00   1.0000000e+00
   1.0000000e+01   0.0000000e+00   1.0946640e+00   8.1916600e-01   3.1672992e+00   0.0000000e+00
   1.1000000e+01   0.0000000e+00   6.5338900e-01   8.1916600e-01   3.1672992e+00   0.0000000e+00
   1.2000000e+01   1.0000000e+00   1.2105000e+00   8.1916600e-01   3.1672992e+00   0.0000000e+00
   1.3000000e+01   0.0000000e+00   4.6005200e-01   8.1916600e-01   3.1672992e+00   0.0000000e+00
   1.4000000e+01   0.0000000e+00   1.7826050e+00   8.1916600e-01   3.1672992e+00   1.0000000e+00
   1.5000000e+01   1.0000000e+00   5.8527000e-01   8.1916600e-01   3.1672992e+00   0.0000000e+00
   1.6000000e+01   0.0000000e+00   2.2386100e+00   8.1916600e-01   3.1672992e+00   0.0000000e+00
   1.7000000e+01   1.0000000e+00   4.5650100e-01   8.1916600e-01   3.1672992e+00   1.0000000e+00
   1.8000000e+01   0.0000000e+00   4.4167900e-01   8.1916600e-01   3.1672992e+00   0.0000000e+00
   1.9000000e+01   0.0000000e+00   5.2068900e-01   8.1916600e-01   3.1672992e+00   1.0000000e+00
   2.0000000e+01   0.0000000e+00   1.8192720e+00   8.1916600e-01   3.1672992e+00   1.0000000e+00
   2.1000000e+01   0.0000000e+00   6.3200000e-01   8.1916600e-01   3.1672992e+00   0.0000000e+00
   2.2000000e+01   1.0000000e+00   1.7909140e+00   8.1916600e-01   3.1672992e+00   0.0000000e+00
   2.3000000e+01   0.0000000e+00   5.5210800e-01   8.1916600e-01   3.1672992e+00   1.0000000e+00
   2.4000000e+01   1.0000000e+00   4.7423900e-01   8.1916600e-01   3.1672992e+00   1.0000000e+00
   2.5000000e+01   0.0000000e+00   8.2505400e-01   8.1916600e-01   3.1672992e+00   1.0000000e+00
   2.6000000e+01   1.0000000e+00   4.4252600e-01   8.1916600e-01   3.1672992e+00   0.0000000e+00
   2.7000000e+01   0.0000000e+00   1.5611020e+00   8.1916600e-01   3.1672992e+00   1.0000000e+00
   2.8000000e+01   0.0000000e+00   6.7108300e-01   8.1916600e-01   3.1672992e+00   1.0000000e+00
   2.9000000e+01   1.0000000e+00   1.0870560e+00   8.1916600e-01   3.1672992e+00   1.0000000e+00
   3.0000000e+01   0.0000000e+00   5.4905400e-01   8.1916600e-01   3.1672992e+00   0.0000000e+00
   3.1000000e+01   0.0000000e+00   5.2872500e-01   8.1916600e-01   3.1672992e+00   0.0000000e+00
   3.2000000e+01   0.0000000e+00   6.7516100e-01   8.1916600e-01   3.1672992e+00   0.0000000e+00
   3.3000000e+01   1.0000000e+00   5.4065900e-01   8.1916600e-01   3.1672992e+00   1.0000000e+00
   3.4000000e+01   0.0000000e+00   8.4836500e-01   8.1916600e-01   3.1672992e+00   0.0000000e+00
   3.5000000e+01   0.0000000e+00   1.8536160e+00   8.1916600e-01   3.1672992e+00   0.0000000e+00
   3.6000000e+01   1.0000000e+00   2.8574200e+00   8.1916600e-01   3.1672992e+00   0.0000000e+00
   3.7000000e+01   0.0000000e+00   6.8542900e-01   8.1916600e-01   3.1672992e+00   1.0000000e+00
   3.8000000e+01   1.0000000e+00   9.3574000e-01   8.1916600e-01   3.1672992e+00   1.0000000e+00
   3.9000000e+01   0.0000000e+00   7.6896400e-01   8.1916600e-01   3.1672992e+00   1.0000000e+00
   4.0000000e+01   1.0000000e+00   9.0159900e-01   8.1916600e-01   3.1672992e+00   0.0000000e+00
   4.1000000e+01   0.0000000e+00   2.1898890e+00   8.1916600e-01   3.1672992e+00   1.0000000e+00
   4.2000000e+01   0.0000000e+00   1.4117370e+00   8.1916600e-01   3.1672992e+00   1.0000000e+00
   4.3000000e+01   1.0000000e+00   2.6486650e+00   8.1916600e-01   3.1672992e+00   0.0000000e+00
   4.4000000e+01   0.0000000e+00   8.5580500e-01   8.1916600e-01   3.1672992e+00   0.0000000e+00
   4.5000000e+01   0.0000000e+00   6.7464200e-01   8.1916600e-01   3.1672992e+00   1.0000000e+00
   4.6000000e+01   1.0000000e+00   5.9379300e-01   8.1916600e-01   3.1672992e+00   1.0000000e+00
   4.7000000e+01   0.0000000e+00   5.2514900e-01   8.1916600e-01   3.1672992e+00   0.0000000e+00
   4.8000000e+01   0.0000000e+00   1.3606540e+00   8.1916600e-01   3.1672992e+00   1.0000000e+00
   4.9000000e+01   0.0000000e+00   6.8654400e-01   8.1916600e-01   3.1672992e+00   1.0000000e+00
   5.0000000e+01   1.0000000e+00   4.3676900e-01   8.1916600e-01   3.1672992e+00   0.0000000e+00
   5.1000000e+01   0.0000000e+00   6.5276200e-01   8.1916600e-01   3.1672992e+00   0.0000000e+00
   5.2000000e+01   1.0000000e+00   6.9000600e-01   8.1916600e-01   3.1672992e+00   1.0000000e+00
   5.3000000e+01   0.0000000e+00   4.3559700e-01   8.1916600e-01   3.1672992e+00   0.0000000e+00
   5.4000000e+01   0.0000000e+00   6.6287400e-01   8.1916600e-01   3.1672992e+00   0.0000000e+00
   5.5000000e+01   0.0000000e+00   5.6077700e-01   8.1916600e-01   3.1672992e+00   1.0000000e+00
   5.6000000e+01   0.0000000e+00   5.9647900e-01   8.1916600e-01   3.1672992e+00   1.0000000e+00
   5.7000000e+01   0.0000000e+00   5.1254600e-01   8.1916600e-01   3.1672992e+00   0.0000000e+00
   5.8000000e+01   1.0000000e+00   6.9724300e-01   8.1916600e-01   3.1672992e+00   1.0000000e+00
   5.9000000e+01   1.0000000e+00   4.3539100e-01   8.1916600e-01   3.1672992e+00   0.0000000e+00
   6.0000000e+01   0.0000000e+00   9.6875300e-01   8.1916600e-01   3.1672992e+00   0.0000000e+00
   6.1000000e+01   0.0000000e+00   6.4506300e-01   8.1916600e-01   3.1672992e+00   0.0000000e+00
   6.2000000e+01   1.0000000e+00   7.5420900e-01   8.1916600e-01   3.1672992e+00   0.0000000e+00
   6.3000000e+01   0.0000000e+00   5.3579100e-01   8.1916600e-01   3.1672992e+00   1.0000000e+00
   6.4000000e+01   0.0000000e+00   4.6032600e-01   8.1916600e-01   3.1672992e+00   0.0000000e+00
   6.5000000e+01   0.0000000e+00   5.5470100e-01   8.1916600e-01   3.1672992e+00   1.0000000e+00
   6.6000000e+01   0.0000000e+00   5.7789500e-01   8.1916600e-01   3.1672992e+00   0.0000000e+00
   6.7000000e+01   0.0000000e+00   1.0359040e+00   8.1916600e-01   3.1672992e+00   1.0000000e+00
   6.8000000e+01   1.0000000e+00   4.5202700e-01   8.1916600e-01   3.1672992e+00   1.0000000e+00
   6.9000000e+01   0.0000000e+00   6.9727200e-01   8.1916600e-01   3.1672992e+00   1.0000000e+00
   7.0000000e+01   0.0000000e+00   1.7178400e+00   8.1916600e-01   3.1672992e+00   1.0000000e+00
   7.1000000e+01   0.0000000e+00   4.6619200e-01   8.1916600e-01   3.1672992e+00   1.0000000e+00
   7.2000000e+01   0.0000000e+00   5.3633800e-01   8.1916600e-01   3.1672992e+00   0.0000000e+00
   7.3000000e+01   0.0000000e+00   9.4455300e-01   8.1916600e-01   3.1672992e+00   1.0000000e+00
   7.4000000e+01   1.0000000e+00   1.2746670e+00   8.1916600e-01   3.1672992e+00   0.0000000e+00
   7.5000000e+01   0.0000000e+00   1.3724720e+00   8.1916600e-01   3.1672992e+00   0.0000000e+00
   7.6000000e+01   0.0000000e+00   1.5853870e+00   8.1916600e-01   3.1672992e+00   0.0000000e+00
   7.7000000e+01   0.0000000e+00   1.1670280e+00   8.1916600e-01   3.1672992e+00   0.0000000e+00
   7.8000000e+01   1.0000000e+00   8.3792200e-01   8.1916600e-01   3.1672992e+00   1.0000000e+00
   7.9000000e+01   1.0000000e+00   7.8942700e-01   8.1916600e-01   3.1672992e+00   1.0000000e+00
   8.0000000e+01   0.0000000e+00   4.6135600e-01   8.1916600e-01   3.1672992e+00   1.0000000e+00
   8.1000000e+01   0.0000000e+00   1.0692260e+00   8.1916600e-01   3.1672992e+00   1.0000000e+00
   8.2000000e+01   0.0000000e+00   4.8816900e-01   8.1916600e-01   3.1672992e+00   1.0000000e+00
   8.3000000e+01   0.0000000e+00   1.4140860e+00   8.1916600e-01   3.1672992e+00   1.0000000e+00
   8.4000000e+01   1.0000000e+00   6.2976900e-01   8.1916600e-01   3.1672992e+00   0.0000000e+00
   8.5000000e+01   0.0000000e+00   5.3596600e-01   8.1916600e-01   3.1672992e+00   1.0000000e+00
   8.6000000e+01   0.0000000e+00   1.3516000e+00   8.1916600e-01   3.1672992e+00   1.0000000e+00
   8.7000000e+01   0.0000000e+00   6.3270400e-01   8.1916600e-01   3.1672992e+00   0.0000000e+00
   8.8000000e+01   0.0000000e+00   5.6252700e-01   8.1916600e-01   3.1672992e+00   0.0000000e+00
   8.9000000e+01   0.0000000e+00   4.4177400e-01   8.1916600e-01   3.1672992e+00   0.0000000e+00
   9.0000000e+01   0.0000000e+00   1.0381490e+00   8.1916600e-01   3.1672992e+00   0.0000000e+00
   9.1000000e+01   1.0000000e+00   1.4267880e+00   8.1916600e-01   3.1672992e+00   1.0000000e+00
   9.2000000e+01   0.0000000e+00   4.6979700e-01   8.1916600e-01   3.1672992e+00   0.0000000e+00
   9.3000000e+01   0.0000000e+00   5.6185400e-01   8.1916600e-01   3.1672992e+00   1.0000000e+00
   9.4000000e+01   1.0000000e+00   4.9666000e-01   8.1916600e-01   3.1672992e+00   0.0000000e+00
   9.5000000e+01   0.0000000e+00   6.7285500e-01   8.1916600e-01   3.1672992e+00   1.0000000e+00
   9.6000000e+01   0.0000000e+00   7.2833600e-01   8.1916600e-01   3.1672992e+00   0.0000000e+00
   9.7000000e+01   1.0000000e+00   6.5179300e-01   8.1916600e-01   3.1672992e+00   1.0000000e+00
   9.8000000e+01   0.0000000e+00   5.3831700e-01   8.1916600e-01   3.1672992e+00   0.0000000e+00
   9.9000000e+01   0.0000000e+00   2.1365050e+00   8.1916600e-01   3.1672992e+00   0.0000000e+00
   1.0000000e+02   1.0000000e+00   1.0282070e+00   8.1916600e-01   3.1672992e+00   0.0000000e+00
   1.0100000e+02   0.0000000e+00   6.2546500e-01   8.1916600e-01   3.1672992e+00   1.0000000e+00
   1.0200000e+02   1.0000000e+00   1.2037970e+00   8.1916600e-01   3.1672992e+00   0.0000000e+00
   1.0300000e+02   0.0000000e+00   8.2643300e-01   8.1916600e-01   3.1672992e+00   1.0000000e+00
   1.0400000e+02   0.0000000e+00   4.9513800e-01   8.1916600e-01   3.1672992e+00   1.0000000e+00
   1.0500000e+02   0.0000000e+00   4.7694200e-01   8.1916600e-01   3.1672992e+00   1.0000000e+00
   1.0600000e+02   0.0000000e+00   7.9132300e-01   8.1916600e-01   3.1672992e+00   0.0000000e+00
   1.0700000e+02   0.0000000e+00   5.2956400e-01   8.1916600e-01   3.1672992e+00   0.0000000e+00
   1.0800000e+02   0.0000000e+00   1.3338680e+00   8.1916600e-01   3.1672992e+00   0.0000000e+00
   1.0900000e+02   0.0000000e+00   6.8662200e-01   8.1916600e-01   3.1672992e+00   1.0000000e+00
   1.1000000e+02   1.0000000e+00   1.8867320e+00   8.1916600e-01   3.1672992e+00   1.0000000e+00
   1.1100000e+02   0.0000000e+00   5.0649200e-01   8.1916600e-01   3.1672992e+00   1.0000000e+00
   1.1200000e+02   0.0000000e+00   4.3849900e-01   8.1916600e-01   3.1672992e+00   1.0000000e+00
   1.1300000e+02   0.0000000e+00   4.5972300e-01   8.1916600e-01   3.1672992e+00   1.0000000e+00
   1.1400000e+02   1.0000000e+00   1.8908840e+00   8.1916600e-01   3.1672992e+00   0.0000000e+00
   1.1500000e+02   0.0000000e+00   1.2551920e+00   8.1916600e-01   3.1672992e+00   0.0000000e+00
   1.1600000e+02   0.0000000e+00   9.2020600e-01   8.1916600e-01   3.1672992e+00   0.0000000e+00
   1.1700000e+02   0.0000000e+00   9.2993700e-01   8.1916600e-01   3.1672992e+00   0.0000000e+00
   1.1800000e+02   0.0000000e+00   4.5982300e-01   8.1916600e-01   3.1672992e+00   0.0000000e+00
   1.1900000e+02   0.0000000e+00   1.0076380e+00   8.1916600e-01   3.1672992e+00   1.0000000e+00
   1.2000000e+02   1.0000000e+00   7.1208400e-01   8.1916600e-01   3.1672992e+00   1.0000000e+00
   1.2100000e+02   0.0000000e+00   6.6626200e-01   8.1916600e-01   3.1672992e+00   1.0000000e+00
   1.2200000e+02   1.0000000e+00   7.0731100e-01   8.1916600e-01   3.1672992e+00   1.0000000e+00
   1.2300000e+02   0.0000000e+00   1.1668710e+00   8.1916600e-01   3.1672992e+00   1.0000000e+00
   1.2400000e+02   0.0000000e+00   1.7102090e+00   8.1916600e-01   3.1672992e+00   1.0000000e+00
   1.2500000e+02   1.0000000e+00   8.9010600e-01   8.1916600e-01   3.1672992e+00   0.0000000e+00
   1.2600000e+02   0.0000000e+00   4.7979300e-01   8.1916600e-01   3.1672992e+00   0.0000000e+00
   1.2700000e+02   0.0000000e+00   1.2942320e+00   8.1916600e-01   3.1672992e+00   0.0000000e+00
   1.2800000e+02   1.0000000e+00   1.0311120e+00   8.1916600e-01   3.1672992e+00   1.0000000e+00
   1.2900000e+02   1.0000000e+00   8.0283300e-01   8.1916600e-01   3.1672992e+00   0.0000000e+00
   1.3000000e+02   0.0000000e+00   1.7406650e+00   8.1916600e-01   3.1672992e+00   0.0000000e+00
   1.3100000e+02   0.0000000e+00   1.1477010e+00   8.1916600e-01   3.1672992e+00   0.0000000e+00
   1.3200000e+02   0.0000000e+00   3.0607670e+00   8.1916600e-01   3.1672992e+00   0.0000000e+00
   1.3300000e+02   0.0000000e+00   1.3304270e+00   8.1916600e-01   3.1672992e+00   0.0000000e+00
   1.3400000e+02   0.0000000e+00   5.3311800e-01   8.1916600e-01   3.1672992e+00   1.0000000e+00
   1.3500000e+02   1.0000000e+00   5.0134200e-01   8.1916600e-01   3.1672992e+00   0.0000000e+00
   1.3600000e+02   1.0000000e+00   1.6544010e+00   8.1916600e-01   3.1672992e+00   1.0000000e+00
