   1.0000000e+00   0.0000000e+00   8.9551400e-01   8.2336800e-01   3.1721789e+00   0.0000000e+00
   2.0000000e+00   0.0000000e+00   8.4638100e-01   8.2336800e-01   3.1721789e+00   1.0000000e+00
   3.0000000e+00   1.0000000e+00   4.3778900e-01   8.2336800e-01   3.1721789e+00   0.0000000e+00
   4.0000000e+00   0.0000000e+00   7.2238800e-01   8.2336800e-01   3.1721789e+00   0.0000000e+00
   5.0000000e+00   1.0000000e+00   4.9576600e-01   8.2336800e-01   3.1721789e+00   1.0000000e+00
   6.0000000e+00   1.0000000e+00   6.9120700e-01   8.2336800e-01   3.1721789e+00   0.0000000e+00
   7.0000000e+00   0.0000000e+00   2.5092360e+00   8.2336800e-01   3.1721789e+00   1.0000000e+00
   8.0000000e+00   0.0000000e+00   7.5821000e-01   8.2336800e-01   3.1721789e+00   1.0000000e+00
   9.0000000e+00   0.0000000e+00   5.0221200e-01   8.2336800e-01   3.1721789e+00   0.0000000e+00
   1.0000000e+01   0.0000000e+00   5.6232600e-01   8.2336800e-01   3.1721789e+00   0.0000000e+00
   1.1000000e+01   1.0000000e+00   4.5827200e-01   8.2336800e-01   3.1721789e+00   1.0000000e+00
   1.2000000e+01   0.0000000e+00   6.7879400e-01   8.2336800e-01   3.1721789e+00   0.0000000e+00
   1.3000000e+01   0.0000000e+00   1.4024650e+00   8.2336800e-01   3.1721789e+00   0.0000000e+00
   1.4000000e+01   0.0000000e+00   1.3061830e+00   8.2336800e-01   3.1721789e+00   1.0000000e+00
   1.5000000e+01   1.0000000e+00   1.0614000e+00   8.2336800e-01   3.1721789e+00   1.0000000e+00
   1.6000000e+01   0.0000000e+00   5.7182400e-01   8.2336800e-01   3.1721789e+00   1.0000000e+00
   1.7000000e+01   0.0000000e+00   5.1830100e-01   8.2336800e-01   3.1721789e+00   1.0000000e+00
   1.8000000e+01   1.0000000e+00   2.0422630e+00   8.2336800e-01   3.1721789e+00   0.0000000e+00
   1.9000000e+01   0.0000000e+00   6.2903900e-01   8.2336800e-01   3.1721789e+00   0.0000000e+00
   2.0000000e+01   0.0000000e+00   2.0037670e+00   8.2336800e-01   3.1721789e+00   1.0000000e+00
   2.1000000e+01   0.0000000e+00   1.5984870e+00   8.2336800e-01   3.1721789e+00   1.0000000e+00
   2.2000000e+01   1.0000000e+00   2.7034290e+00   8.2336800e-01   3.1721789e+00   1.0000000e+00
   2.3000000e+01   0.0000000e+00   6.6420700e-01   8.2336800e-01   3.1721789e+00   1.0000000e+00
   2.4000000e+01   1.0000000e+00   7.1453900e-01   8.2336800e-01   3.1721789e+00   0.0000000e+00
   2.5000000e+01   0.0000000e+00   5.2150300e-01   8.2336800e-01   3.1721789e+00   1.0000000e+00
   2.6000000e+01   0.0000000e+00   7.0826900e-01   8.2336800e-01   3.1721789e+00   0.0000000e+00
   2.7000000e+01   0.0000000e+00   1.5569810e+00   8.2336800e-01   3.1721789e+00   0.0000000e+00
   2.8000000e+01   1.0000000e+00   1.2467220e+00   8.2336800e-01   3.1721789e+00   1.0000000e+00
   2.9000000e+01   0.0000000e+00   5.4689800e-01   8.2336800e-01   3.1721789e+00   0.0000000e+00
   3.0000000e+01   1.0000000e+00   6.7332500e-01   8.2336800e-01   3.1721789e+00   0.0000000e+00
   3.1000000e+01   0.0000000e+00   7.4236900e-01   8.2336800e-01   3.1721789e+00   0.0000000e+00
   3.2000000e+01   0.0000000e+00   9.5742300e-01   8.2336800e-01   3.1721789e+00   1.0000000e+00
   3.3000000e+01   0.0000000e+00   7.8484300e-01   8.2336800e-01   3.1721789e+00   1.0000000e+00
   3.4000000e+01   0.0000000e+00   7.0852300e-01   8.2336800e-01   3.1721789e+00   0.0000000e+00
   3.5000000e+01   1.0000000e+00   5.5123500e-01   8.2336800e-01   3.1721789e+00   0.0000000e+00
   3.6000000e+01   0.0000000e+00   5.4120000e-01   8.2336800e-01   3.1721789e+00   1.0000000e+00
   3.7000000e+01   0.0000000e+00   1.1643210e+00   8.2336800e-01   3.1721789e+00   0.0000000e+00
   3.8000000e+01   0.0000000e+00   6.9960800e-01   8.2336800e-01   3.1721789e+00   1.0000000e+00
   3.9000000e+01   1.0000000e+00   6.3741800e-01   8.2336800e-01   3.1721789e+00   1.0000000e+00
   4.0000000e+01   0.0000000e+00   1.0252370e+00   8.2336800e-01   3.1721789e+00   0.0000000e+00
   4.1000000e+01   1.0000000e+00   6.0278600e-01   8.2336800e-01   3.1721789e+00   0.0000000e+00
   4.2000000e+01   1.0000000e+00   4.7615900e-01   8.2336800e-01   3.1721789e+00   1.0000000e+00
   4.3000000e+01   0.0000000e+00   5.7203100e-01   8.2336800e-01   3.1721789e+00   1.0000000e+00
   4.4000000e+01   1.0000000e+00   9.6903800e-01   8.2336800e-01   3.1721789e+00   1.0000000e+00
   4.5000000e+01   0.0000000e+00   5.7025800e-01   8.2336800e-01   3.1721789e+00   0.0000000e+00
   4.6000000e+01   0.0000000e+00   6.0284200e-01   8.2336800e-01   3.1721789e+00   0.0000000e+00
   4.7000000e+01   1.0000000e+00   1.2003890e+00   8.2336800e-01   3.1721789e+00   0.0000000e+00
   4.8000000e+01   0.0000000e+00   8.3452500e-01   8.2336800e-01   3.1721789e+00   1.0000000e+00
   4.9000000e+01   0.0000000e+00   7.6616900e-01   8.2336800e-01   3.1721789e+00   0.0000000e+00
   5.0000000e+01   1.0000000e+00   9.6716200e-01   8.2336800e-01   3.1721789e+00   1.0000000e+00
   5.1000000e+01   0.0000000e+00   1.5103670e+00   8.2336800e-01   3.1721789e+00   1.0000000e+00
   5.2000000e+01   0.0000000e+00   6.5672100e-01   8.2336800e-01   3.1721789e+00   1.0000000e+00
   5.3000000e+01   0.0000000e+00   4.5056900e-01   8.2336800e-01   3.1721789e+00   0.0000000e+00
   5.4000000e+01   0.0000000e+00   4.5739800e-01   8.2336800e-01   3.1721789e+00   1.0000000e+00
   5.5000000e+01   0.0000000e+00   6.2605800e-01   8.2336800e-01   3.1721789e+00   1.0000000e+00
   5.6000000e+01   0.0000000e+00   8.4349000e-01   8.2336800e-01   3.1721789e+00   1.0000000e+00
   5.7000000e+01   1.0000000e+00   9.8039100e-01   8.2336800e-01   3.1721789e+00   0.0000000e+00
   5.8000000e+01   0.0000000e+00   1.0907240e+00   8.2336800e-01   3.1721789e+00   0.0000000e+00
   5.9000000e+01   0.0000000e+00   4.7477500e-01   8.2336800e-01   3.1721789e+00   0.0000000e+00
   6.0000000e+01   0.0000000e+00   1.4064350e+00   8.2336800e-01   3.1721789e+00   1.0000000e+00
   6.1000000e+01   1.0000000e+00   1.3311930e+00   8.2336800e-01   3.1721789e+00   0.0000000e+00
   6.2000000e+01   0.0000000e+00   5.9108200e-01   8.2336800e-01   3.1721789e+00   0.0000000e+00
   6.3000000e+01   0.0000000e+00   1.0745650e+00   8.2336800e-01   3.1721789e+00   0.0000000e+00
   6.4000000e+01   0.0000000e+00   3.3494640e+00   8.2336800e-01   3.1721789e+00   0.0000000e+00
   6.5000000e+01   0.0000000e+00   1.2547980e+00   8.2336800e-01   3.1721789e+00   1.0000000e+00
   6.6000000e+01   1.0000000e+00   1.8637680e+00   8.2336800e-01   3.1721789e+00   1.0000000e+00
   6.7000000e+01   0.0000000e+00   4.9353100e-01   8.2336800e-01   3.1721789e+00   0.0000000e+00
   6.8000000e+01   1.0000000e+00   2.4108140e+00   8.2336800e-01   3.1721789e+00   1.0000000e+00
   6.9000000e+01   0.0000000e+00   5.4971800e-01   8.2336800e-01   3.1721789e+00   1.0000000e+00
   7.0000000e+01   0.0000000e+00   6.9315100e-01   8.2336800e-01   3.1721789e+00   1.0000000e+00
   7.1000000e+01   0.0000000e+00   5.4915900e-01   8.2336800e-01   3.1721789e+00   1.0000000e+00
   7.2000000e+01   0.0000000e+00   1.6928120e+00   8.2336800e-01   3.1721789e+00   0.0000000e+00
   7.3000000e+01   0.0000000e+00   1.4714550e+00   8.2336800e-01   3.1721789e+00   1.0000000e+00
   7.4000000e+01   0.0000000e+00   4.3537300e-01   8.2336800e-01   3.1721789e+00   1.0000000e+00
   7.5000000e+01   0.0000000e+00   6.3285900e-01   8.2336800e-01   3.1721789e+00   0.0000000e+00
   7.6000000e+01   0.0000000e+00   1.0780920e+00   8.2336800e-01   3.1721789e+00   1.0000000e+00
   7.7000000e+01   1.0000000e+00   1.4565310e+00   8.2336800e-01   3.1721789e+00   0.0000000e+00
   7.8000000e+01   0.0000000e+00   1.5354080e+00   8.2336800e-01   3.1721789e+00   0.0000000e+00
   7.9000000e+01   0.0000000e+00   1.2883540e+00   8.2336800e-01   3.1721789e+00   0.0000000e+00
   8.0000000e+01   0.0000000e+00   6.4788000e-01   8.2336800e-01   3.1721789e+00   1.0000000e+00
   8.1000000e+01   1.0000000e+00   6.1203200e-01   8.2336800e-01   3.1721789e+00   1.0000000e+00
   8.2000000e+01   0.0000000e+00   4.7078700e-01   8.2336800e-01   3.1721789e+00   1.0000000e+00
   8.3000000e+01   1.0000000e+00   1.2466570e+00   8.2336800e-01   3.1721789e+00   0.0000000e+00
   8.4000000e+01   0.0000000e+00   5.0419600e-01   8.2336800e-01   3.1721789e+00   0.0000000e+00
   8.5000000e+01   1.0000000e+00   8.2545200e-01   8.2336800e-01   3.1721789e+00   0.0000000e+00
   8.6000000e+01   0.0000000e+00   1.7173030e+00   8.2336800e-01   3.1721789e+00   0.0000000e+00
   8.7000000e+01   0.0000000e+00   5.1176100e-01   8.2336800e-01   3.1721789e+00   0.0000000e+00
   8.8000000e+01   0.0000000e+00   7.1940400e-01   8.2336800e-01   3.1721789e+00   1.0000000e+00
   8.9000000e+01   1.0000000e+00   4.3846700e-01   8.2336800e-01   3.1721789e+00   1.0000000e+00
   9.0000000e+01   0.0000000e+00   5.7081800e-01   8.2336800e-01   3.1721789e+00   0.0000000e+00
   9.1000000e+01   1.0000000e+00   8.4588200e-01   8.2336800e-01   3.1721789e+00   0.0000000e+00
   9.2000000e+01   0.0000000e+00   1.3646990e+00   8.2336800e-01   3.1721789e+00   1.0000000e+00
   9.3000000e+01   0.0000000e+00   8.5983800e-01   8.2336800e-01   3.1721789e+00   1.0000000e+00
   9.4000000e+01   0.0000000e+00   7.7519000e-01   8.2336800e-01   3.1721789e+00   0.0000000e+00
   9.5000000e+01   1.0000000e+00   4.6693700e-01   8.2336800e-01   3.1721789e+00   1.0000000e+00
   9.6000000e+01   0.0000000e+00   7.0087200e-01   8.2336800e-01   3.1721789e+00   0.0000000e+00
   9.7000000e+01   1.0000000e+00   2.3066010e+00   8.2336800e-01   3.1721789e+00   0.0000000e+00
   9.8000000e+01   0.0000000e+00   1.2188230e+00   8.2336800e-01   3.1721789e+00   1.0000000e+00
   9.9000000e+01   1.0000000e+00   6.1523900e-01   8.2336800e-01   3.1721789e+00   1.0000000e+00
   1.0000000e+02   0.0000000e+00   5.7304800e-01   8.2336800e-01   3.1721789e+00   1.0000000e+00
   1.0100000e+02   0.0000000e+00   1.5721460e+00   8.2336800e-01   3.1721789e+00   0.0000000e+00
   1.0200000e+02   0.0000000e+00   1.0817140e+00   8.2336800e-01   3.1721789e+00   0.0000000e+00
   1.0300000e+02   0.0000000e+00   8.3310400e-01   8.2336800e-01   3.1721789e+00   1.0000000e+00
   1.0400000e+02   1.0000000e+00   5.0356900e-01   8.2336800e-01   3.1721789e+00   1.0000000e+00
   1.0500000e+02   0.0000000e+00   6.2470200e-01   8.2336800e-01   3.1721789e+00   0.0000000e+00
   1.0600000e+02   1.0000000e+00   1.2710780e+00   8.2336800e-01   3.1721789e+00   0.0000000e+00
   1.0700000e+02   0.0000000e+00   5.0442700e-01   8.2336800e-01   3.1721789e+00   1.0000000e+00
   1.0800000e+02   1.0000000e+00   9.0458200e-01   8.2336800e-01   3.1721789e+00   1.0000000e+00
   1.0900000e+02   0.0000000e+00   4.8032500e-01   8.2336800e-01   3.1721789e+00   1.0000000e+00
   1.1000000e+02   0.0000000e+00   8.2688600e-01   8.2336800e-01   3.1721789e+00   0.0000000e+00
   1.1100000e+02   0.0000000e+00   1.8990020e+00   8.2336800e-01   3.1721789e+00   1.0000000e+00
   1.1200000e+02   0.0000000e+00   9.7035700e-01   8.2336800e-01   3.1721789e+00   0.0000000e+00
   1.1300000e+02   1.0000000e+00   9.2665900e-01   8.2336800e-01   3.1721789e+00   0.0000000e+00
   1.1400000e+02   0.0000000e+00   5.1651700e-01   8.2336800e-01   3.1721789e+00   0.0000000e+00
   1.1500000e+02   0.0000000e+00   8.0359100e-01   8.2336800e-01   3.1721789e+00   1.0000000e+00
   1.1600000e+02   0.0000000e+00   4.3743100e-01   8.2336800e-01   3.1721789e+00   1.0000000e+00
   1.1700000e+02   0.0000000e+00   6.4843500e-01   8.2336800e-01   3.1721789e+00   0.0000000e+00
   1.1800000e+02   0.0000000e+00   9.7698800e-01   8.2336800e-01   3.1721789e+00   0.0000000e+00
   1.1900000e+02   0.0000000e+00   7.3617700e-01   8.2336800e-01   3.1721789e+00   1.0000000e+00
   1.2000000e+02   0.0000000e+00   5.5975400e-01   8.2336800e-01   3.1721789e+00   0.0000000e+00
   1.2100000e+02   1.0000000e+00   5.0848100e-01   8.2336800e-01   3.1721789e+00   0.0000000e+00
   1.2200000e+02   0.0000000e+00   4.6577300e-01   8.2336800e-01   3.1721789e+00   1.0000000e+00
   1.2300000e+02   1.0000000e+00   1.7475720e+00   8.2336800e-01   3.1721789e+00   1.0000000e+00
   1.2400000e+02   0.0000000e+00   1.2347890e+00   8.2336800e-01   3.1721789e+00   1.0000000e+00
   1.2500000e+02   0.0000000e+00   4.9144500e-01   8.2336800e-01   3.1721789e+00   0.0000000e+00
   1.2600000e+02   1.0000000e+00   1.5737580e+00   8.2336800e-01   3.1721789e+00   0.0000000e+00
   1.2700000e+02   0.0000000e+00   1.2797680e+00   8.2336800e-01   3.1721789e+00   1.0000000e+00
   1.2800000e+02   0.0000000e+00   8.8844600e-01   8.2336800e-01   3.1721789e+00   0.0000000e+00
   1.2900000e+02   0.0000000e+00   9.3271900e-01   8.2336800e-01   3.1721789e+00   1.0000000e+00
   1.3000000e+02   0.0000000e+00   5.2473800e-01   8.2336800e-01   3.1721789e+00   0.0000000e+00
   1.3100000e+02   1.0000000e+00   1.1773800e+00   8.2336800e-01   3.1721789e+00   1.0000000e+00
   1.3200000e+02   0.0000000e+00   8.1500500e-01   8.2336800e-01   3.1721789e+00   1.0000000e+00
   1.3300000e+02   0.0000000e+00   4.6231300e-01   8.2336800e-01   3.1721789e+00   0.0000000e+00
   1.3400000e+02   1.0000000e+00   4.5580400e-01   8.2336800e-01   3.1721789e+00   1.0000000e+00
   1.3500000e+02   1.0000000e+00   9.1681300e-01   8.2336800e-01   3.1721789e+00   0.0000000e+00
   1.3600000e+02   0.0000000e+00   9.6557600e-01   8.2336800e-01   3.1721789e+00   0.0000000e+00
