   1.0000000e+00   0.0000000e+00   1.6137020e+00   8.1911000e-01   3.0899811e+00   0.0000000e+00
   2.0000000e+00   0.0000000e+00   6.0763600e-01   8.1911000e-01   3.0899811e+00   0.0000000e+00
   3.0000000e+00   1.0000000e+00   4.7568400e-01   8.1911000e-01   3.0899811e+00   1.0000000e+00
   4.0000000e+00   1.0000000e+00   5.4108600e-01   8.1911000e-01   3.0899811e+00   0.0000000e+00
   5.0000000e+00   0.0000000e+00   1.0730570e+00   8.1911000e-01   3.0899811e+00   0.0000000e+00
   6.0000000e+00   0.0000000e+00   5.0158900e-01   8.1911000e-01   3.0899811e+00   1.0000000e+00
   7.0000000e+00   0.0000000e+00   6.7999600e-01   8.1911000e-01   3.0899811e+00   0.0000000e+00
   8.0000000e+00   0.0000000e+00   7.5873300e-01   8.1911000e-01   3.0899811e+00   1.0000000e+00
   9.0000000e+00   0.0000000e+00   6.3501300e-01   8.1911000e-01   3.0899811e+00   1.0000000e+00
   1.0000000e+01   0.0000000e+00   6.7447400e-01   8.1911000e-01   3.0899811e+00   0.0000000e+00
   1.1000000e+01   0.0000000e+00   2.1860730e+00   8.1911000e-01   3.0899811e+00   1.0000000e+00
   1.2000000e+01   1.0000000e+00   5.1741200e-01   8.1911000e-01   3.0899811e+00   1.0000000e+00
   1.3000000e+01   0.0000000e+00   7.8197600e-01   8.1911000e-01   3.0899811e+00   0.0000000e+00
   1.4000000e+01   0.0000000e+00   7.3339000e-01   8.1911000e-01   3.0899811e+00   0.0000000e+00
   1.5000000e+01   1.0000000e+00   4.5151300e-01   8.1911000e-01   3.0899811e+00   0.0000000e+00
   1.6000000e+01   0.0000000e+00   5.3110000e-01   8.1911000e-01   3.0899811e+00   1.0000000e+00
   1.7000000e+01   0.0000000e+00   5.8266300e-01   8.1911000e-01   3.0899811e+00   1.0000000e+00
   1.8000000e+01   0.0000000e+00   2.7137960e+00   8.1911000e-01   3.0899811e+00   0.0000000e+00
   1.9000000e+01   1.0000000e+00   8.7508500e-01   8.1911000e-01   3.0899811e+00   0.0000000e+00
   2.0000000e+01   0.0000000e+00   2.0558860e+00   8.1911000e-01   3.0899811e+00   0.0000000e+00
   2.1000000e+01   1.0000000e+00   4.3827200e-01   8.1911000e-01   3.0899811e+00   1.0000000e+00
   2.2000000e+01   0.0000000e+00   5.0852100e-01   8.1911000e-01   3.0899811e+00   0.0000000e+00
   2.3000000e+01   0.0000000e+00   2.6852190e+00   8.1911000e-01   3.0899811e+00   1.0000000e+00
   2.4000000e+01   0.0000000e+00   6.1265900e-01   8.1911000e-01   3.0899811e+00   1.0000000e+00
   2.5000000e+01   1.0000000e+00   1.9354070e+00   8.1911000e-01   3.0899811e+00   0.0000000e+00
   2.6000000e+01   0.0000000e+00   7.1428600e-01   8.1911000e-01   3.0899811e+00   0.0000000e+00
   2.7000000e+01   0.0000000e+00   5.4105800e-01   8.1911000e-01   3.0899811e+00   0.0000000e+00
   2.8000000e+01   0.0000000e+00   6.1005400e-01   8.1911000e-01   3.0899811e+00   1.0000000e+00
   2.9000000e+01   0.0000000e+00   1.4824160e+00   8.1911000e-01   3.0899811e+00   1.0000000e+00
   3.0000000e+01   0.0000000e+00   4.6572100e-01   8.1911000e-01   3.0899811e+00   1.0000000e+00
   3.1000000e+01   1.0000000e+00   9.0107400e-01   8.1911000e-01   3.0899811e+00   1.0000000e+00
   3.2000000e+01   0.0000000e+00   4.5487800e-01   8.1911000e-01   3.0899811e+00   1.0000000e+00
   3.3000000e+01   1.0000000e+00   6.6552500e-01   8.1911000e-01   3.0899811e+00   0.0000000e+00
   3.4000000e+01   0.0000000e+00   6.4606800e-01   8.1911000e-01   3.0899811e+00   1.0000000e+00
   3.5000000e+01   0.0000000e+00   6.0764900e-01   8.1911000e-01   3.0899811e+00   1.0000000e+00
   3.6000000e+01   0.0000000e+00   2.1474000e+00   8.1911000e-01   3.0899811e+00   1.0000000e+00
   3.7000000e+01   0.0000000e+00   4.6391300e-01   8.1911000e-01   3.0899811e+00   0.0000000e+00
   3.8000000e+01   0.0000000e+00   1.0322060e+00   8.1911000e-01   3.0899811e+00   0.0000000e+00
   3.9000000e+01   1.0000000e+00   1.5736900e+00   8.1911000e-01   3.0899811e+00   1.0000000e+00
   4.0000000e+01   0.0000000e+00   4.5627200e-01   8.1911000e-01   3.0899811e+00   1.0000000e+00
   4.1000000e+01   0.0000000e+00   8.3923900e-01   8.1911000e-01   3.0899811e+00   1.0000000e+00
   4.2000000e+01   0.0000000e+00   4.6865600e-01   8.1911000e-01   3.0899811e+00   1.0000000e+00
   4.3000000e+01   1.0000000e+00   8.1087500e-01   8.1911000e-01   3.0899811e+00   1.0000000e+00
   4.4000000e+01   0.0000000e+00   1.0154380e+00   8.1911000e-01   3.0899811e+00   0.0000000e+00
   4.5000000e+01   0.0000000e+00   2.9463330e+00   8.1911000e-01   3.0899811e+00   0.0000000e+00
   4.6000000e+01   0.0000000e+00   6.5884100e-01   8.1911000e-01   3.0899811e+00   1.0000000e+00
   4.7000000e+01   0.0000000e+00   2.2175490e+00   8.1911000e-01   3.0899811e+00   1.0000000e+00
   4.8000000e+01   1.0000000e+00   1.5232050e+00   8.1911000e-01   3.0899811e+00   0.0000000e+00
   4.9000000e+01   0.0000000e+00   4.4940600e-01   8.1911000e-01   3.0899811e+00   0.0000000e+00
   5.0000000e+01   1.0000000e+00   1.9452890e+00   8.1911000e-01   3.0899811e+00   1.0000000e+00
   5.1000000e+01   0.0000000e+00   4.6753900e-01   8.1911000e-01   3.0899811e+00   0.0000000e+00
   5.2000000e+01   0.0000000e+00   5.3054400e-01   8.1911000e-01   3.0899811e+00   0.0000000e+00
   5.3000000e+01   0.0000000e+00   1.1919350e+00   8.1911000e-01   3.0899811e+00   1.0000000e+00
   5.4000000e+01   0.0000000e+00   4.4799100e-01   8.1911000e-01   3.0899811e+00   1.0000000e+00
   5.5000000e+01   1.0000000e+00   9.5018400e-01   8.1911000e-01   3.0899811e+00   0.0000000e+00
   5.6000000e+01   0.0000000e+00   8.2271600e-01   8.1911000e-01   3.0899811e+00   0.0000000e+00
   5.7000000e+01   1.0000000e+00   2.0916940e+00   8.1911000e-01   3.0899811e+00   0.0000000e+00
   5.8000000e+01   1.0000000e+00   5.8423100e-01   8.1911000e-01   3.0899811e+00   1.0000000e+00
   5.9000000e+01   0.0000000e+00   6.9735800e-01   8.1911000e-01   3.0899811e+00   0.0000000e+00
   6.0000000e+01   0.0000000e+00   5.5451700e-01   8.1911000e-01   3.0899811e+00   0.0000000e+00
   6.1000000e+01   0.0000000e+00   6.5768900e-01   8.1911000e-01   3.0899811e+00   0.0000000e+00
   6.2000000e+01   0.0000000e+00   8.2964300e-01   8.1911000e-01   3.0899811e+00   1.0000000e+00
   6.3000000e+01   0.0000000e+00   7.5442200e-01   8.1911000e-01   3.0899811e+00   0.0000000e+00
   6.4000000e+01   0.0000000e+00   3.2775990e+00   8.1911000e-01   3.0899811e+00   1.0000000e+00
   6.5000000e+01   1.0000000e+00   7.5071300e-01   8.1911000e-01   3.0899811e+00   0.0000000e+00
   6.6000000e+01   1.0000000e+00   1.6975670e+00   8.1911000e-01   3.0899811e+00   1.0000000e+00
   6.7000000e+01   0.0000000e+00   5.4564300e-01   8.1911000e-01   3.0899811e+00   0.0000000e+00
   6.8000000e+01   0.0000000e+00   1.0164200e+00   8.1911000e-01   3.0899811e+00   1.0000000e+00
   6.9000000e+01   0.0000000e+00   1.6790680e+00   8.1911000e-01   3.0899811e+00   0.0000000e+00
   7.0000000e+01   1.0000000e+00   9.1524200e-01   8.1911000e-01   3.0899811e+00   1.0000000e+00
   7.1000000e+01   0.0000000e+00   8.2034900e-01   8.1911000e-01   3.0899811e+00   1.0000000e+00
   7.2000000e+01   1.0000000e+00   4.6485400e-01   8.1911000e-01   3.0899811e+00   0.0000000e+00
   7.3000000e+01   0.0000000e+00   5.7695600e-01   8.1911000e-01   3.0899811e+00   1.0000000e+00
   7.4000000e+01   0.0000000e+00   6.8460500e-01   8.1911000e-01   3.0899811e+00   0.0000000e+00
   7.5000000e+01   0.0000000e+00   8.7640800e-01   8.1911000e-01   3.0899811e+00   0.0000000e+00
   7.6000000e+01   0.0000000e+00   6.9113800e-01   8.1911000e-01   3.0899811e+00   1.0000000e+00
   7.7000000e+01   0.0000000e+00   1.1874010e+00   8.1911000e-01   3.0899811e+00   1.0000000e+00
   7.8000000e+01   0.0000000e+00   4.6357400e-01   8.1911000e-01   3.0899811e+00   0.0000000e+00
   7.9000000e+01   1.0000000e+00   9.1588600e-01   8.1911000e-01   3.0899811e+00   0.0000000e+00
   8.0000000e+01   0.0000000e+00   6.8822400e-01   8.1911000e-01   3.0899811e+00   0.0000000e+00
   8.1000000e+01   1.0000000e+00   7.3334600e-01   8.1911000e-01   3.0899811e+00   1.0000000e+00
   8.2000000e+01   0.0000000e+00   6.3878300e-01   8.1911000e-01   3.0899811e+00   0.0000000e+00
   8.3000000e+01   1.0000000e+00   5.0495000e-01   8.1911000e-01   3.0899811e+00   0.0000000e+00
   8.4000000e+01   0.0000000e+00   1.8830110e+00   8.1911000e-01   3.0899811e+00   0.0000000e+00
   8.5000000e+01   0.0000000e+00   6.4827800e-01   8.1911000e-01   3.0899811e+00   1.0000000e+00
   8.6000000e+01   0.0000000e+00   6.1358000e-01   8.1911000e-01   3.0899811e+00   0.0000000e+00
   8.7000000e+01   0.0000000e+00   1.3837620e+00   8.1911000e-01   3.0899811e+00   0.0000000e+00
   8.8000000e+01   1.0000000e+00   4.6032400e-01   8.1911000e-01   3.0899811e+00   1.0000000e+00
   8.9000000e+01   0.0000000e+00   4.5165000e-01   8.1911000e-01   3.0899811e+00   1.0000000e+00
   9.0000000e+01   0.0000000e+00   4.4510400e-01   8.1911000e-01   3.0899811e+00   1.0000000e+00
   9.1000000e+01   0.0000000e+00   6.8659200e-01   8.1911000e-01   3.0899811e+00   1.0000000e+00
   9.2000000e+01   0.0000000e+00   1.0981800e+00   8.1911000e-01   3.0899811e+00   1.0000000e+00
   9.3000000e+01   1.0000000e+00   1.6931070e+00   8.1911000e-01   3.0899811e+00   1.0000000e+00
   9.4000000e+01   0.0000000e+00   1.5039550e+00   8.1911000e-01   3.0899811e+00   0.0000000e+00
   9.5000000e+01   1.0000000e+00   4.8207200e-01   8.1911000e-01   3.0899811e+00   0.0000000e+00
   9.6000000e+01   0.0000000e+00   1.1745650e+00   8.1911000e-01   3.0899811e+00   0.0000000e+00
   9.7000000e+01   1.0000000e+00   1.1815210e+00   8.1911000e-01   3.0899811e+00   1.0000000e+00
   9.8000000e+01   0.0000000e+00   5.6909600e-01   8.1911000e-01   3.0899811e+00   0.0000000e+00
   9.9000000e+01   0.0000000e+00   8.2466100e-01   8.1911000e-01   3.0899811e+00   1.0000000e+00
   1.0000000e+02   0.0000000e+00   6.5183900e-01   8.1911000e-01   3.0899811e+00   1.0000000e+00
   1.0100000e+02   1.0000000e+00   8.1980100e-01   8.1911000e-01   3.0899811e+00   0.0000000e+00
   1.0200000e+02   0.0000000e+00   6.2601800e-01   8.1911000e-01   3.0899811e+00   1.0000000e+00
   1.0300000e+02   1.0000000e+00   9.6354800e-01   8.1911000e-01   3.0899811e+00   1.0000000e+00
   1.0400000e+02   0.0000000e+00   5.3559100e-01   8.1911000e-01   3.0899811e+00   1.0000000e+00
   1.0500000e+02   0.0000000e+00   1.3725800e+00   8.1911000e-01   3.0899811e+00   0.0000000e+00
   1.0600000e+02   0.0000000e+00   5.1472200e-01   8.1911000e-01   3.0899811e+00   0.0000000e+00
   1.0700000e+02   0.0000000e+00   5.3103700e-01   8.1911000e-01   3.0899811e+00   0.0000000e+00
   1.0800000e+02   1.0000000e+00   5.1107600e-01   8.1911000e-01   3.0899811e+00   0.0000000e+00
   1.0900000e+02   0.0000000e+00   2.1906750e+00   8.1911000e-01   3.0899811e+00   0.0000000e+00
   1.1000000e+02   1.0000000e+00   1.6613810e+00   8.1911000e-01   3.0899811e+00   0.0000000e+00
   1.1100000e+02   0.0000000e+00   6.3409200e-01   8.1911000e-01   3.0899811e+00   1.0000000e+00
   1.1200000e+02   1.0000000e+00   6.6416600e-01   8.1911000e-01   3.0899811e+00   1.0000000e+00
   1.1300000e+02   0.0000000e+00   5.8211700e-01   8.1911000e-01   3.0899811e+00   0.0000000e+00
   1.1400000e+02   1.0000000e+00   4.6854500e-01   8.1911000e-01   3.0899811e+00   0.0000000e+00
   1.1500000e+02   0.0000000e+00   5.5800700e-01   8.1911000e-01   3.0899811e+00   1.0000000e+00
   1.1600000e+02   0.0000000e+00   2.0140030e+00   8.1911000e-01   3.0899811e+00   1.0000000e+00
   1.1700000e+02   1.0000000e+00   4.9545600e-01   8.1911000e-01   3.0899811e+00   1.0000000e+00
   1.1800000e+02   0.0000000e+00   7.9149300e-01   8.1911000e-01   3.0899811e+00   1.0000000e+00
   1.1900000e+02   0.0000000e+00   6.2708000e-01   8.1911000e-01   3.0899811e+00   1.0000000e+00
   1.2000000e+02   1.0000000e+00   6.9968200e-01   8.1911000e-01   3.0899811e+00   1.0000000e+00
   1.2100000e+02   0.0000000e+00   9.6094900e-01   8.1911000e-01   3.0899811e+00   0.0000000e+00
   1.2200000e+02   0.0000000e+00   8.6004100e-01   8.1911000e-01   3.0899811e+00   0.0000000e+00
   1.2300000e+02   0.0000000e+00   6.0136800e-01   8.1911000e-01   3.0899811e+00   1.0000000e+00
   1.2400000e+02   1.0000000e+00   2.2883950e+00   8.1911000e-01   3.0899811e+00   0.0000000e+00
   1.2500000e+02   0.0000000e+00   5.5559800e-01   8.1911000e-01   3.0899811e+00   1.0000000e+00
   1.2600000e+02   0.0000000e+00   9.5977000e-01   8.1911000e-01   3.0899811e+00   0.0000000e+00
   1.2700000e+02   0.0000000e+00   7.9830100e-01   8.1911000e-01   3.0899811e+00   0.0000000e+00
   1.2800000e+02   0.0000000e+00   5.5457900e-01   8.1911000e-01   3.0899811e+00   0.0000000e+00
   1.2900000e+02   0.0000000e+00   7.2865800e-01   8.1911000e-01   3.0899811e+00   1.0000000e+00
   1.3000000e+02   0.0000000e+00   1.6428330e+00   8.1911000e-01   3.0899811e+00   0.0000000e+00
   1.3100000e+02   1.0000000e+00   5.0164000e-01   8.1911000e-01   3.0899811e+00   1.0000000e+00
   1.3200000e+02   0.0000000e+00   7.0799300e-01   8.1911000e-01   3.0899811e+00   1.0000000e+00
   1.3300000e+02   1.0000000e+00   4.4234900e-01   8.1911000e-01   3.0899811e+00   0.0000000e+00
   1.3400000e+02   0.0000000e+00   4.4758300e-01   8.1911000e-01   3.0899811e+00   1.0000000e+00
   1.3500000e+02   1.0000000e+00   1.1449190e+00   8.1911000e-01   3.0899811e+00   0.0000000e+00
   1.3600000e+02   1.0000000e+00   4.3648400e-01   8.1911000e-01   3.0899811e+00   1.0000000e+00
