   1.0000000e+00   0.0000000e+00   2.5465210e+00   8.3456700e-01   2.3297737e+00   1.0000000e+00
   2.0000000e+00   0.0000000e+00   8.2469800e-01   8.3456700e-01   2.3297737e+00   0.0000000e+00
   3.0000000e+00   0.0000000e+00   9.5235100e-01   8.3456700e-01   2.3297737e+00   0.0000000e+00
   4.0000000e+00   0.0000000e+00   7.1845600e-01   8.3456700e-01   2.3297737e+00   0.0000000e+00
   5.0000000e+00   1.0000000e+00   6.2622600e-01   8.3456700e-01   2.3297737e+00   1.0000000e+00
   6.0000000e+00   1.0000000e+00   1.0913160e+00   8.3456700e-01   2.3297737e+00   0.0000000e+00
   7.0000000e+00   0.0000000e+00   6.6100800e-01   8.3456700e-01   2.3297737e+00   1.0000000e+00
   8.0000000e+00   1.0000000e+00   7.0521600e-01   8.3456700e-01   2.3297737e+00   1.0000000e+00
   9.0000000e+00   0.0000000e+00   4.4180200e-01   8.3456700e-01   2.3297737e+00   0.0000000e+00
   1.0000000e+01   0.0000000e+00   4.5968600e-01   8.3456700e-01   2.3297737e+00   0.0000000e+00
   1.1000000e+01   1.0000000e+00   5.3830400e-01   8.3456700e-01   2.3297737e+00   0.0000000e+00
   1.2000000e+01   0.0000000e+00   4.8043100e-01   8.3456700e-01   2.3297737e+00   0.0000000e+00
   1.3000000e+01   0.0000000e+00   9.1150800e-01   8.3456700e-01   2.3297737e+00   1.0000000e+00
   1.4000000e+01   0.0000000e+00   7.9636000e-01   8.3456700e-01   2.3297737e+00   1.0000000e+00
   1.5000000e+01   0.0000000e+00   8.6030200e-01   8.3456700e-01   2.3297737e+00   1.0000000e+00
   1.6000000e+01   0.0000000e+00   6.8880800e-01   8.3456700e-01   2.3297737e+00   1.0000000e+00
   1.7000000e+01   1.0000000e+00   8.7684200e-01   8.3456700e-01   2.3297737e+00   0.0000000e+00
   1.8000000e+01   0.0000000e+00   1.1100780e+00   8.3456700e-01   2.3297737e+00   1.0000000e+00
   1.9000000e+01   1.0000000e+00   8.2111400e-01   8.3456700e-01   2.3297737e+00   1.0000000e+00
   2.0000000e+01   0.0000000e+00   4.8897500e-01   8.3456700e-01   2.3297737e+00   0.0000000e+00
   2.1000000e+01   0.0000000e+00   1.6827060e+00   8.3456700e-01   2.3297737e+00   0.0000000e+00
   2.2000000e+01   1.0000000e+00   1.1773790e+00   8.3456700e-01   2.3297737e+00   0.0000000e+00
   2.3000000e+01   0.0000000e+00   6.1605800e-01   8.3456700e-01   2.3297737e+00   0.0000000e+00
   2.4000000e+01   1.0000000e+00   8.8825600e-01   8.3456700e-01   2.3297737e+00   1.0000000e+00
   2.5000000e+01   0.0000000e+00   1.7755870e+00   8.3456700e-01   2.3297737e+00   1.0000000e+00
   2.6000000e+01   0.0000000e+00   5.2240800e-01   8.3456700e-01   2.3297737e+00   0.0000000e+00
   2.7000000e+01   1.0000000e+00   1.4479060e+00   8.3456700e-01   2.3297737e+00   0.0000000e+00
   2.8000000e+01   0.0000000e+00   3.8719510e+00   8.3456700e-01   2.3297737e+00   1.0000000e+00
   2.9000000e+01   1.0000000e+00   1.4215650e+00   8.3456700e-01   2.3297737e+00   1.0000000e+00
   3.0000000e+01   0.0000000e+00   9.1538900e-01   8.3456700e-01   2.3297737e+00   0.0000000e+00
   3.1000000e+01   1.0000000e+00   8.7201600e-01   8.3456700e-01   2.3297737e+00   1.0000000e+00
   3.2000000e+01   0.0000000e+00   5.2838500e-01   8.3456700e-01   2.3297737e+00   0.0000000e+00
   3.3000000e+01   0.0000000e+00   1.0571630e+00   8.3456700e-01   2.3297737e+00   1.0000000e+00
   3.4000000e+01   0.0000000e+00   1.8638610e+00   8.3456700e-01   2.3297737e+00   1.0000000e+00
   3.5000000e+01   0.0000000e+00   1.1628180e+00   8.3456700e-01   2.3297737e+00   0.0000000e+00
   3.6000000e+01   0.0000000e+00   5.4195600e-01   8.3456700e-01   2.3297737e+00   1.0000000e+00
   3.7000000e+01   0.0000000e+00   6.8213400e-01   8.3456700e-01   2.3297737e+00   0.0000000e+00
   3.8000000e+01   1.0000000e+00   7.6714700e-01   8.3456700e-01   2.3297737e+00   0.0000000e+00
   3.9000000e+01   0.0000000e+00   8.9930900e-01   8.3456700e-01   2.3297737e+00   1.0000000e+00
   4.0000000e+01   0.0000000e+00   6.2523600e-01   8.3456700e-01   2.3297737e+00   0.0000000e+00
   4.1000000e+01   0.0000000e+00   5.0559900e-01   8.3456700e-01   2.3297737e+00   1.0000000e+00
   4.2000000e+01   0.0000000e+00   4.7831400e-01   8.3456700e-01   2.3297737e+00   1.0000000e+00
   4.3000000e+01   0.0000000e+00   6.7466700e-01   8.3456700e-01   2.3297737e+00   1.0000000e+00
   4.4000000e+01   0.0000000e+00   2.9025390e+00   8.3456700e-01   2.3297737e+00   1.0000000e+00
   4.5000000e+01   1.0000000e+00   1.1997090e+00   8.3456700e-01   2.3297737e+00   1.0000000e+00
   4.6000000e+01   0.0000000e+00   6.0299100e-01   8.3456700e-01   2.3297737e+00   0.0000000e+00
   4.7000000e+01   0.0000000e+00   5.0071500e-01   8.3456700e-01   2.3297737e+00   0.0000000e+00
   4.8000000e+01   0.0000000e+00   1.5686060e+00   8.3456700e-01   2.3297737e+00   0.0000000e+00
   4.9000000e+01   0.0000000e+00   1.0757980e+00   8.3456700e-01   2.3297737e+00   0.0000000e+00
   5.0000000e+01   1.0000000e+00   6.9499800e-01   8.3456700e-01   2.3297737e+00   0.0000000e+00
   5.1000000e+01   0.0000000e+00   5.0310100e-01   8.3456700e-01   2.3297737e+00   0.0000000e+00
   5.2000000e+01   1.0000000e+00   5.9462800e-01   8.3456700e-01   2.3297737e+00   0.0000000e+00
   5.3000000e+01   0.0000000e+00   7.1050500e-01   8.3456700e-01   2.3297737e+00   1.0000000e+00
   5.4000000e+01   1.0000000e+00   1.0574890e+00   8.3456700e-01   2.3297737e+00   1.0000000e+00
   5.5000000e+01   0.0000000e+00   1.6029200e+00   8.3456700e-01   2.3297737e+00   0.0000000e+00
   5.6000000e+01   0.0000000e+00   1.4691680e+00   8.3456700e-01   2.3297737e+00   0.0000000e+00
   5.7000000e+01   1.0000000e+00   1.3140400e+00   8.3456700e-01   2.3297737e+00   0.0000000e+00
   5.8000000e+01   0.0000000e+00   5.4025200e-01   8.3456700e-01   2.3297737e+00   0.0000000e+00
   5.9000000e+01   0.0000000e+00   6.1937800e-01   8.3456700e-01   2.3297737e+00   1.0000000e+00
   6.0000000e+01   0.0000000e+00   4.3859600e-01   8.3456700e-01   2.3297737e+00   1.0000000e+00
   6.1000000e+01   1.0000000e+00   4.5423500e-01   8.3456700e-01   2.3297737e+00   1.0000000e+00
   6.2000000e+01   0.0000000e+00   7.2703100e-01   8.3456700e-01   2.3297737e+00   1.0000000e+00
   6.3000000e+01   0.0000000e+00   6.9184100e-01   8.3456700e-01   2.3297737e+00   0.0000000e+00
   6.4000000e+01   0.0000000e+00   5.3672900e-01   8.3456700e-01   2.3297737e+00   1.0000000e+00
   6.5000000e+01   0.0000000e+00   7.1285500e-01   8.3456700e-01   2.3297737e+00   1.0000000e+00
   6.6000000e+01   1.0000000e+00   6.3708900e-01   8.3456700e-01   2.3297737e+00   1.0000000e+00
   6.7000000e+01   0.0000000e+00   8.9685500e-01   8.3456700e-01   2.3297737e+00   1.0000000e+00
   6.8000000e+01   1.0000000e+00   8.1248400e-01   8.3456700e-01   2.3297737e+00   0.0000000e+00
   6.9000000e+01   0.0000000e+00   9.7922300e-01   8.3456700e-01   2.3297737e+00   0.0000000e+00
   7.0000000e+01   0.0000000e+00   6.2492200e-01   8.3456700e-01   2.3297737e+00   1.0000000e+00
   7.1000000e+01   0.0000000e+00   1.4083770e+00   8.3456700e-01   2.3297737e+00   0.0000000e+00
   7.2000000e+01   1.0000000e+00   5.5967500e-01   8.3456700e-01   2.3297737e+00   0.0000000e+00
   7.3000000e+01   0.0000000e+00   1.3920490e+00   8.3456700e-01   2.3297737e+00   0.0000000e+00
   7.4000000e+01   1.0000000e+00   1.1231070e+00   8.3456700e-01   2.3297737e+00   1.0000000e+00
   7.5000000e+01   0.0000000e+00   1.4946070e+00   8.3456700e-01   2.3297737e+00   1.0000000e+00
   7.6000000e+01   0.0000000e+00   1.2024940e+00   8.3456700e-01   2.3297737e+00   0.0000000e+00
   7.7000000e+01   0.0000000e+00   5.9013300e-01   8.3456700e-01   2.3297737e+00   1.0000000e+00
   7.8000000e+01   0.0000000e+00   7.7383500e-01   8.3456700e-01   2.3297737e+00   1.0000000e+00
   7.9000000e+01   0.0000000e+00   1.6553860e+00   8.3456700e-01   2.3297737e+00   1.0000000e+00
   8.0000000e+01   0.0000000e+00   4.9882300e-01   8.3456700e-01   2.3297737e+00   0.0000000e+00
   8.1000000e+01   1.0000000e+00   9.4053900e-01   8.3456700e-01   2.3297737e+00   0.0000000e+00
   8.2000000e+01   0.0000000e+00   1.0822980e+00   8.3456700e-01   2.3297737e+00   1.0000000e+00
   8.3000000e+01   0.0000000e+00   4.5790500e-01   8.3456700e-01   2.3297737e+00   0.0000000e+00
   8.4000000e+01   1.0000000e+00   7.6882000e-01   8.3456700e-01   2.3297737e+00   1.0000000e+00
   8.5000000e+01   0.0000000e+00   6.4802300e-01   8.3456700e-01   2.3297737e+00   1.0000000e+00
   8.6000000e+01   0.0000000e+00   7.4522000e-01   8.3456700e-01   2.3297737e+00   1.0000000e+00
   8.7000000e+01   0.0000000e+00   7.0699800e-01   8.3456700e-01   2.3297737e+00   0.0000000e+00
   8.8000000e+01   1.0000000e+00   1.1297300e+00   8.3456700e-01   2.3297737e+00   1.0000000e+00
   8.9000000e+01   0.0000000e+00   5.8167500e-01   8.3456700e-01   2.3297737e+00   1.0000000e+00
   9.0000000e+01   0.0000000e+00   8.4019700e-01   8.3456700e-01   2.3297737e+00   0.0000000e+00
   9.1000000e+01   1.0000000e+00   9.7988800e-01   8.3456700e-01   2.3297737e+00   0.0000000e+00
   9.2000000e+01   1.0000000e+00   1.9139750e+00   8.3456700e-01   2.3297737e+00   1.0000000e+00
   9.3000000e+01   0.0000000e+00   1.4732730e+00   8.3456700e-01   2.3297737e+00   0.0000000e+00
   9.4000000e+01   0.0000000e+00   9.9632200e-01   8.3456700e-01   2.3297737e+00   0.0000000e+00
   9.5000000e+01   0.0000000e+00   5.9929200e-01   8.3456700e-01   2.3297737e+00   1.0000000e+00
   9.6000000e+01   0.0000000e+00   1.8383260e+00   8.3456700e-01   2.3297737e+00   1.0000000e+00
   9.7000000e+01   1.0000000e+00   5.1924800e-01   8.3456700e-01   2.3297737e+00   0.0000000e+00
   9.8000000e+01   0.0000000e+00   7.6840500e-01   8.3456700e-01   2.3297737e+00   0.0000000e+00
   9.9000000e+01   0.0000000e+00   6.8414900e-01   8.3456700e-01   2.3297737e+00   0.0000000e+00
   1.0000000e+02   0.0000000e+00   7.6401600e-01   8.3456700e-01   2.3297737e+00   0.0000000e+00
   1.0100000e+02   0.0000000e+00   9.6956100e-01   8.3456700e-01   2.3297737e+00   1.0000000e+00
   1.0200000e+02   1.0000000e+00   1.3638580e+00   8.3456700e-01   2.3297737e+00   1.0000000e+00
   1.0300000e+02   0.0000000e+00   7.8256400e-01   8.3456700e-01   2.3297737e+00   0.0000000e+00
   1.0400000e+02   1.0000000e+00   4.9579800e-01   8.3456700e-01   2.3297737e+00   0.0000000e+00
   1.0500000e+02   1.0000000e+00   6.2028700e-01   8.3456700e-01   2.3297737e+00   0.0000000e+00
   1.0600000e+02   0.0000000e+00   5.5200300e-01   8.3456700e-01   2.3297737e+00   0.0000000e+00
   1.0700000e+02   0.0000000e+00   1.6191440e+00   8.3456700e-01   2.3297737e+00   0.0000000e+00
   1.0800000e+02   0.0000000e+00   5.2596400e-01   8.3456700e-01   2.3297737e+00   0.0000000e+00
   1.0900000e+02   1.0000000e+00   1.5355220e+00   8.3456700e-01   2.3297737e+00   1.0000000e+00
   1.1000000e+02   0.0000000e+00   1.0781210e+00   8.3456700e-01   2.3297737e+00   1.0000000e+00
   1.1100000e+02   1.0000000e+00   4.4830700e-01   8.3456700e-01   2.3297737e+00   0.0000000e+00
   1.1200000e+02   0.0000000e+00   8.4311600e-01   8.3456700e-01   2.3297737e+00   0.0000000e+00
   1.1300000e+02   0.0000000e+00   1.4962140e+00   8.3456700e-01   2.3297737e+00   1.0000000e+00
   1.1400000e+02   0.0000000e+00   6.5342700e-01   8.3456700e-01   2.3297737e+00   0.0000000e+00
   1.1500000e+02   0.0000000e+00   4.8681800e-01   8.3456700e-01   2.3297737e+00   0.0000000e+00
   1.1600000e+02   0.0000000e+00   5.5618400e-01   8.3456700e-01   2.3297737e+00   1.0000000e+00
   1.1700000e+02   0.0000000e+00   6.0645800e-01   8.3456700e-01   2.3297737e+00   0.0000000e+00
   1.1800000e+02   1.0000000e+00   4.6487000e-01   8.3456700e-01   2.3297737e+00   1.0000000e+00
   1.1900000e+02   0.0000000e+00   1.1532120e+00   8.3456700e-01   2.3297737e+00   1.0000000e+00
   1.2000000e+02   0.0000000e+00   5.2087500e-01   8.3456700e-01   2.3297737e+00   0.0000000e+00
   1.2100000e+02   0.0000000e+00   8.7320400e-01   8.3456700e-01   2.3297737e+00   1.0000000e+00
   1.2200000e+02   0.0000000e+00   1.0948920e+00   8.3456700e-01   2.3297737e+00   1.0000000e+00
   1.2300000e+02   1.0000000e+00   5.8835300e-01   8.3456700e-01   2.3297737e+00   1.0000000e+00
   1.2400000e+02   0.0000000e+00   8.4430200e-01   8.3456700e-01   2.3297737e+00   1.0000000e+00
   1.2500000e+02   0.0000000e+00   1.3555210e+00   8.3456700e-01   2.3297737e+00   1.0000000e+00
   1.2600000e+02   1.0000000e+00   5.6904800e-01   8.3456700e-01   2.3297737e+00   0.0000000e+00
   1.2700000e+02   0.0000000e+00   9.5940400e-01   8.3456700e-01   2.3297737e+00   1.0000000e+00
   1.2800000e+02   1.0000000e+00   4.5724000e-01   8.3456700e-01   2.3297737e+00   1.0000000e+00
   1.2900000e+02   0.0000000e+00   2.4102150e+00   8.3456700e-01   2.3297737e+00   1.0000000e+00
   1.3000000e+02   0.0000000e+00   4.4614500e-01   8.3456700e-01   2.3297737e+00   0.0000000e+00
   1.3100000e+02   0.0000000e+00   7.9600400e-01   8.3456700e-01   2.3297737e+00   1.0000000e+00
   1.3200000e+02   1.0000000e+00   7.4076200e-01   8.3456700e-01   2.3297737e+00   0.0000000e+00
   1.3300000e+02   0.0000000e+00   2.4038510e+00   8.3456700e-01   2.3297737e+00   0.0000000e+00
   1.3400000e+02   0.0000000e+00   5.3558500e-01   8.3456700e-01   2.3297737e+00   1.0000000e+00
   1.3500000e+02   1.0000000e+00   5.4855200e-01   8.3456700e-01   2.3297737e+00   0.0000000e+00
   1.3600000e+02   1.0000000e+00   5.8132400e-01   8.3456700e-01   2.3297737e+00   1.0000000e+00
