   1.0000000e+00   0.0000000e+00   1.2883310e+00   8.2776600e-01   2.2413950e+00   0.0000000e+00
   2.0000000e+00   0.0000000e+00   5.0267800e-01   8.2776600e-01   2.2413950e+00   1.0000000e+00
   3.0000000e+00   1.0000000e+00   1.9245360e+00   8.2776600e-01   2.2413950e+00   1.0000000e+00
   4.0000000e+00   0.0000000e+00   1.1356500e+00   8.2776600e-01   2.2413950e+00   0.0000000e+00
   5.0000000e+00   0.0000000e+00   5.4758300e-01   8.2776600e-01   2.2413950e+00   1.0000000e+00
   6.0000000e+00   0.0000000e+00   1.5062290e+00   8.2776600e-01   2.2413950e+00   1.0000000e+00
   7.0000000e+00   1.0000000e+00   1.7385630e+00   8.2776600e-01   2.2413950e+00   0.0000000e+00
   8.0000000e+00   1.0000000e+00   7.7326700e-01   8.2776600e-01   2.2413950e+00   1.0000000e+00
   9.0000000e+00   0.0000000e+00   4.7804200e-01   8.2776600e-01   2.2413950e+00   0.0000000e+00
   1.0000000e+01   0.0000000e+00   1.1308390e+00   8.2776600e-01   2.2413950e+00   0.0000000e+00
   1.1000000e+01   0.0000000e+00   6.5622900e-01   8.2776600e-01   2.2413950e+00   0.0000000e+00
   1.2000000e+01   1.0000000e+00   1.1307600e+00   8.2776600e-01   2.2413950e+00   0.0000000e+00
   1.3000000e+01   0.0000000e+00   7.7852300e-01   8.2776600e-01   2.2413950e+00   1.0000000e+00
   1.4000000e+01   0.0000000e+00   1.8102100e+00   8.2776600e-01   2.2413950e+00   0.0000000e+00
   1.5000000e+01   1.0000000e+00   6.5374400e-01   8.2776600e-01   2.2413950e+00   0.0000000e+00
   1.6000000e+01   0.0000000e+00   3.0424650e+00   8.2776600e-01   2.2413950e+00   1.0000000e+00
   1.7000000e+01   1.0000000e+00   6.8512400e-01   8.2776600e-01   2.2413950e+00   1.0000000e+00
   1.8000000e+01   0.0000000e+00   1.6307930e+00   8.2776600e-01   2.2413950e+00   1.0000000e+00
   1.9000000e+01   1.0000000e+00   7.1306500e-01   8.2776600e-01   2.2413950e+00   0.0000000e+00
   2.0000000e+01   0.0000000e+00   8.0759200e-01   8.2776600e-01   2.2413950e+00   0.0000000e+00
   2.1000000e+01   0.0000000e+00   5.0805100e-01   8.2776600e-01   2.2413950e+00   1.0000000e+00
   2.2000000e+01   1.0000000e+00   5.5168100e-01   8.2776600e-01   2.2413950e+00   1.0000000e+00
   2.3000000e+01   0.0000000e+00   8.3602500e-01   8.2776600e-01   2.2413950e+00   1.0000000e+00
   2.4000000e+01   1.0000000e+00   6.3268500e-01   8.2776600e-01   2.2413950e+00   0.0000000e+00
   2.5000000e+01   0.0000000e+00   4.4240200e-01   8.2776600e-01   2.2413950e+00   1.0000000e+00
   2.6000000e+01   0.0000000e+00   6.1405800e-01   8.2776600e-01   2.2413950e+00   1.0000000e+00
   2.7000000e+01   0.0000000e+00   7.1271400e-01   8.2776600e-01   2.2413950e+00   0.0000000e+00
   2.8000000e+01   0.0000000e+00   8.2304900e-01   8.2776600e-01   2.2413950e+00   0.0000000e+00
   2.9000000e+01   1.0000000e+00   6.1616400e-01   8.2776600e-01   2.2413950e+00   1.0000000e+00
   3.0000000e+01   0.0000000e+00   7.6763500e-01   8.2776600e-01   2.2413950e+00   0.0000000e+00
   3.1000000e+01   0.0000000e+00   1.6533010e+00   8.2776600e-01   2.2413950e+00   1.0000000e+00
   3.2000000e+01   0.0000000e+00   6.1975400e-01   8.2776600e-01   2.2413950e+00   0.0000000e+00
   3.3000000e+01   0.0000000e+00   9.5734100e-01   8.2776600e-01   2.2413950e+00   0.0000000e+00
   3.4000000e+01   1.0000000e+00   1.0814940e+00   8.2776600e-01   2.2413950e+00   1.0000000e+00
   3.5000000e+01   0.0000000e+00   5.7865400e-01   8.2776600e-01   2.2413950e+00   0.0000000e+00
   3.6000000e+01   1.0000000e+00   4.3508400e-01   8.2776600e-01   2.2413950e+00   0.0000000e+00
   3.7000000e+01   0.0000000e+00   1.1876680e+00   8.2776600e-01   2.2413950e+00   1.0000000e+00
   3.8000000e+01   0.0000000e+00   6.4901400e-01   8.2776600e-01   2.2413950e+00   1.0000000e+00
   3.9000000e+01   0.0000000e+00   7.7118800e-01   8.2776600e-01   2.2413950e+00   0.0000000e+00
   4.0000000e+01   1.0000000e+00   4.8635400e-01   8.2776600e-01   2.2413950e+00   1.0000000e+00
   4.1000000e+01   0.0000000e+00   7.5857000e-01   8.2776600e-01   2.2413950e+00   0.0000000e+00
   4.2000000e+01   0.0000000e+00   6.9722500e-01   8.2776600e-01   2.2413950e+00   1.0000000e+00
   4.3000000e+01   0.0000000e+00   8.4736600e-01   8.2776600e-01   2.2413950e+00   1.0000000e+00
   4.4000000e+01   1.0000000e+00   9.1144800e-01   8.2776600e-01   2.2413950e+00   0.0000000e+00
   4.5000000e+01   0.0000000e+00   1.2378840e+00   8.2776600e-01   2.2413950e+00   1.0000000e+00
   4.6000000e+01   0.0000000e+00   1.4576720e+00   8.2776600e-01   2.2413950e+00   0.0000000e+00
   4.7000000e+01   0.0000000e+00   2.7182250e+00   8.2776600e-01   2.2413950e+00   1.0000000e+00
   4.8000000e+01   0.0000000e+00   5.3046200e-01   8.2776600e-01   2.2413950e+00   0.0000000e+00
   4.9000000e+01   1.0000000e+00   1.5687890e+00   8.2776600e-01   2.2413950e+00   0.0000000e+00
   5.0000000e+01   0.0000000e+00   7.1043600e-01   8.2776600e-01   2.2413950e+00   1.0000000e+00
   5.1000000e+01   1.0000000e+00   1.0199450e+00   8.2776600e-01   2.2413950e+00   1.0000000e+00
   5.2000000e+01   0.0000000e+00   7.2324800e-01   8.2776600e-01   2.2413950e+00   1.0000000e+00
   5.3000000e+01   0.0000000e+00   1.1179420e+00   8.2776600e-01   2.2413950e+00   1.0000000e+00
   5.4000000e+01   0.0000000e+00   1.1909390e+00   8.2776600e-01   2.2413950e+00   1.0000000e+00
   5.5000000e+01   1.0000000e+00   1.0025250e+00   8.2776600e-01   2.2413950e+00   0.0000000e+00
   5.6000000e+01   0.0000000e+00   6.2468600e-01   8.2776600e-01   2.2413950e+00   0.0000000e+00
   5.7000000e+01   0.0000000e+00   1.7658850e+00   8.2776600e-01   2.2413950e+00   0.0000000e+00
   5.8000000e+01   0.0000000e+00   1.0561860e+00   8.2776600e-01   2.2413950e+00   0.0000000e+00
   5.9000000e+01   1.0000000e+00   4.4618600e-01   8.2776600e-01   2.2413950e+00   1.0000000e+00
   6.0000000e+01   0.0000000e+00   7.5707800e-01   8.2776600e-01   2.2413950e+00   0.0000000e+00
   6.1000000e+01   1.0000000e+00   7.6325900e-01   8.2776600e-01   2.2413950e+00   1.0000000e+00
   6.2000000e+01   0.0000000e+00   1.1289450e+00   8.2776600e-01   2.2413950e+00   0.0000000e+00
   6.3000000e+01   0.0000000e+00   4.5775000e-01   8.2776600e-01   2.2413950e+00   1.0000000e+00
   6.4000000e+01   1.0000000e+00   1.1300180e+00   8.2776600e-01   2.2413950e+00   0.0000000e+00
   6.5000000e+01   1.0000000e+00   5.2419800e-01   8.2776600e-01   2.2413950e+00   0.0000000e+00
   6.6000000e+01   0.0000000e+00   1.2007730e+00   8.2776600e-01   2.2413950e+00   0.0000000e+00
   6.7000000e+01   0.0000000e+00   1.9127610e+00   8.2776600e-01   2.2413950e+00   1.0000000e+00
   6.8000000e+01   0.0000000e+00   7.3386200e-01   8.2776600e-01   2.2413950e+00   1.0000000e+00
   6.9000000e+01   0.0000000e+00   8.7782400e-01   8.2776600e-01   2.2413950e+00   0.0000000e+00
   7.0000000e+01   0.0000000e+00   4.4791400e-01   8.2776600e-01   2.2413950e+00   0.0000000e+00
   7.1000000e+01   1.0000000e+00   5.0270500e-01   8.2776600e-01   2.2413950e+00   1.0000000e+00
   7.2000000e+01   0.0000000e+00   6.2873200e-01   8.2776600e-01   2.2413950e+00   1.0000000e+00
   7.3000000e+01   1.0000000e+00   6.5169900e-01   8.2776600e-01   2.2413950e+00   0.0000000e+00
   7.4000000e+01   0.0000000e+00   6.9825300e-01   8.2776600e-01   2.2413950e+00   1.0000000e+00
   7.5000000e+01   0.0000000e+00   6.5832200e-01   8.2776600e-01   2.2413950e+00   0.0000000e+00
   7.6000000e+01   0.0000000e+00   1.4262430e+00   8.2776600e-01   2.2413950e+00   1.0000000e+00
   7.7000000e+01   0.0000000e+00   7.7755700e-01   8.2776600e-01   2.2413950e+00   1.0000000e+00
   7.8000000e+01   0.0000000e+00   9.7558500e-01   8.2776600e-01   2.2413950e+00   0.0000000e+00
   7.9000000e+01   0.0000000e+00   8.1113500e-01   8.2776600e-01   2.2413950e+00   1.0000000e+00
   8.0000000e+01   1.0000000e+00   9.7998500e-01   8.2776600e-01   2.2413950e+00   1.0000000e+00
   8.1000000e+01   0.0000000e+00   1.1454310e+00   8.2776600e-01   2.2413950e+00   0.0000000e+00
   8.2000000e+01   1.0000000e+00   5.3818400e-01   8.2776600e-01   2.2413950e+00   1.0000000e+00
   8.3000000e+01   0.0000000e+00   7.6199100e-01   8.2776600e-01   2.2413950e+00   1.0000000e+00
   8.4000000e+01   1.0000000e+00   1.6325960e+00   8.2776600e-01   2.2413950e+00   0.0000000e+00
   8.5000000e+01   0.0000000e+00   4.7428800e-01   8.2776600e-01   2.2413950e+00   1.0000000e+00
   8.6000000e+01   0.0000000e+00   9.0432100e-01   8.2776600e-01   2.2413950e+00   0.0000000e+00
   8.7000000e+01   0.0000000e+00   2.6110970e+00   8.2776600e-01   2.2413950e+00   1.0000000e+00
   8.8000000e+01   1.0000000e+00   1.2296470e+00   8.2776600e-01   2.2413950e+00   1.0000000e+00
   8.9000000e+01   0.0000000e+00   5.4156300e-01   8.2776600e-01   2.2413950e+00   0.0000000e+00
   9.0000000e+01   1.0000000e+00   1.0126720e+00   8.2776600e-01   2.2413950e+00   0.0000000e+00
   9.1000000e+01   0.0000000e+00   5.3092800e-01   8.2776600e-01   2.2413950e+00   1.0000000e+00
   9.2000000e+01   1.0000000e+00   6.2123800e-01   8.2776600e-01   2.2413950e+00   1.0000000e+00
   9.3000000e+01   0.0000000e+00   7.4276400e-01   8.2776600e-01   2.2413950e+00   0.0000000e+00
   9.4000000e+01   0.0000000e+00   8.8441000e-01   8.2776600e-01   2.2413950e+00   0.0000000e+00
   9.5000000e+01   0.0000000e+00   6.1457200e-01   8.2776600e-01   2.2413950e+00   0.0000000e+00
   9.6000000e+01   0.0000000e+00   9.6763300e-01   8.2776600e-01   2.2413950e+00   0.0000000e+00
   9.7000000e+01   1.0000000e+00   5.7411400e-01   8.2776600e-01   2.2413950e+00   0.0000000e+00
   9.8000000e+01   1.0000000e+00   7.1007900e-01   8.2776600e-01   2.2413950e+00   0.0000000e+00
   9.9000000e+01   0.0000000e+00   8.4867600e-01   8.2776600e-01   2.2413950e+00   1.0000000e+00
   1.0000000e+02   0.0000000e+00   5.5877100e-01   8.2776600e-01   2.2413950e+00   0.0000000e+00
   1.0100000e+02   0.0000000e+00   5.7521200e-01   8.2776600e-01   2.2413950e+00   1.0000000e+00
   1.0200000e+02   0.0000000e+00   7.4862100e-01   8.2776600e-01   2.2413950e+00   1.0000000e+00
   1.0300000e+02   0.0000000e+00   1.4798840e+00   8.2776600e-01   2.2413950e+00   0.0000000e+00
   1.0400000e+02   0.0000000e+00   4.8828100e-01   8.2776600e-01   2.2413950e+00   0.0000000e+00
   1.0500000e+02   0.0000000e+00   6.3730400e-01   8.2776600e-01   2.2413950e+00   0.0000000e+00
   1.0600000e+02   1.0000000e+00   1.2226100e+00   8.2776600e-01   2.2413950e+00   1.0000000e+00
   1.0700000e+02   0.0000000e+00   5.6743800e-01   8.2776600e-01   2.2413950e+00   0.0000000e+00
   1.0800000e+02   0.0000000e+00   4.4862300e-01   8.2776600e-01   2.2413950e+00   1.0000000e+00
   1.0900000e+02   1.0000000e+00   5.0296000e-01   8.2776600e-01   2.2413950e+00   0.0000000e+00
   1.1000000e+02   0.0000000e+00   5.9222900e-01   8.2776600e-01   2.2413950e+00   0.0000000e+00
   1.1100000e+02   0.0000000e+00   1.2172310e+00   8.2776600e-01   2.2413950e+00   1.0000000e+00
   1.1200000e+02   0.0000000e+00   7.7751700e-01   8.2776600e-01   2.2413950e+00   0.0000000e+00
   1.1300000e+02   1.0000000e+00   5.7833500e-01   8.2776600e-01   2.2413950e+00   1.0000000e+00
   1.1400000e+02   0.0000000e+00   1.2367750e+00   8.2776600e-01   2.2413950e+00   0.0000000e+00
   1.1500000e+02   0.0000000e+00   2.5592800e+00   8.2776600e-01   2.2413950e+00   1.0000000e+00
   1.1600000e+02   0.0000000e+00   5.2628100e-01   8.2776600e-01   2.2413950e+00   1.0000000e+00
   1.1700000e+02   0.0000000e+00   5.5797600e-01   8.2776600e-01   2.2413950e+00   0.0000000e+00
   1.1800000e+02   0.0000000e+00   5.3675200e-01   8.2776600e-01   2.2413950e+00   0.0000000e+00
   1.1900000e+02   0.0000000e+00   7.4006800e-01   8.2776600e-01   2.2413950e+00   1.0000000e+00
   1.2000000e+02   0.0000000e+00   7.9273000e-01   8.2776600e-01   2.2413950e+00   1.0000000e+00
   1.2100000e+02   0.0000000e+00   8.8568000e-01   8.2776600e-01   2.2413950e+00   1.0000000e+00
   1.2200000e+02   0.0000000e+00   1.3673660e+00   8.2776600e-01   2.2413950e+00   1.0000000e+00
   1.2300000e+02   0.0000000e+00   4.3646500e-01   8.2776600e-01   2.2413950e+00   1.0000000e+00
   1.2400000e+02   0.0000000e+00   5.6073700e-01   8.2776600e-01   2.2413950e+00   0.0000000e+00
   1.2500000e+02   1.0000000e+00   9.8320400e-01   8.2776600e-01   2.2413950e+00   1.0000000e+00
   1.2600000e+02   0.0000000e+00   1.3994910e+00   8.2776600e-01   2.2413950e+00   1.0000000e+00
   1.2700000e+02   1.0000000e+00   1.4542680e+00   8.2776600e-01   2.2413950e+00   0.0000000e+00
   1.2800000e+02   0.0000000e+00   1.4903750e+00   8.2776600e-01   2.2413950e+00   1.0000000e+00
   1.2900000e+02   0.0000000e+00   5.0483000e-01   8.2776600e-01   2.2413950e+00   0.0000000e+00
   1.3000000e+02   1.0000000e+00   5.6810700e-01   8.2776600e-01   2.2413950e+00   1.0000000e+00
   1.3100000e+02   0.0000000e+00   7.7455000e-01   8.2776600e-01   2.2413950e+00   0.0000000e+00
   1.3200000e+02   1.0000000e+00   8.8415800e-01   8.2776600e-01   2.2413950e+00   0.0000000e+00
   1.3300000e+02   0.0000000e+00   1.0651390e+00   8.2776600e-01   2.2413950e+00   0.0000000e+00
   1.3400000e+02   0.0000000e+00   6.1355400e-01   8.2776600e-01   2.2413950e+00   1.0000000e+00
   1.3500000e+02   1.0000000e+00   1.9061640e+00   8.2776600e-01   2.2413950e+00   0.0000000e+00
   1.3600000e+02   1.0000000e+00   1.2860730e+00   8.2776600e-01   2.2413950e+00   1.0000000e+00
