   1.0000000e+00   0.0000000e+00   1.7379130e+00   8.4480600e-01   2.2594438e+00   1.0000000e+00
   2.0000000e+00   0.0000000e+00   1.5768670e+00   8.4480600e-01   2.2594438e+00   0.0000000e+00
   3.0000000e+00   1.0000000e+00   7.4110600e-01   8.4480600e-01   2.2594438e+00   0.0000000e+00
   4.0000000e+00   1.0000000e+00   4.8973500e-01   8.4480600e-01   2.2594438e+00   1.0000000e+00
   5.0000000e+00   0.0000000e+00   5.5225800e-01   8.4480600e-01   2.2594438e+00   0.0000000e+00
   6.0000000e+00   1.0000000e+00   4.9489300e-01   8.4480600e-01   2.2594438e+00   0.0000000e+00
   7.0000000e+00   0.0000000e+00   6.5886500e-01   8.4480600e-01   2.2594438e+00   1.0000000e+00
   8.0000000e+00   0.0000000e+00   4.6749100e-01   8.4480600e-01   2.2594438e+00   0.0000000e+00
   9.0000000e+00   1.0000000e+00   6.3103200e-01   8.4480600e-01   2.2594438e+00   1.0000000e+00
   1.0000000e+01   0.0000000e+00   8.3491700e-01   8.4480600e-01   2.2594438e+00   1.0000000e+00
   1.1000000e+01   0.0000000e+00   1.4161430e+00   8.4480600e-01   2.2594438e+00   1.0000000e+00
   1.2000000e+01   1.0000000e+00   7.8305400e-01   8.4480600e-01   2.2594438e+00   1.0000000e+00
   1.3000000e+01   0.0000000e+00   5.8368600e-01   8.4480600e-01   2.2594438e+00   0.0000000e+00
   1.4000000e+01   0.0000000e+00   1.2091200e+00   8.4480600e-01   2.2594438e+00   0.0000000e+00
   1.5000000e+01   1.0000000e+00   1.3104210e+00   8.4480600e-01   2.2594438e+00   0.0000000e+00
   1.6000000e+01   0.0000000e+00   5.4339500e-01   8.4480600e-01   2.2594438e+00   1.0000000e+00
   1.7000000e+01   1.0000000e+00   4.9164600e-01   8.4480600e-01   2.2594438e+00   1.0000000e+00
   1.8000000e+01   0.0000000e+00   7.3494300e-01   8.4480600e-01   2.2594438e+00   0.0000000e+00
   1.9000000e+01   1.0000000e+00   4.6396500e-01   8.4480600e-01   2.2594438e+00   0.0000000e+00
   2.0000000e+01   0.0000000e+00   5.4218800e-01   8.4480600e-01   2.2594438e+00   1.0000000e+00
   2.1000000e+01   0.0000000e+00   5.5253000e-01   8.4480600e-01   2.2594438e+00   0.0000000e+00
   2.2000000e+01   0.0000000e+00   9.5725600e-01   8.4480600e-01   2.2594438e+00   1.0000000e+00
   2.3000000e+01   0.0000000e+00   6.6088400e-01   8.4480600e-01   2.2594438e+00   1.0000000e+00
   2.4000000e+01   1.0000000e+00   5.5716600e-01   8.4480600e-01   2.2594438e+00   1.0000000e+00
   2.5000000e+01   0.0000000e+00   1.0728570e+00   8.4480600e-01   2.2594438e+00   0.0000000e+00
   2.6000000e+01   0.0000000e+00   1.8500670e+00   8.4480600e-01   2.2594438e+00   1.0000000e+00
   2.7000000e+01   1.0000000e+00   7.0460300e-01   8.4480600e-01   2.2594438e+00   0.0000000e+00
   2.8000000e+01   0.0000000e+00   1.8920570e+00   8.4480600e-01   2.2594438e+00   1.0000000e+00
   2.9000000e+01   0.0000000e+00   1.6317080e+00   8.4480600e-01   2.2594438e+00   1.0000000e+00
   3.0000000e+01   0.0000000e+00   1.4182920e+00   8.4480600e-01   2.2594438e+00   0.0000000e+00
   3.1000000e+01   1.0000000e+00   1.3140800e+00   8.4480600e-01   2.2594438e+00   0.0000000e+00
   3.2000000e+01   0.0000000e+00   3.5542020e+00   8.4480600e-01   2.2594438e+00   0.0000000e+00
   3.3000000e+01   0.0000000e+00   9.3322000e-01   8.4480600e-01   2.2594438e+00   0.0000000e+00
   3.4000000e+01   0.0000000e+00   4.3599200e-01   8.4480600e-01   2.2594438e+00   1.0000000e+00
   3.5000000e+01   1.0000000e+00   7.6391900e-01   8.4480600e-01   2.2594438e+00   1.0000000e+00
   3.6000000e+01   0.0000000e+00   1.0554580e+00   8.4480600e-01   2.2594438e+00   1.0000000e+00
   3.7000000e+01   0.0000000e+00   4.4620700e-01   8.4480600e-01   2.2594438e+00   1.0000000e+00
   3.8000000e+01   0.0000000e+00   8.3451700e-01   8.4480600e-01   2.2594438e+00   0.0000000e+00
   3.9000000e+01   1.0000000e+00   1.1458750e+00   8.4480600e-01   2.2594438e+00   0.0000000e+00
   4.0000000e+01   0.0000000e+00   9.5435700e-01   8.4480600e-01   2.2594438e+00   0.0000000e+00
   4.1000000e+01   0.0000000e+00   7.0435700e-01   8.4480600e-01   2.2594438e+00   0.0000000e+00
   4.2000000e+01   1.0000000e+00   9.9515000e-01   8.4480600e-01   2.2594438e+00   1.0000000e+00
   4.3000000e+01   0.0000000e+00   8.4835600e-01   8.4480600e-01   2.2594438e+00   1.0000000e+00
   4.4000000e+01   1.0000000e+00   9.9184300e-01   8.4480600e-01   2.2594438e+00   1.0000000e+00
   4.5000000e+01   0.0000000e+00   4.6432200e-01   8.4480600e-01   2.2594438e+00   1.0000000e+00
   4.6000000e+01   1.0000000e+00   5.7297900e-01   8.4480600e-01   2.2594438e+00   0.0000000e+00
   4.7000000e+01   0.0000000e+00   1.5622130e+00   8.4480600e-01   2.2594438e+00   0.0000000e+00
   4.8000000e+01   1.0000000e+00   1.1115090e+00   8.4480600e-01   2.2594438e+00   1.0000000e+00
   4.9000000e+01   0.0000000e+00   8.5240300e-01   8.4480600e-01   2.2594438e+00   1.0000000e+00
   5.0000000e+01   0.0000000e+00   4.5805800e-01   8.4480600e-01   2.2594438e+00   1.0000000e+00
   5.1000000e+01   0.0000000e+00   6.2414700e-01   8.4480600e-01   2.2594438e+00   0.0000000e+00
   5.2000000e+01   0.0000000e+00   7.5941600e-01   8.4480600e-01   2.2594438e+00   0.0000000e+00
   5.3000000e+01   1.0000000e+00   7.1792900e-01   8.4480600e-01   2.2594438e+00   0.0000000e+00
   5.4000000e+01   0.0000000e+00   4.5752500e-01   8.4480600e-01   2.2594438e+00   0.0000000e+00
   5.5000000e+01   0.0000000e+00   4.9661800e-01   8.4480600e-01   2.2594438e+00   1.0000000e+00
   5.6000000e+01   0.0000000e+00   5.0854900e-01   8.4480600e-01   2.2594438e+00   1.0000000e+00
   5.7000000e+01   0.0000000e+00   1.7545240e+00   8.4480600e-01   2.2594438e+00   0.0000000e+00
   5.8000000e+01   0.0000000e+00   1.3993100e+00   8.4480600e-01   2.2594438e+00   0.0000000e+00
   5.9000000e+01   1.0000000e+00   1.6257210e+00   8.4480600e-01   2.2594438e+00   0.0000000e+00
   6.0000000e+01   0.0000000e+00   1.9178310e+00   8.4480600e-01   2.2594438e+00   1.0000000e+00
   6.1000000e+01   1.0000000e+00   1.7772210e+00   8.4480600e-01   2.2594438e+00   1.0000000e+00
   6.2000000e+01   0.0000000e+00   4.6163300e-01   8.4480600e-01   2.2594438e+00   0.0000000e+00
   6.3000000e+01   1.0000000e+00   7.9878300e-01   8.4480600e-01   2.2594438e+00   1.0000000e+00
   6.4000000e+01   0.0000000e+00   5.1911900e-01   8.4480600e-01   2.2594438e+00   0.0000000e+00
   6.5000000e+01   0.0000000e+00   4.5137900e-01   8.4480600e-01   2.2594438e+00   1.0000000e+00
   6.6000000e+01   0.0000000e+00   4.3824600e-01   8.4480600e-01   2.2594438e+00   0.0000000e+00
   6.7000000e+01   0.0000000e+00   1.1816300e+00   8.4480600e-01   2.2594438e+00   0.0000000e+00
   6.8000000e+01   0.0000000e+00   1.5839040e+00   8.4480600e-01   2.2594438e+00   1.0000000e+00
   6.9000000e+01   0.0000000e+00   5.0364700e-01   8.4480600e-01   2.2594438e+00   1.0000000e+00
   7.0000000e+01   0.0000000e+00   2.4304090e+00   8.4480600e-01   2.2594438e+00   0.0000000e+00
   7.1000000e+01   0.0000000e+00   2.1284800e+00   8.4480600e-01   2.2594438e+00   1.0000000e+00
   7.2000000e+01   1.0000000e+00   6.3106500e-01   8.4480600e-01   2.2594438e+00   0.0000000e+00
   7.3000000e+01   0.0000000e+00   6.0244200e-01   8.4480600e-01   2.2594438e+00   0.0000000e+00
   7.4000000e+01   0.0000000e+00   1.2220300e+00   8.4480600e-01   2.2594438e+00   0.0000000e+00
   7.5000000e+01   0.0000000e+00   6.4253700e-01   8.4480600e-01   2.2594438e+00   1.0000000e+00
   7.6000000e+01   0.0000000e+00   7.9351200e-01   8.4480600e-01   2.2594438e+00   1.0000000e+00
   7.7000000e+01   0.0000000e+00   1.3234850e+00   8.4480600e-01   2.2594438e+00   1.0000000e+00
   7.8000000e+01   0.0000000e+00   9.0838700e-01   8.4480600e-01   2.2594438e+00   1.0000000e+00
   7.9000000e+01   1.0000000e+00   5.6129100e-01   8.4480600e-01   2.2594438e+00   1.0000000e+00
   8.0000000e+01   0.0000000e+00   1.7192390e+00   8.4480600e-01   2.2594438e+00   1.0000000e+00
   8.1000000e+01   1.0000000e+00   8.3920100e-01   8.4480600e-01   2.2594438e+00   0.0000000e+00
   8.2000000e+01   0.0000000e+00   5.2064400e-01   8.4480600e-01   2.2594438e+00   1.0000000e+00
   8.3000000e+01   0.0000000e+00   1.2155430e+00   8.4480600e-01   2.2594438e+00   0.0000000e+00
   8.4000000e+01   1.0000000e+00   6.6053600e-01   8.4480600e-01   2.2594438e+00   0.0000000e+00
   8.5000000e+01   0.0000000e+00   2.1436380e+00   8.4480600e-01   2.2594438e+00   0.0000000e+00
   8.6000000e+01   1.0000000e+00   4.9417200e-01   8.4480600e-01   2.2594438e+00   1.0000000e+00
   8.7000000e+01   0.0000000e+00   6.0821500e-01   8.4480600e-01   2.2594438e+00   0.0000000e+00
   8.8000000e+01   1.0000000e+00   5.7079700e-01   8.4480600e-01   2.2594438e+00   0.0000000e+00
   8.9000000e+01   1.0000000e+00   8.0827800e-01   8.4480600e-01   2.2594438e+00   1.0000000e+00
   9.0000000e+01   0.0000000e+00   1.3003220e+00   8.4480600e-01   2.2594438e+00   1.0000000e+00
   9.1000000e+01   0.0000000e+00   6.9809300e-01   8.4480600e-01   2.2594438e+00   0.0000000e+00
   9.2000000e+01   0.0000000e+00   8.2522000e-01   8.4480600e-01   2.2594438e+00   1.0000000e+00
   9.3000000e+01   0.0000000e+00   1.2361890e+00   8.4480600e-01   2.2594438e+00   1.0000000e+00
   9.4000000e+01   1.0000000e+00   8.8997500e-01   8.4480600e-01   2.2594438e+00   0.0000000e+00
   9.5000000e+01   0.0000000e+00   9.8358200e-01   8.4480600e-01   2.2594438e+00   1.0000000e+00
   9.6000000e+01   0.0000000e+00   4.9168300e-01   8.4480600e-01   2.2594438e+00   0.0000000e+00
   9.7000000e+01   0.0000000e+00   4.6631200e-01   8.4480600e-01   2.2594438e+00   0.0000000e+00
   9.8000000e+01   0.0000000e+00   2.4514250e+00   8.4480600e-01   2.2594438e+00   0.0000000e+00
   9.9000000e+01   0.0000000e+00   7.4008600e-01   8.4480600e-01   2.2594438e+00   0.0000000e+00
   1.0000000e+02   1.0000000e+00   5.2971000e-01   8.4480600e-01   2.2594438e+00   1.0000000e+00
   1.0100000e+02   0.0000000e+00   1.4207500e+00   8.4480600e-01   2.2594438e+00   1.0000000e+00
   1.0200000e+02   0.0000000e+00   6.5918300e-01   8.4480600e-01   2.2594438e+00   0.0000000e+00
   1.0300000e+02   0.0000000e+00   1.1775840e+00   8.4480600e-01   2.2594438e+00   1.0000000e+00
   1.0400000e+02   1.0000000e+00   6.1352300e-01   8.4480600e-01   2.2594438e+00   1.0000000e+00
   1.0500000e+02   0.0000000e+00   1.1460820e+00   8.4480600e-01   2.2594438e+00   1.0000000e+00
   1.0600000e+02   0.0000000e+00   1.3152650e+00   8.4480600e-01   2.2594438e+00   0.0000000e+00
   1.0700000e+02   1.0000000e+00   1.5892900e+00   8.4480600e-01   2.2594438e+00   0.0000000e+00
   1.0800000e+02   0.0000000e+00   7.7318400e-01   8.4480600e-01   2.2594438e+00   1.0000000e+00
   1.0900000e+02   0.0000000e+00   5.7578100e-01   8.4480600e-01   2.2594438e+00   1.0000000e+00
   1.1000000e+02   1.0000000e+00   5.6546600e-01   8.4480600e-01   2.2594438e+00   1.0000000e+00
   1.1100000e+02   0.0000000e+00   4.6567400e-01   8.4480600e-01   2.2594438e+00   0.0000000e+00
   1.1200000e+02   1.0000000e+00   4.3615300e-01   8.4480600e-01   2.2594438e+00   0.0000000e+00
   1.1300000e+02   0.0000000e+00   4.4026500e-01   8.4480600e-01   2.2594438e+00   0.0000000e+00
   1.1400000e+02   0.0000000e+00   1.1642090e+00   8.4480600e-01   2.2594438e+00   1.0000000e+00
   1.1500000e+02   0.0000000e+00   7.8333100e-01   8.4480600e-01   2.2594438e+00   0.0000000e+00
   1.1600000e+02   0.0000000e+00   5.7640500e-01   8.4480600e-01   2.2594438e+00   0.0000000e+00
   1.1700000e+02   0.0000000e+00   5.7410800e-01   8.4480600e-01   2.2594438e+00   1.0000000e+00
   1.1800000e+02   0.0000000e+00   6.9195700e-01   8.4480600e-01   2.2594438e+00   0.0000000e+00
   1.1900000e+02   1.0000000e+00   8.0452400e-01   8.4480600e-01   2.2594438e+00   0.0000000e+00
   1.2000000e+02   1.0000000e+00   1.2151030e+00   8.4480600e-01   2.2594438e+00   1.0000000e+00
   1.2100000e+02   0.0000000e+00   5.5866000e-01   8.4480600e-01   2.2594438e+00   1.0000000e+00
   1.2200000e+02   0.0000000e+00   9.7382800e-01   8.4480600e-01   2.2594438e+00   0.0000000e+00
   1.2300000e+02   0.0000000e+00   5.1942200e-01   8.4480600e-01   2.2594438e+00   0.0000000e+00
   1.2400000e+02   0.0000000e+00   4.9205100e-01   8.4480600e-01   2.2594438e+00   1.0000000e+00
   1.2500000e+02   0.0000000e+00   1.6230020e+00   8.4480600e-01   2.2594438e+00   1.0000000e+00
   1.2600000e+02   0.0000000e+00   6.2100300e-01   8.4480600e-01   2.2594438e+00   0.0000000e+00
   1.2700000e+02   0.0000000e+00   2.0529650e+00   8.4480600e-01   2.2594438e+00   1.0000000e+00
   1.2800000e+02   0.0000000e+00   4.5715500e-01   8.4480600e-01   2.2594438e+00   0.0000000e+00
   1.2900000e+02   1.0000000e+00   7.1894000e-01   8.4480600e-01   2.2594438e+00   0.0000000e+00
   1.3000000e+02   0.0000000e+00   4.5566000e-01   8.4480600e-01   2.2594438e+00   0.0000000e+00
   1.3100000e+02   1.0000000e+00   4.9969000e-01   8.4480600e-01   2.2594438e+00   1.0000000e+00
   1.3200000e+02   0.0000000e+00   6.5893900e-01   8.4480600e-01   2.2594438e+00   0.0000000e+00
   1.3300000e+02   0.0000000e+00   8.8814400e-01   8.4480600e-01   2.2594438e+00   1.0000000e+00
   1.3400000e+02   0.0000000e+00   1.5088620e+00   8.4480600e-01   2.2594438e+00   1.0000000e+00
   1.3500000e+02   1.0000000e+00   6.6260300e-01   8.4480600e-01   2.2594438e+00   1.0000000e+00
   1.3600000e+02   1.0000000e+00   5.0753300e-01   8.4480600e-01   2.2594438e+00   0.0000000e+00
