   1.0000000e+00   0.0000000e+00   1.1741510e+00   8.2331900e-01   2.7228048e+00   0.0000000e+00
   2.0000000e+00   0.0000000e+00   6.9664900e-01   8.2331900e-01   2.7228048e+00   1.0000000e+00
   3.0000000e+00   0.0000000e+00   1.0779750e+00   8.2331900e-01   2.7228048e+00   0.0000000e+00
   4.0000000e+00   1.0000000e+00   9.2454000e-01   8.2331900e-01   2.7228048e+00   1.0000000e+00
   5.0000000e+00   0.0000000e+00   4.3759000e-01   8.2331900e-01   2.7228048e+00   0.0000000e+00
   6.0000000e+00   0.0000000e+00   8.0316900e-01   8.2331900e-01   2.7228048e+00   1.0000000e+00
   7.0000000e+00   0.0000000e+00   5.0126700e-01   8.2331900e-01   2.7228048e+00   1.0000000e+00
   8.0000000e+00   0.0000000e+00   5.3479500e-01   8.2331900e-01   2.7228048e+00   1.0000000e+00
   9.0000000e+00   0.0000000e+00   6.1600700e-01   8.2331900e-01   2.7228048e+00   0.0000000e+00
   1.0000000e+01   1.0000000e+00   1.0573960e+00   8.2331900e-01   2.7228048e+00   0.0000000e+00
   1.1000000e+01   0.0000000e+00   5.2963100e-01   8.2331900e-01   2.7228048e+00   0.0000000e+00
   1.2000000e+01   0.0000000e+00   4.7297500e-01   8.2331900e-01   2.7228048e+00   0.0000000e+00
   1.3000000e+01   1.0000000e+00   5.4820900e-01   8.2331900e-01   2.7228048e+00   1.0000000e+00
   1.4000000e+01   0.0000000e+00   1.7070860e+00   8.2331900e-01   2.7228048e+00   1.0000000e+00
   1.5000000e+01   0.0000000e+00   7.9440000e-01   8.2331900e-01   2.7228048e+00   0.0000000e+00
   1.6000000e+01   1.0000000e+00   7.3988800e-01   8.2331900e-01   2.7228048e+00   0.0000000e+00
   1.7000000e+01   0.0000000e+00   2.1127710e+00   8.2331900e-01   2.7228048e+00   1.0000000e+00
   1.8000000e+01   1.0000000e+00   7.1497400e-01   8.2331900e-01   2.7228048e+00   0.0000000e+00
   1.9000000e+01   0.0000000e+00   1.1042380e+00   8.2331900e-01   2.7228048e+00   0.0000000e+00
   2.0000000e+01   0.0000000e+00   5.2738600e-01   8.2331900e-01   2.7228048e+00   0.0000000e+00
   2.1000000e+01   1.0000000e+00   6.1737100e-01   8.2331900e-01   2.7228048e+00   1.0000000e+00
   2.2000000e+01   0.0000000e+00   1.3367830e+00   8.2331900e-01   2.7228048e+00   1.0000000e+00
   2.3000000e+01   0.0000000e+00   2.7214730e+00   8.2331900e-01   2.7228048e+00   1.0000000e+00
   2.4000000e+01   1.0000000e+00   5.8550600e-01   8.2331900e-01   2.7228048e+00   0.0000000e+00
   2.5000000e+01   0.0000000e+00   5.0526400e-01   8.2331900e-01   2.7228048e+00   0.0000000e+00
   2.6000000e+01   0.0000000e+00   9.8520700e-01   8.2331900e-01   2.7228048e+00   0.0000000e+00
   2.7000000e+01   0.0000000e+00   6.1484600e-01   8.2331900e-01   2.7228048e+00   1.0000000e+00
   2.8000000e+01   1.0000000e+00   5.9038900e-01   8.2331900e-01   2.7228048e+00   1.0000000e+00
   2.9000000e+01   0.0000000e+00   9.3730700e-01   8.2331900e-01   2.7228048e+00   0.0000000e+00
   3.0000000e+01   1.0000000e+00   9.4331600e-01   8.2331900e-01   2.7228048e+00   0.0000000e+00
   3.1000000e+01   1.0000000e+00   1.0345140e+00   8.2331900e-01   2.7228048e+00   1.0000000e+00
   3.2000000e+01   0.0000000e+00   5.0783700e-01   8.2331900e-01   2.7228048e+00   1.0000000e+00
   3.3000000e+01   1.0000000e+00   7.6587700e-01   8.2331900e-01   2.7228048e+00   1.0000000e+00
   3.4000000e+01   0.0000000e+00   9.9131800e-01   8.2331900e-01   2.7228048e+00   1.0000000e+00
   3.5000000e+01   0.0000000e+00   7.3541400e-01   8.2331900e-01   2.7228048e+00   1.0000000e+00
   3.6000000e+01   0.0000000e+00   1.1903460e+00   8.2331900e-01   2.7228048e+00   1.0000000e+00
   3.7000000e+01   1.0000000e+00   9.7441800e-01   8.2331900e-01   2.7228048e+00   0.0000000e+00
   3.8000000e+01   0.0000000e+00   2.0390680e+00   8.2331900e-01   2.7228048e+00   1.0000000e+00
   3.9000000e+01   0.0000000e+00   1.3093740e+00   8.2331900e-01   2.7228048e+00   0.0000000e+00
   4.0000000e+01   0.0000000e+00   4.9940600e-01   8.2331900e-01   2.7228048e+00   0.0000000e+00
   4.1000000e+01   0.0000000e+00   1.1991060e+00   8.2331900e-01   2.7228048e+00   1.0000000e+00
   4.2000000e+01   0.0000000e+00   2.4710280e+00   8.2331900e-01   2.7228048e+00   1.0000000e+00
   4.3000000e+01   0.0000000e+00   6.8906600e-01   8.2331900e-01   2.7228048e+00   1.0000000e+00
   4.4000000e+01   1.0000000e+00   4.8888000e-01   8.2331900e-01   2.7228048e+00   1.0000000e+00
   4.5000000e+01   1.0000000e+00   7.4726700e-01   8.2331900e-01   2.7228048e+00   0.0000000e+00
   4.6000000e+01   0.0000000e+00   4.5850400e-01   8.2331900e-01   2.7228048e+00   1.0000000e+00
   4.7000000e+01   1.0000000e+00   6.0518600e-01   8.2331900e-01   2.7228048e+00   0.0000000e+00
   4.8000000e+01   0.0000000e+00   5.0531700e-01   8.2331900e-01   2.7228048e+00   0.0000000e+00
   4.9000000e+01   0.0000000e+00   5.4609900e-01   8.2331900e-01   2.7228048e+00   0.0000000e+00
   5.0000000e+01   0.0000000e+00   1.1547730e+00   8.2331900e-01   2.7228048e+00   1.0000000e+00
   5.1000000e+01   0.0000000e+00   5.3775600e-01   8.2331900e-01   2.7228048e+00   1.0000000e+00
   5.2000000e+01   0.0000000e+00   6.1498300e-01   8.2331900e-01   2.7228048e+00   0.0000000e+00
   5.3000000e+01   1.0000000e+00   9.4554200e-01   8.2331900e-01   2.7228048e+00   1.0000000e+00
   5.4000000e+01   0.0000000e+00   8.5745800e-01   8.2331900e-01   2.7228048e+00   0.0000000e+00
   5.5000000e+01   0.0000000e+00   1.6942150e+00   8.2331900e-01   2.7228048e+00   0.0000000e+00
   5.6000000e+01   1.0000000e+00   1.2827980e+00   8.2331900e-01   2.7228048e+00   0.0000000e+00
   5.7000000e+01   0.0000000e+00   9.4565700e-01   8.2331900e-01   2.7228048e+00   0.0000000e+00
   5.8000000e+01   0.0000000e+00   4.7686800e-01   8.2331900e-01   2.7228048e+00   1.0000000e+00
   5.9000000e+01   0.0000000e+00   6.2652700e-01   8.2331900e-01   2.7228048e+00   0.0000000e+00
   6.0000000e+01   1.0000000e+00   7.1433100e-01   8.2331900e-01   2.7228048e+00   1.0000000e+00
   6.1000000e+01   0.0000000e+00   7.6696200e-01   8.2331900e-01   2.7228048e+00   1.0000000e+00
   6.2000000e+01   1.0000000e+00   5.5870400e-01   8.2331900e-01   2.7228048e+00   1.0000000e+00
   6.3000000e+01   0.0000000e+00   1.0982900e+00   8.2331900e-01   2.7228048e+00   0.0000000e+00
   6.4000000e+01   0.0000000e+00   1.2466740e+00   8.2331900e-01   2.7228048e+00   1.0000000e+00
   6.5000000e+01   0.0000000e+00   1.0579840e+00   8.2331900e-01   2.7228048e+00   0.0000000e+00
   6.6000000e+01   0.0000000e+00   7.2174400e-01   8.2331900e-01   2.7228048e+00   1.0000000e+00
   6.7000000e+01   0.0000000e+00   7.2112100e-01   8.2331900e-01   2.7228048e+00   0.0000000e+00
   6.8000000e+01   1.0000000e+00   1.6583190e+00   8.2331900e-01   2.7228048e+00   0.0000000e+00
   6.9000000e+01   0.0000000e+00   5.9709100e-01   8.2331900e-01   2.7228048e+00   0.0000000e+00
   7.0000000e+01   1.0000000e+00   7.2253100e-01   8.2331900e-01   2.7228048e+00   0.0000000e+00
   7.1000000e+01   0.0000000e+00   2.3691080e+00   8.2331900e-01   2.7228048e+00   1.0000000e+00
   7.2000000e+01   0.0000000e+00   5.2647800e-01   8.2331900e-01   2.7228048e+00   0.0000000e+00
   7.3000000e+01   1.0000000e+00   6.1386400e-01   8.2331900e-01   2.7228048e+00   1.0000000e+00
   7.4000000e+01   0.0000000e+00   1.5939190e+00   8.2331900e-01   2.7228048e+00   0.0000000e+00
   7.5000000e+01   0.0000000e+00   7.4651900e-01   8.2331900e-01   2.7228048e+00   1.0000000e+00
   7.6000000e+01   1.0000000e+00   1.2083400e+00   8.2331900e-01   2.7228048e+00   0.0000000e+00
   7.7000000e+01   0.0000000e+00   2.8853530e+00   8.2331900e-01   2.7228048e+00   0.0000000e+00
   7.8000000e+01   0.0000000e+00   7.9278700e-01   8.2331900e-01   2.7228048e+00   0.0000000e+00
   7.9000000e+01   1.0000000e+00   5.9551700e-01   8.2331900e-01   2.7228048e+00   1.0000000e+00
   8.0000000e+01   0.0000000e+00   1.4812170e+00   8.2331900e-01   2.7228048e+00   1.0000000e+00
   8.1000000e+01   1.0000000e+00   6.8533200e-01   8.2331900e-01   2.7228048e+00   1.0000000e+00
   8.2000000e+01   1.0000000e+00   6.8506300e-01   8.2331900e-01   2.7228048e+00   0.0000000e+00
   8.3000000e+01   0.0000000e+00   8.7186300e-01   8.2331900e-01   2.7228048e+00   0.0000000e+00
   8.4000000e+01   0.0000000e+00   1.1580690e+00   8.2331900e-01   2.7228048e+00   1.0000000e+00
   8.5000000e+01   1.0000000e+00   4.4027200e-01   8.2331900e-01   2.7228048e+00   1.0000000e+00
   8.6000000e+01   0.0000000e+00   6.4704500e-01   8.2331900e-01   2.7228048e+00   1.0000000e+00
   8.7000000e+01   0.0000000e+00   8.2512900e-01   8.2331900e-01   2.7228048e+00   1.0000000e+00
   8.8000000e+01   0.0000000e+00   5.1912400e-01   8.2331900e-01   2.7228048e+00   1.0000000e+00
   8.9000000e+01   1.0000000e+00   1.0100650e+00   8.2331900e-01   2.7228048e+00   0.0000000e+00
   9.0000000e+01   0.0000000e+00   6.1974000e-01   8.2331900e-01   2.7228048e+00   0.0000000e+00
   9.1000000e+01   0.0000000e+00   7.6852600e-01   8.2331900e-01   2.7228048e+00   1.0000000e+00
   9.2000000e+01   0.0000000e+00   4.7191700e-01   8.2331900e-01   2.7228048e+00   0.0000000e+00
   9.3000000e+01   0.0000000e+00   6.7099000e-01   8.2331900e-01   2.7228048e+00   1.0000000e+00
   9.4000000e+01   0.0000000e+00   4.9215000e-01   8.2331900e-01   2.7228048e+00   1.0000000e+00
   9.5000000e+01   0.0000000e+00   5.0768200e-01   8.2331900e-01   2.7228048e+00   1.0000000e+00
   9.6000000e+01   1.0000000e+00   1.8503080e+00   8.2331900e-01   2.7228048e+00   1.0000000e+00
   9.7000000e+01   0.0000000e+00   1.4971490e+00   8.2331900e-01   2.7228048e+00   0.0000000e+00
   9.8000000e+01   1.0000000e+00   5.8789600e-01   8.2331900e-01   2.7228048e+00   0.0000000e+00
   9.9000000e+01   0.0000000e+00   1.1616160e+00   8.2331900e-01   2.7228048e+00   0.0000000e+00
   1.0000000e+02   0.0000000e+00   5.7185200e-01   8.2331900e-01   2.7228048e+00   1.0000000e+00
   1.0100000e+02   0.0000000e+00   1.1412240e+00   8.2331900e-01   2.7228048e+00   0.0000000e+00
   1.0200000e+02   1.0000000e+00   4.4002900e-01   8.2331900e-01   2.7228048e+00   0.0000000e+00
   1.0300000e+02   0.0000000e+00   1.3070810e+00   8.2331900e-01   2.7228048e+00   1.0000000e+00
   1.0400000e+02   0.0000000e+00   1.3904740e+00   8.2331900e-01   2.7228048e+00   0.0000000e+00
   1.0500000e+02   0.0000000e+00   5.8918700e-01   8.2331900e-01   2.7228048e+00   1.0000000e+00
   1.0600000e+02   0.0000000e+00   9.8955800e-01   8.2331900e-01   2.7228048e+00   1.0000000e+00
   1.0700000e+02   1.0000000e+00   1.6250510e+00   8.2331900e-01   2.7228048e+00   1.0000000e+00
   1.0800000e+02   0.0000000e+00   4.5288600e-01   8.2331900e-01   2.7228048e+00   0.0000000e+00
   1.0900000e+02   0.0000000e+00   5.7613800e-01   8.2331900e-01   2.7228048e+00   1.0000000e+00
   1.1000000e+02   0.0000000e+00   4.6435400e-01   8.2331900e-01   2.7228048e+00   0.0000000e+00
   1.1100000e+02   0.0000000e+00   5.1832700e-01   8.2331900e-01   2.7228048e+00   0.0000000e+00
   1.1200000e+02   1.0000000e+00   9.3359700e-01   8.2331900e-01   2.7228048e+00   0.0000000e+00
   1.1300000e+02   0.0000000e+00   7.5907600e-01   8.2331900e-01   2.7228048e+00   1.0000000e+00
   1.1400000e+02   0.0000000e+00   6.9947500e-01   8.2331900e-01   2.7228048e+00   1.0000000e+00
   1.1500000e+02   1.0000000e+00   7.9444600e-01   8.2331900e-01   2.7228048e+00   1.0000000e+00
   1.1600000e+02   0.0000000e+00   4.9707200e-01   8.2331900e-01   2.7228048e+00   0.0000000e+00
   1.1700000e+02   0.0000000e+00   4.9684200e-01   8.2331900e-01   2.7228048e+00   0.0000000e+00
   1.1800000e+02   0.0000000e+00   1.0016750e+00   8.2331900e-01   2.7228048e+00   1.0000000e+00
   1.1900000e+02   0.0000000e+00   5.7807200e-01   8.2331900e-01   2.7228048e+00   1.0000000e+00
   1.2000000e+02   0.0000000e+00   1.6115940e+00   8.2331900e-01   2.7228048e+00   1.0000000e+00
   1.2100000e+02   1.0000000e+00   1.0781280e+00   8.2331900e-01   2.7228048e+00   1.0000000e+00
   1.2200000e+02   0.0000000e+00   4.7072200e-01   8.2331900e-01   2.7228048e+00   0.0000000e+00
   1.2300000e+02   0.0000000e+00   8.4814200e-01   8.2331900e-01   2.7228048e+00   0.0000000e+00
   1.2400000e+02   0.0000000e+00   1.1527260e+00   8.2331900e-01   2.7228048e+00   0.0000000e+00
   1.2500000e+02   1.0000000e+00   1.1024940e+00   8.2331900e-01   2.7228048e+00   0.0000000e+00
   1.2600000e+02   0.0000000e+00   4.8776500e-01   8.2331900e-01   2.7228048e+00   0.0000000e+00
   1.2700000e+02   1.0000000e+00   4.8200800e-01   8.2331900e-01   2.7228048e+00   1.0000000e+00
   1.2800000e+02   0.0000000e+00   5.9801100e-01   8.2331900e-01   2.7228048e+00   0.0000000e+00
   1.2900000e+02   0.0000000e+00   9.3784500e-01   8.2331900e-01   2.7228048e+00   1.0000000e+00
   1.3000000e+02   0.0000000e+00   1.3347120e+00   8.2331900e-01   2.7228048e+00   0.0000000e+00
   1.3100000e+02   1.0000000e+00   1.9695920e+00   8.2331900e-01   2.7228048e+00   0.0000000e+00
   1.3200000e+02   0.0000000e+00   2.5869770e+00   8.2331900e-01   2.7228048e+00   0.0000000e+00
   1.3300000e+02   0.0000000e+00   5.9195900e-01   8.2331900e-01   2.7228048e+00   1.0000000e+00
   1.3400000e+02   0.0000000e+00   1.7644360e+00   8.2331900e-01   2.7228048e+00   1.0000000e+00
   1.3500000e+02   1.0000000e+00   1.8621530e+00   8.2331900e-01   2.7228048e+00   0.0000000e+00
   1.3600000e+02   1.0000000e+00   5.0036700e-01   8.2331900e-01   2.7228048e+00   1.0000000e+00
