   1.0000000e+00   0.0000000e+00   1.0335200e+00   8.1910400e-01   3.0147786e+00   0.0000000e+00
   2.0000000e+00   0.0000000e+00   6.9620300e-01   8.1910400e-01   3.0147786e+00   1.0000000e+00
   3.0000000e+00   0.0000000e+00   8.3747300e-01   8.1910400e-01   3.0147786e+00   1.0000000e+00
   4.0000000e+00   1.0000000e+00   5.8080500e-01   8.1910400e-01   3.0147786e+00   0.0000000e+00
   5.0000000e+00   0.0000000e+00   9.4160000e-01   8.1910400e-01   3.0147786e+00   0.0000000e+00
   6.0000000e+00   0.0000000e+00   1.2204860e+00   8.1910400e-01   3.0147786e+00   0.0000000e+00
   7.0000000e+00   1.0000000e+00   6.6350300e-01   8.1910400e-01   3.0147786e+00   1.0000000e+00
   8.0000000e+00   0.0000000e+00   1.2472260e+00   8.1910400e-01   3.0147786e+00   1.0000000e+00
   9.0000000e+00   0.0000000e+00   1.4752830e+00   8.1910400e-01   3.0147786e+00   1.0000000e+00
   1.0000000e+01   0.0000000e+00   5.7025600e-01   8.1910400e-01   3.0147786e+00   0.0000000e+00
   1.1000000e+01   0.0000000e+00   6.8024800e-01   8.1910400e-01   3.0147786e+00   1.0000000e+00
   1.2000000e+01   0.0000000e+00   5.6475800e-01   8.1910400e-01   3.0147786e+00   0.0000000e+00
   1.3000000e+01   1.0000000e+00   4.5596700e-01   8.1910400e-01   3.0147786e+00   0.0000000e+00
   1.4000000e+01   0.0000000e+00   5.0199500e-01   8.1910400e-01   3.0147786e+00   1.0000000e+00
   1.5000000e+01   0.0000000e+00   1.0071730e+00   8.1910400e-01   3.0147786e+00   1.0000000e+00
   1.6000000e+01   0.0000000e+00   1.2333250e+00   8.1910400e-01   3.0147786e+00   0.0000000e+00
   1.7000000e+01   1.0000000e+00   5.9475200e-01   8.1910400e-01   3.0147786e+00   1.0000000e+00
   1.8000000e+01   1.0000000e+00   4.5823100e-01   8.1910400e-01   3.0147786e+00   1.0000000e+00
   1.9000000e+01   0.0000000e+00   1.0388910e+00   8.1910400e-01   3.0147786e+00   1.0000000e+00
   2.0000000e+01   1.0000000e+00   5.3646000e-01   8.1910400e-01   3.0147786e+00   0.0000000e+00
   2.1000000e+01   0.0000000e+00   5.1210000e-01   8.1910400e-01   3.0147786e+00   0.0000000e+00
   2.2000000e+01   0.0000000e+00   6.5782900e-01   8.1910400e-01   3.0147786e+00   1.0000000e+00
   2.3000000e+01   0.0000000e+00   4.9944500e-01   8.1910400e-01   3.0147786e+00   1.0000000e+00
   2.4000000e+01   0.0000000e+00   5.1434200e-01   8.1910400e-01   3.0147786e+00   0.0000000e+00
   2.5000000e+01   0.0000000e+00   1.8310400e+00   8.1910400e-01   3.0147786e+00   1.0000000e+00
   2.6000000e+01   1.0000000e+00   8.7311200e-01   8.1910400e-01   3.0147786e+00   1.0000000e+00
   2.7000000e+01   0.0000000e+00   2.8355660e+00   8.1910400e-01   3.0147786e+00   0.0000000e+00
   2.8000000e+01   0.0000000e+00   5.6010400e-01   8.1910400e-01   3.0147786e+00   1.0000000e+00
   2.9000000e+01   0.0000000e+00   7.4824500e-01   8.1910400e-01   3.0147786e+00   0.0000000e+00
   3.0000000e+01   1.0000000e+00   6.6665300e-01   8.1910400e-01   3.0147786e+00   0.0000000e+00
   3.1000000e+01   0.0000000e+00   7.0619000e-01   8.1910400e-01   3.0147786e+00   0.0000000e+00
   3.2000000e+01   0.0000000e+00   6.3357600e-01   8.1910400e-01   3.0147786e+00   0.0000000e+00
   3.3000000e+01   0.0000000e+00   5.0118400e-01   8.1910400e-01   3.0147786e+00   0.0000000e+00
   3.4000000e+01   1.0000000e+00   1.9085230e+00   8.1910400e-01   3.0147786e+00   1.0000000e+00
   3.5000000e+01   0.0000000e+00   8.4985900e-01   8.1910400e-01   3.0147786e+00   1.0000000e+00
   3.6000000e+01   0.0000000e+00   9.0351100e-01   8.1910400e-01   3.0147786e+00   1.0000000e+00
   3.7000000e+01   0.0000000e+00   8.7476200e-01   8.1910400e-01   3.0147786e+00   0.0000000e+00
   3.8000000e+01   0.0000000e+00   1.0295600e+00   8.1910400e-01   3.0147786e+00   0.0000000e+00
   3.9000000e+01   0.0000000e+00   1.1882710e+00   8.1910400e-01   3.0147786e+00   0.0000000e+00
   4.0000000e+01   0.0000000e+00   8.6152500e-01   8.1910400e-01   3.0147786e+00   0.0000000e+00
   4.1000000e+01   1.0000000e+00   7.9310300e-01   8.1910400e-01   3.0147786e+00   0.0000000e+00
   4.2000000e+01   0.0000000e+00   1.6384730e+00   8.1910400e-01   3.0147786e+00   1.0000000e+00
   4.3000000e+01   1.0000000e+00   5.9765200e-01   8.1910400e-01   3.0147786e+00   0.0000000e+00
   4.4000000e+01   0.0000000e+00   7.4164100e-01   8.1910400e-01   3.0147786e+00   1.0000000e+00
   4.5000000e+01   0.0000000e+00   7.4695100e-01   8.1910400e-01   3.0147786e+00   1.0000000e+00
   4.6000000e+01   1.0000000e+00   9.2946300e-01   8.1910400e-01   3.0147786e+00   1.0000000e+00
   4.7000000e+01   0.0000000e+00   8.9956800e-01   8.1910400e-01   3.0147786e+00   1.0000000e+00
   4.8000000e+01   0.0000000e+00   6.6953900e-01   8.1910400e-01   3.0147786e+00   0.0000000e+00
   4.9000000e+01   0.0000000e+00   5.5850000e-01   8.1910400e-01   3.0147786e+00   0.0000000e+00
   5.0000000e+01   0.0000000e+00   4.5855200e-01   8.1910400e-01   3.0147786e+00   1.0000000e+00
   5.1000000e+01   1.0000000e+00   1.7809770e+00   8.1910400e-01   3.0147786e+00   0.0000000e+00
   5.2000000e+01   0.0000000e+00   4.4919400e-01   8.1910400e-01   3.0147786e+00   1.0000000e+00
   5.3000000e+01   1.0000000e+00   6.6231600e-01   8.1910400e-01   3.0147786e+00   1.0000000e+00
   5.4000000e+01   0.0000000e+00   5.0323800e-01   8.1910400e-01   3.0147786e+00   1.0000000e+00
   5.5000000e+01   0.0000000e+00   7.9869900e-01   8.1910400e-01   3.0147786e+00   1.0000000e+00
   5.6000000e+01   1.0000000e+00   5.3888600e-01   8.1910400e-01   3.0147786e+00   1.0000000e+00
   5.7000000e+01   0.0000000e+00   7.6483900e-01   8.1910400e-01   3.0147786e+00   0.0000000e+00
   5.8000000e+01   1.0000000e+00   6.2043600e-01   8.1910400e-01   3.0147786e+00   0.0000000e+00
   5.9000000e+01   0.0000000e+00   1.1846980e+00   8.1910400e-01   3.0147786e+00   0.0000000e+00
   6.0000000e+01   0.0000000e+00   9.9604400e-01   8.1910400e-01   3.0147786e+00   1.0000000e+00
   6.1000000e+01   0.0000000e+00   9.2543600e-01   8.1910400e-01   3.0147786e+00   0.0000000e+00
   6.2000000e+01   0.0000000e+00   4.9254800e-01   8.1910400e-01   3.0147786e+00   0.0000000e+00
   6.3000000e+01   1.0000000e+00   1.0317030e+00   8.1910400e-01   3.0147786e+00   1.0000000e+00
   6.4000000e+01   0.0000000e+00   9.9227100e-01   8.1910400e-01   3.0147786e+00   1.0000000e+00
   6.5000000e+01   1.0000000e+00   1.3786940e+00   8.1910400e-01   3.0147786e+00   0.0000000e+00
   6.6000000e+01   0.0000000e+00   7.6804400e-01   8.1910400e-01   3.0147786e+00   0.0000000e+00
   6.7000000e+01   0.0000000e+00   1.3062910e+00   8.1910400e-01   3.0147786e+00   1.0000000e+00
   6.8000000e+01   0.0000000e+00   4.4618900e-01   8.1910400e-01   3.0147786e+00   0.0000000e+00
   6.9000000e+01   0.0000000e+00   2.7285370e+00   8.1910400e-01   3.0147786e+00   0.0000000e+00
   7.0000000e+01   1.0000000e+00   1.3633530e+00   8.1910400e-01   3.0147786e+00   0.0000000e+00
   7.1000000e+01   0.0000000e+00   6.7469600e-01   8.1910400e-01   3.0147786e+00   1.0000000e+00
   7.2000000e+01   0.0000000e+00   1.3663960e+00   8.1910400e-01   3.0147786e+00   0.0000000e+00
   7.3000000e+01   0.0000000e+00   1.0047810e+00   8.1910400e-01   3.0147786e+00   0.0000000e+00
   7.4000000e+01   0.0000000e+00   1.2898450e+00   8.1910400e-01   3.0147786e+00   0.0000000e+00
   7.5000000e+01   1.0000000e+00   8.0380600e-01   8.1910400e-01   3.0147786e+00   1.0000000e+00
   7.6000000e+01   1.0000000e+00   1.1852200e+00   8.1910400e-01   3.0147786e+00   1.0000000e+00
   7.7000000e+01   0.0000000e+00   7.0498000e-01   8.1910400e-01   3.0147786e+00   1.0000000e+00
   7.8000000e+01   0.0000000e+00   6.6370600e-01   8.1910400e-01   3.0147786e+00   0.0000000e+00
   7.9000000e+01   1.0000000e+00   4.5551500e-01   8.1910400e-01   3.0147786e+00   0.0000000e+00
   8.0000000e+01   1.0000000e+00   1.1609810e+00   8.1910400e-01   3.0147786e+00   1.0000000e+00
   8.1000000e+01   0.0000000e+00   8.5842300e-01   8.1910400e-01   3.0147786e+00   0.0000000e+00
   8.2000000e+01   1.0000000e+00   1.7371610e+00   8.1910400e-01   3.0147786e+00   0.0000000e+00
   8.3000000e+01   0.0000000e+00   5.2355400e-01   8.1910400e-01   3.0147786e+00   1.0000000e+00
   8.4000000e+01   0.0000000e+00   8.6462500e-01   8.1910400e-01   3.0147786e+00   1.0000000e+00
   8.5000000e+01   0.0000000e+00   8.9983800e-01   8.1910400e-01   3.0147786e+00   1.0000000e+00
   8.6000000e+01   1.0000000e+00   2.1484450e+00   8.1910400e-01   3.0147786e+00   0.0000000e+00
   8.7000000e+01   0.0000000e+00   1.1299410e+00   8.1910400e-01   3.0147786e+00   0.0000000e+00
   8.8000000e+01   0.0000000e+00   5.8164200e-01   8.1910400e-01   3.0147786e+00   1.0000000e+00
   8.9000000e+01   0.0000000e+00   9.1294800e-01   8.1910400e-01   3.0147786e+00   1.0000000e+00
   9.0000000e+01   0.0000000e+00   8.1566300e-01   8.1910400e-01   3.0147786e+00   1.0000000e+00
   9.1000000e+01   1.0000000e+00   6.6680000e-01   8.1910400e-01   3.0147786e+00   1.0000000e+00
   9.2000000e+01   0.0000000e+00   7.4109400e-01   8.1910400e-01   3.0147786e+00   0.0000000e+00
   9.3000000e+01   1.0000000e+00   5.8325200e-01   8.1910400e-01   3.0147786e+00   0.0000000e+00
   9.4000000e+01   0.0000000e+00   1.1237000e+00   8.1910400e-01   3.0147786e+00   1.0000000e+00
   9.5000000e+01   0.0000000e+00   4.6532200e-01   8.1910400e-01   3.0147786e+00   0.0000000e+00
   9.6000000e+01   1.0000000e+00   2.0620050e+00   8.1910400e-01   3.0147786e+00   1.0000000e+00
   9.7000000e+01   0.0000000e+00   8.6932400e-01   8.1910400e-01   3.0147786e+00   0.0000000e+00
   9.8000000e+01   1.0000000e+00   6.4676500e-01   8.1910400e-01   3.0147786e+00   0.0000000e+00
   9.9000000e+01   0.0000000e+00   5.6383300e-01   8.1910400e-01   3.0147786e+00   0.0000000e+00
   1.0000000e+02   0.0000000e+00   1.3099160e+00   8.1910400e-01   3.0147786e+00   1.0000000e+00
   1.0100000e+02   0.0000000e+00   5.9256000e-01   8.1910400e-01   3.0147786e+00   1.0000000e+00
   1.0200000e+02   1.0000000e+00   7.0243600e-01   8.1910400e-01   3.0147786e+00   1.0000000e+00
   1.0300000e+02   0.0000000e+00   8.8412000e-01   8.1910400e-01   3.0147786e+00   1.0000000e+00
   1.0400000e+02   0.0000000e+00   9.1252900e-01   8.1910400e-01   3.0147786e+00   0.0000000e+00
   1.0500000e+02   0.0000000e+00   9.0298100e-01   8.1910400e-01   3.0147786e+00   1.0000000e+00
   1.0600000e+02   1.0000000e+00   4.5321800e-01   8.1910400e-01   3.0147786e+00   1.0000000e+00
   1.0700000e+02   0.0000000e+00   8.3697200e-01   8.1910400e-01   3.0147786e+00   1.0000000e+00
   1.0800000e+02   0.0000000e+00   5.9792700e-01   8.1910400e-01   3.0147786e+00   0.0000000e+00
   1.0900000e+02   0.0000000e+00   1.3713010e+00   8.1910400e-01   3.0147786e+00   0.0000000e+00
   1.1000000e+02   0.0000000e+00   1.5894170e+00   8.1910400e-01   3.0147786e+00   0.0000000e+00
   1.1100000e+02   1.0000000e+00   7.0970000e-01   8.1910400e-01   3.0147786e+00   0.0000000e+00
   1.1200000e+02   0.0000000e+00   4.5439500e-01   8.1910400e-01   3.0147786e+00   0.0000000e+00
   1.1300000e+02   1.0000000e+00   8.0404200e-01   8.1910400e-01   3.0147786e+00   1.0000000e+00
   1.1400000e+02   0.0000000e+00   5.4029400e-01   8.1910400e-01   3.0147786e+00   1.0000000e+00
   1.1500000e+02   0.0000000e+00   1.5050530e+00   8.1910400e-01   3.0147786e+00   1.0000000e+00
   1.1600000e+02   0.0000000e+00   6.0866200e-01   8.1910400e-01   3.0147786e+00   0.0000000e+00
   1.1700000e+02   0.0000000e+00   9.3361000e-01   8.1910400e-01   3.0147786e+00   0.0000000e+00
   1.1800000e+02   0.0000000e+00   1.7501620e+00   8.1910400e-01   3.0147786e+00   0.0000000e+00
   1.1900000e+02   0.0000000e+00   5.2091200e-01   8.1910400e-01   3.0147786e+00   0.0000000e+00
   1.2000000e+02   1.0000000e+00   6.2561200e-01   8.1910400e-01   3.0147786e+00   0.0000000e+00
   1.2100000e+02   0.0000000e+00   7.3654000e-01   8.1910400e-01   3.0147786e+00   1.0000000e+00
   1.2200000e+02   1.0000000e+00   8.0894600e-01   8.1910400e-01   3.0147786e+00   0.0000000e+00
   1.2300000e+02   0.0000000e+00   4.6306300e-01   8.1910400e-01   3.0147786e+00   1.0000000e+00
   1.2400000e+02   0.0000000e+00   4.7678100e-01   8.1910400e-01   3.0147786e+00   1.0000000e+00
   1.2500000e+02   0.0000000e+00   4.8166700e-01   8.1910400e-01   3.0147786e+00   0.0000000e+00
   1.2600000e+02   1.0000000e+00   1.2361240e+00   8.1910400e-01   3.0147786e+00   1.0000000e+00
   1.2700000e+02   0.0000000e+00   2.4355410e+00   8.1910400e-01   3.0147786e+00   1.0000000e+00
   1.2800000e+02   1.0000000e+00   1.8798820e+00   8.1910400e-01   3.0147786e+00   0.0000000e+00
   1.2900000e+02   0.0000000e+00   9.7144100e-01   8.1910400e-01   3.0147786e+00   1.0000000e+00
   1.3000000e+02   0.0000000e+00   7.1190300e-01   8.1910400e-01   3.0147786e+00   0.0000000e+00
   1.3100000e+02   0.0000000e+00   6.6261300e-01   8.1910400e-01   3.0147786e+00   1.0000000e+00
   1.3200000e+02   0.0000000e+00   6.4181000e-01   8.1910400e-01   3.0147786e+00   1.0000000e+00
   1.3300000e+02   1.0000000e+00   8.0550200e-01   8.1910400e-01   3.0147786e+00   1.0000000e+00
   1.3400000e+02   0.0000000e+00   2.4509200e+00   8.1910400e-01   3.0147786e+00   0.0000000e+00
   1.3500000e+02   1.0000000e+00   2.5079790e+00   8.1910400e-01   3.0147786e+00   1.0000000e+00
   1.3600000e+02   1.0000000e+00   5.1982700e-01   8.1910400e-01   3.0147786e+00   0.0000000e+00
