   1.0000000e+00   0.0000000e+00   6.9198000e-01   8.3666300e-01   3.1014292e+00   1.0000000e+00
   2.0000000e+00   0.0000000e+00   4.8050200e-01   8.3666300e-01   3.1014292e+00   1.0000000e+00
   3.0000000e+00   0.0000000e+00   5.3438500e-01   8.3666300e-01   3.1014292e+00   0.0000000e+00
   4.0000000e+00   0.0000000e+00   2.2531670e+00   8.3666300e-01   3.1014292e+00   0.0000000e+00
   5.0000000e+00   0.0000000e+00   9.9205400e-01   8.3666300e-01   3.1014292e+00   0.0000000e+00
   6.0000000e+00   1.0000000e+00   4.9593600e-01   8.3666300e-01   3.1014292e+00   0.0000000e+00
   7.0000000e+00   0.0000000e+00   5.4890100e-01   8.3666300e-01   3.1014292e+00   1.0000000e+00
   8.0000000e+00   1.0000000e+00   6.8855700e-01   8.3666300e-01   3.1014292e+00   1.0000000e+00
   9.0000000e+00   0.0000000e+00   5.7026800e-01   8.3666300e-01   3.1014292e+00   1.0000000e+00
   1.0000000e+01   0.0000000e+00   6.0512400e-01   8.3666300e-01   3.1014292e+00   0.0000000e+00
   1.1000000e+01   0.0000000e+00   5.5676800e-01   8.3666300e-01   3.1014292e+00   0.0000000e+00
   1.2000000e+01   0.0000000e+00   6.1810400e-01   8.3666300e-01   3.1014292e+00   0.0000000e+00
   1.3000000e+01   1.0000000e+00   6.7042200e-01   8.3666300e-01   3.1014292e+00   0.0000000e+00
   1.4000000e+01   0.0000000e+00   6.4218100e-01   8.3666300e-01   3.1014292e+00   1.0000000e+00
   1.5000000e+01   1.0000000e+00   5.9973800e-01   8.3666300e-01   3.1014292e+00   1.0000000e+00
   1.6000000e+01   0.0000000e+00   4.3562200e-01   8.3666300e-01   3.1014292e+00   1.0000000e+00
   1.7000000e+01   0.0000000e+00   2.1584650e+00   8.3666300e-01   3.1014292e+00   0.0000000e+00
   1.8000000e+01   1.0000000e+00   5.2644700e-01   8.3666300e-01   3.1014292e+00   1.0000000e+00
   1.9000000e+01   1.0000000e+00   4.8553900e-01   8.3666300e-01   3.1014292e+00   0.0000000e+00
   2.0000000e+01   0.0000000e+00   5.0610000e-01   8.3666300e-01   3.1014292e+00   1.0000000e+00
   2.1000000e+01   0.0000000e+00   2.3112910e+00   8.3666300e-01   3.1014292e+00   1.0000000e+00
   2.2000000e+01   0.0000000e+00   7.5779900e-01   8.3666300e-01   3.1014292e+00   0.0000000e+00
   2.3000000e+01   0.0000000e+00   7.5635600e-01   8.3666300e-01   3.1014292e+00   0.0000000e+00
   2.4000000e+01   0.0000000e+00   5.5650800e-01   8.3666300e-01   3.1014292e+00   0.0000000e+00
   2.5000000e+01   0.0000000e+00   1.0119590e+00   8.3666300e-01   3.1014292e+00   1.0000000e+00
   2.6000000e+01   0.0000000e+00   1.3897680e+00   8.3666300e-01   3.1014292e+00   1.0000000e+00
   2.7000000e+01   1.0000000e+00   9.0631800e-01   8.3666300e-01   3.1014292e+00   1.0000000e+00
   2.8000000e+01   0.0000000e+00   1.0195090e+00   8.3666300e-01   3.1014292e+00   0.0000000e+00
   2.9000000e+01   0.0000000e+00   2.9650170e+00   8.3666300e-01   3.1014292e+00   0.0000000e+00
   3.0000000e+01   0.0000000e+00   6.0403700e-01   8.3666300e-01   3.1014292e+00   1.0000000e+00
   3.1000000e+01   1.0000000e+00   5.9818600e-01   8.3666300e-01   3.1014292e+00   0.0000000e+00
   3.2000000e+01   0.0000000e+00   9.7689500e-01   8.3666300e-01   3.1014292e+00   0.0000000e+00
   3.3000000e+01   0.0000000e+00   5.4805500e-01   8.3666300e-01   3.1014292e+00   1.0000000e+00
   3.4000000e+01   1.0000000e+00   7.5799400e-01   8.3666300e-01   3.1014292e+00   1.0000000e+00
   3.5000000e+01   1.0000000e+00   4.6199400e-01   8.3666300e-01   3.1014292e+00   0.0000000e+00
   3.6000000e+01   0.0000000e+00   4.5896800e-01   8.3666300e-01   3.1014292e+00   0.0000000e+00
   3.7000000e+01   1.0000000e+00   5.9124900e-01   8.3666300e-01   3.1014292e+00   0.0000000e+00
   3.8000000e+01   0.0000000e+00   8.6454700e-01   8.3666300e-01   3.1014292e+00   0.0000000e+00
   3.9000000e+01   0.0000000e+00   7.0633000e-01   8.3666300e-01   3.1014292e+00   1.0000000e+00
   4.0000000e+01   1.0000000e+00   9.5024200e-01   8.3666300e-01   3.1014292e+00   1.0000000e+00
   4.1000000e+01   0.0000000e+00   6.6602000e-01   8.3666300e-01   3.1014292e+00   0.0000000e+00
   4.2000000e+01   0.0000000e+00   2.8147220e+00   8.3666300e-01   3.1014292e+00   1.0000000e+00
   4.3000000e+01   0.0000000e+00   7.6622600e-01   8.3666300e-01   3.1014292e+00   0.0000000e+00
   4.4000000e+01   0.0000000e+00   7.9689000e-01   8.3666300e-01   3.1014292e+00   0.0000000e+00
   4.5000000e+01   1.0000000e+00   9.6328600e-01   8.3666300e-01   3.1014292e+00   0.0000000e+00
   4.6000000e+01   0.0000000e+00   1.7227010e+00   8.3666300e-01   3.1014292e+00   0.0000000e+00
   4.7000000e+01   0.0000000e+00   2.3206140e+00   8.3666300e-01   3.1014292e+00   1.0000000e+00
   4.8000000e+01   0.0000000e+00   4.8892800e-01   8.3666300e-01   3.1014292e+00   1.0000000e+00
   4.9000000e+01   1.0000000e+00   6.5951200e-01   8.3666300e-01   3.1014292e+00   1.0000000e+00
   5.0000000e+01   1.0000000e+00   6.9797400e-01   8.3666300e-01   3.1014292e+00   1.0000000e+00
   5.1000000e+01   0.0000000e+00   1.7536450e+00   8.3666300e-01   3.1014292e+00   0.0000000e+00
   5.2000000e+01   0.0000000e+00   1.1322000e+00   8.3666300e-01   3.1014292e+00   1.0000000e+00
   5.3000000e+01   1.0000000e+00   8.1358400e-01   8.3666300e-01   3.1014292e+00   0.0000000e+00
   5.4000000e+01   0.0000000e+00   8.3506300e-01   8.3666300e-01   3.1014292e+00   0.0000000e+00
   5.5000000e+01   1.0000000e+00   1.5770860e+00   8.3666300e-01   3.1014292e+00   1.0000000e+00
   5.6000000e+01   0.0000000e+00   6.4828600e-01   8.3666300e-01   3.1014292e+00   0.0000000e+00
   5.7000000e+01   0.0000000e+00   6.6052100e-01   8.3666300e-01   3.1014292e+00   1.0000000e+00
   5.8000000e+01   0.0000000e+00   1.1400030e+00   8.3666300e-01   3.1014292e+00   1.0000000e+00
   5.9000000e+01   0.0000000e+00   7.0311800e-01   8.3666300e-01   3.1014292e+00   1.0000000e+00
   6.0000000e+01   1.0000000e+00   5.4717200e-01   8.3666300e-01   3.1014292e+00   0.0000000e+00
   6.1000000e+01   0.0000000e+00   4.4290800e-01   8.3666300e-01   3.1014292e+00   0.0000000e+00
   6.2000000e+01   1.0000000e+00   1.2722740e+00   8.3666300e-01   3.1014292e+00   0.0000000e+00
   6.3000000e+01   0.0000000e+00   1.2329680e+00   8.3666300e-01   3.1014292e+00   1.0000000e+00
   6.4000000e+01   0.0000000e+00   9.1836000e-01   8.3666300e-01   3.1014292e+00   1.0000000e+00
   6.5000000e+01   0.0000000e+00   5.1816400e-01   8.3666300e-01   3.1014292e+00   1.0000000e+00
   6.6000000e+01   0.0000000e+00   6.7726000e-01   8.3666300e-01   3.1014292e+00   1.0000000e+00
   6.7000000e+01   1.0000000e+00   7.2051000e-01   8.3666300e-01   3.1014292e+00   1.0000000e+00
   6.8000000e+01   0.0000000e+00   5.8621500e-01   8.3666300e-01   3.1014292e+00   0.0000000e+00
   6.9000000e+01   1.0000000e+00   4.8617500e-01   8.3666300e-01   3.1014292e+00   1.0000000e+00
   7.0000000e+01   0.0000000e+00   5.6021300e-01   8.3666300e-01   3.1014292e+00   1.0000000e+00
   7.1000000e+01   0.0000000e+00   4.7201800e-01   8.3666300e-01   3.1014292e+00   1.0000000e+00
   7.2000000e+01   1.0000000e+00   6.7452400e-01   8.3666300e-01   3.1014292e+00   0.0000000e+00
   7.3000000e+01   0.0000000e+00   7.1367300e-01   8.3666300e-01   3.1014292e+00   0.0000000e+00
   7.4000000e+01   0.0000000e+00   1.0487280e+00   8.3666300e-01   3.1014292e+00   0.0000000e+00
   7.5000000e+01   1.0000000e+00   6.7490300e-01   8.3666300e-01   3.1014292e+00   1.0000000e+00
   7.6000000e+01   0.0000000e+00   6.2361100e-01   8.3666300e-01   3.1014292e+00   0.0000000e+00
   7.7000000e+01   1.0000000e+00   8.4895400e-01   8.3666300e-01   3.1014292e+00   0.0000000e+00
   7.8000000e+01   0.0000000e+00   1.4037760e+00   8.3666300e-01   3.1014292e+00   1.0000000e+00
   7.9000000e+01   1.0000000e+00   1.3083600e+00   8.3666300e-01   3.1014292e+00   0.0000000e+00
   8.0000000e+01   0.0000000e+00   6.6208200e-01   8.3666300e-01   3.1014292e+00   0.0000000e+00
   8.1000000e+01   0.0000000e+00   4.8361200e-01   8.3666300e-01   3.1014292e+00   0.0000000e+00
   8.2000000e+01   0.0000000e+00   4.3967500e-01   8.3666300e-01   3.1014292e+00   1.0000000e+00
   8.3000000e+01   0.0000000e+00   5.3530400e-01   8.3666300e-01   3.1014292e+00   1.0000000e+00
   8.4000000e+01   0.0000000e+00   6.6649300e-01   8.3666300e-01   3.1014292e+00   1.0000000e+00
   8.5000000e+01   0.0000000e+00   1.0899870e+00   8.3666300e-01   3.1014292e+00   0.0000000e+00
   8.6000000e+01   1.0000000e+00   1.3647020e+00   8.3666300e-01   3.1014292e+00   1.0000000e+00
   8.7000000e+01   0.0000000e+00   9.0206900e-01   8.3666300e-01   3.1014292e+00   0.0000000e+00
   8.8000000e+01   1.0000000e+00   1.0761350e+00   8.3666300e-01   3.1014292e+00   0.0000000e+00
   8.9000000e+01   0.0000000e+00   9.8655500e-01   8.3666300e-01   3.1014292e+00   0.0000000e+00
   9.0000000e+01   1.0000000e+00   1.9285400e+00   8.3666300e-01   3.1014292e+00   1.0000000e+00
   9.1000000e+01   0.0000000e+00   7.2872000e-01   8.3666300e-01   3.1014292e+00   0.0000000e+00
   9.2000000e+01   1.0000000e+00   1.0783430e+00   8.3666300e-01   3.1014292e+00   0.0000000e+00
   9.3000000e+01   0.0000000e+00   8.4586800e-01   8.3666300e-01   3.1014292e+00   1.0000000e+00
   9.4000000e+01   0.0000000e+00   1.1708000e+00   8.3666300e-01   3.1014292e+00   0.0000000e+00
   9.5000000e+01   0.0000000e+00   1.8615670e+00   8.3666300e-01   3.1014292e+00   1.0000000e+00
   9.6000000e+01   1.0000000e+00   1.1313130e+00   8.3666300e-01   3.1014292e+00   1.0000000e+00
   9.7000000e+01   0.0000000e+00   1.1037460e+00   8.3666300e-01   3.1014292e+00   0.0000000e+00
   9.8000000e+01   0.0000000e+00   4.9672200e-01   8.3666300e-01   3.1014292e+00   0.0000000e+00
   9.9000000e+01   0.0000000e+00   2.2803760e+00   8.3666300e-01   3.1014292e+00   1.0000000e+00
   1.0000000e+02   0.0000000e+00   4.3582500e-01   8.3666300e-01   3.1014292e+00   1.0000000e+00
   1.0100000e+02   1.0000000e+00   9.9133400e-01   8.3666300e-01   3.1014292e+00   1.0000000e+00
   1.0200000e+02   0.0000000e+00   1.7314160e+00   8.3666300e-01   3.1014292e+00   1.0000000e+00
   1.0300000e+02   0.0000000e+00   5.6989100e-01   8.3666300e-01   3.1014292e+00   1.0000000e+00
   1.0400000e+02   1.0000000e+00   1.2506730e+00   8.3666300e-01   3.1014292e+00   0.0000000e+00
   1.0500000e+02   0.0000000e+00   1.2805570e+00   8.3666300e-01   3.1014292e+00   1.0000000e+00
   1.0600000e+02   0.0000000e+00   9.9706800e-01   8.3666300e-01   3.1014292e+00   1.0000000e+00
   1.0700000e+02   0.0000000e+00   4.8415600e-01   8.3666300e-01   3.1014292e+00   0.0000000e+00
   1.0800000e+02   0.0000000e+00   4.8890400e-01   8.3666300e-01   3.1014292e+00   0.0000000e+00
   1.0900000e+02   0.0000000e+00   1.2016300e+00   8.3666300e-01   3.1014292e+00   1.0000000e+00
   1.1000000e+02   1.0000000e+00   7.3092600e-01   8.3666300e-01   3.1014292e+00   1.0000000e+00
   1.1100000e+02   0.0000000e+00   2.2178390e+00   8.3666300e-01   3.1014292e+00   0.0000000e+00
   1.1200000e+02   1.0000000e+00   5.6491200e-01   8.3666300e-01   3.1014292e+00   0.0000000e+00
   1.1300000e+02   0.0000000e+00   1.0800510e+00   8.3666300e-01   3.1014292e+00   1.0000000e+00
   1.1400000e+02   1.0000000e+00   4.7796000e-01   8.3666300e-01   3.1014292e+00   0.0000000e+00
   1.1500000e+02   0.0000000e+00   1.5593990e+00   8.3666300e-01   3.1014292e+00   1.0000000e+00
   1.1600000e+02   0.0000000e+00   2.0279030e+00   8.3666300e-01   3.1014292e+00   0.0000000e+00
   1.1700000e+02   0.0000000e+00   1.0186840e+00   8.3666300e-01   3.1014292e+00   1.0000000e+00
   1.1800000e+02   0.0000000e+00   7.9475500e-01   8.3666300e-01   3.1014292e+00   1.0000000e+00
   1.1900000e+02   1.0000000e+00   7.3727700e-01   8.3666300e-01   3.1014292e+00   1.0000000e+00
   1.2000000e+02   0.0000000e+00   4.6913300e-01   8.3666300e-01   3.1014292e+00   1.0000000e+00
   1.2100000e+02   0.0000000e+00   8.4760300e-01   8.3666300e-01   3.1014292e+00   0.0000000e+00
   1.2200000e+02   0.0000000e+00   1.8156090e+00   8.3666300e-01   3.1014292e+00   0.0000000e+00
   1.2300000e+02   0.0000000e+00   6.1804400e-01   8.3666300e-01   3.1014292e+00   0.0000000e+00
   1.2400000e+02   0.0000000e+00   5.7415900e-01   8.3666300e-01   3.1014292e+00   0.0000000e+00
   1.2500000e+02   1.0000000e+00   8.5008600e-01   8.3666300e-01   3.1014292e+00   0.0000000e+00
   1.2600000e+02   0.0000000e+00   6.6967600e-01   8.3666300e-01   3.1014292e+00   1.0000000e+00
   1.2700000e+02   0.0000000e+00   1.1533900e+00   8.3666300e-01   3.1014292e+00   1.0000000e+00
   1.2800000e+02   0.0000000e+00   8.7969400e-01   8.3666300e-01   3.1014292e+00   1.0000000e+00
   1.2900000e+02   1.0000000e+00   4.3907500e-01   8.3666300e-01   3.1014292e+00   1.0000000e+00
   1.3000000e+02   0.0000000e+00   5.8887200e-01   8.3666300e-01   3.1014292e+00   1.0000000e+00
   1.3100000e+02   0.0000000e+00   1.1766040e+00   8.3666300e-01   3.1014292e+00   0.0000000e+00
   1.3200000e+02   0.0000000e+00   5.3860500e-01   8.3666300e-01   3.1014292e+00   0.0000000e+00
   1.3300000e+02   0.0000000e+00   1.6872560e+00   8.3666300e-01   3.1014292e+00   0.0000000e+00
   1.3400000e+02   0.0000000e+00   6.5325800e-01   8.3666300e-01   3.1014292e+00   0.0000000e+00
   1.3500000e+02   1.0000000e+00   5.0140100e-01   8.3666300e-01   3.1014292e+00   1.0000000e+00
   1.3600000e+02   1.0000000e+00   1.0793420e+00   8.3666300e-01   3.1014292e+00   0.0000000e+00
