   1.0000000e+00   0.0000000e+00   8.7875100e-01   8.2490900e-01   2.9211887e+00   0.0000000e+00
   2.0000000e+00   0.0000000e+00   1.0426430e+00   8.2490900e-01   2.9211887e+00   1.0000000e+00
   3.0000000e+00   0.0000000e+00   1.1577180e+00   8.2490900e-01   2.9211887e+00   0.0000000e+00
   4.0000000e+00   1.0000000e+00   1.0705490e+00   8.2490900e-01   2.9211887e+00   1.0000000e+00
   5.0000000e+00   0.0000000e+00   6.5583700e-01   8.2490900e-01   2.9211887e+00   1.0000000e+00
   6.0000000e+00   1.0000000e+00   1.0532370e+00   8.2490900e-01   2.9211887e+00   0.0000000e+00
   7.0000000e+00   0.0000000e+00   1.4414480e+00   8.2490900e-01   2.9211887e+00   0.0000000e+00
   8.0000000e+00   0.0000000e+00   5.2331400e-01   8.2490900e-01   2.9211887e+00   1.0000000e+00
   9.0000000e+00   0.0000000e+00   1.5425540e+00   8.2490900e-01   2.9211887e+00   0.0000000e+00
   1.0000000e+01   0.0000000e+00   7.9165900e-01   8.2490900e-01   2.9211887e+00   1.0000000e+00
   1.1000000e+01   1.0000000e+00   5.6297100e-01   8.2490900e-01   2.9211887e+00   1.0000000e+00
   1.2000000e+01   0.0000000e+00   8.1550400e-01   8.2490900e-01   2.9211887e+00   0.0000000e+00
   1.3000000e+01   0.0000000e+00   1.5332370e+00   8.2490900e-01   2.9211887e+00   1.0000000e+00
   1.4000000e+01   0.0000000e+00   7.3627600e-01   8.2490900e-01   2.9211887e+00   1.0000000e+00
   1.5000000e+01   0.0000000e+00   7.7839600e-01   8.2490900e-01   2.9211887e+00   0.0000000e+00
   1.6000000e+01   1.0000000e+00   5.0762000e-01   8.2490900e-01   2.9211887e+00   0.0000000e+00
   1.7000000e+01   0.0000000e+00   7.0136700e-01   8.2490900e-01   2.9211887e+00   0.0000000e+00
   1.8000000e+01   1.0000000e+00   5.0625000e-01   8.2490900e-01   2.9211887e+00   0.0000000e+00
   1.9000000e+01   0.0000000e+00   9.1219900e-01   8.2490900e-01   2.9211887e+00   1.0000000e+00
   2.0000000e+01   0.0000000e+00   2.0110950e+00   8.2490900e-01   2.9211887e+00   0.0000000e+00
   2.1000000e+01   1.0000000e+00   6.2405300e-01   8.2490900e-01   2.9211887e+00   1.0000000e+00
   2.2000000e+01   1.0000000e+00   5.6129600e-01   8.2490900e-01   2.9211887e+00   0.0000000e+00
   2.3000000e+01   0.0000000e+00   5.4340100e-01   8.2490900e-01   2.9211887e+00   1.0000000e+00
   2.4000000e+01   1.0000000e+00   1.5307880e+00   8.2490900e-01   2.9211887e+00   1.0000000e+00
   2.5000000e+01   0.0000000e+00   5.2163100e-01   8.2490900e-01   2.9211887e+00   1.0000000e+00
   2.6000000e+01   0.0000000e+00   1.7734960e+00   8.2490900e-01   2.9211887e+00   0.0000000e+00
   2.7000000e+01   0.0000000e+00   4.4210300e-01   8.2490900e-01   2.9211887e+00   1.0000000e+00
   2.8000000e+01   0.0000000e+00   9.3171200e-01   8.2490900e-01   2.9211887e+00   1.0000000e+00
   2.9000000e+01   0.0000000e+00   4.7439000e-01   8.2490900e-01   2.9211887e+00   1.0000000e+00
   3.0000000e+01   0.0000000e+00   9.8254000e-01   8.2490900e-01   2.9211887e+00   0.0000000e+00
   3.1000000e+01   1.0000000e+00   6.6701000e-01   8.2490900e-01   2.9211887e+00   0.0000000e+00
   3.2000000e+01   0.0000000e+00   5.6130200e-01   8.2490900e-01   2.9211887e+00   0.0000000e+00
   3.3000000e+01   0.0000000e+00   1.0674560e+00   8.2490900e-01   2.9211887e+00   1.0000000e+00
   3.4000000e+01   0.0000000e+00   6.8180300e-01   8.2490900e-01   2.9211887e+00   0.0000000e+00
   3.5000000e+01   1.0000000e+00   6.0304400e-01   8.2490900e-01   2.9211887e+00   1.0000000e+00
   3.6000000e+01   0.0000000e+00   6.8445900e-01   8.2490900e-01   2.9211887e+00   1.0000000e+00
   3.7000000e+01   0.0000000e+00   6.2756100e-01   8.2490900e-01   2.9211887e+00   0.0000000e+00
   3.8000000e+01   0.0000000e+00   7.0418900e-01   8.2490900e-01   2.9211887e+00   0.0000000e+00
   3.9000000e+01   1.0000000e+00   1.7719260e+00   8.2490900e-01   2.9211887e+00   1.0000000e+00
   4.0000000e+01   0.0000000e+00   1.9096130e+00   8.2490900e-01   2.9211887e+00   0.0000000e+00
   4.1000000e+01   0.0000000e+00   7.1202400e-01   8.2490900e-01   2.9211887e+00   0.0000000e+00
   4.2000000e+01   0.0000000e+00   5.5827300e-01   8.2490900e-01   2.9211887e+00   1.0000000e+00
   4.3000000e+01   0.0000000e+00   1.3500180e+00   8.2490900e-01   2.9211887e+00   0.0000000e+00
   4.4000000e+01   0.0000000e+00   5.5176500e-01   8.2490900e-01   2.9211887e+00   0.0000000e+00
   4.5000000e+01   1.0000000e+00   1.5779830e+00   8.2490900e-01   2.9211887e+00   0.0000000e+00
   4.6000000e+01   0.0000000e+00   6.5530900e-01   8.2490900e-01   2.9211887e+00   1.0000000e+00
   4.7000000e+01   0.0000000e+00   1.0433740e+00   8.2490900e-01   2.9211887e+00   1.0000000e+00
   4.8000000e+01   1.0000000e+00   1.0682920e+00   8.2490900e-01   2.9211887e+00   1.0000000e+00
   4.9000000e+01   0.0000000e+00   7.9121900e-01   8.2490900e-01   2.9211887e+00   1.0000000e+00
   5.0000000e+01   0.0000000e+00   9.1995400e-01   8.2490900e-01   2.9211887e+00   1.0000000e+00
   5.1000000e+01   0.0000000e+00   8.7605300e-01   8.2490900e-01   2.9211887e+00   0.0000000e+00
   5.2000000e+01   0.0000000e+00   1.6904000e+00   8.2490900e-01   2.9211887e+00   0.0000000e+00
   5.3000000e+01   0.0000000e+00   6.0731400e-01   8.2490900e-01   2.9211887e+00   1.0000000e+00
   5.4000000e+01   0.0000000e+00   4.5774800e-01   8.2490900e-01   2.9211887e+00   1.0000000e+00
   5.5000000e+01   1.0000000e+00   1.6559850e+00   8.2490900e-01   2.9211887e+00   0.0000000e+00
   5.6000000e+01   0.0000000e+00   5.3101400e-01   8.2490900e-01   2.9211887e+00   1.0000000e+00
   5.7000000e+01   1.0000000e+00   7.1909800e-01   8.2490900e-01   2.9211887e+00   0.0000000e+00
   5.8000000e+01   0.0000000e+00   8.0884600e-01   8.2490900e-01   2.9211887e+00   1.0000000e+00
   5.9000000e+01   1.0000000e+00   5.4876900e-01   8.2490900e-01   2.9211887e+00   1.0000000e+00
   6.0000000e+01   0.0000000e+00   8.5650200e-01   8.2490900e-01   2.9211887e+00   0.0000000e+00
   6.1000000e+01   0.0000000e+00   5.5094800e-01   8.2490900e-01   2.9211887e+00   0.0000000e+00
   6.2000000e+01   0.0000000e+00   6.6476200e-01   8.2490900e-01   2.9211887e+00   0.0000000e+00
   6.3000000e+01   1.0000000e+00   2.4325560e+00   8.2490900e-01   2.9211887e+00   0.0000000e+00
   6.4000000e+01   0.0000000e+00   6.8534400e-01   8.2490900e-01   2.9211887e+00   0.0000000e+00
   6.5000000e+01   0.0000000e+00   1.3007920e+00   8.2490900e-01   2.9211887e+00   1.0000000e+00
   6.6000000e+01   0.0000000e+00   2.0350400e+00   8.2490900e-01   2.9211887e+00   0.0000000e+00
   6.7000000e+01   0.0000000e+00   1.1227990e+00   8.2490900e-01   2.9211887e+00   1.0000000e+00
   6.8000000e+01   1.0000000e+00   9.6717800e-01   8.2490900e-01   2.9211887e+00   1.0000000e+00
   6.9000000e+01   0.0000000e+00   9.7425000e-01   8.2490900e-01   2.9211887e+00   1.0000000e+00
   7.0000000e+01   0.0000000e+00   6.1741100e-01   8.2490900e-01   2.9211887e+00   1.0000000e+00
   7.1000000e+01   1.0000000e+00   4.8233000e-01   8.2490900e-01   2.9211887e+00   1.0000000e+00
   7.2000000e+01   0.0000000e+00   1.2546710e+00   8.2490900e-01   2.9211887e+00   1.0000000e+00
   7.3000000e+01   0.0000000e+00   5.8501100e-01   8.2490900e-01   2.9211887e+00   0.0000000e+00
   7.4000000e+01   0.0000000e+00   4.9572600e-01   8.2490900e-01   2.9211887e+00   0.0000000e+00
   7.5000000e+01   1.0000000e+00   4.6869000e-01   8.2490900e-01   2.9211887e+00   0.0000000e+00
   7.6000000e+01   0.0000000e+00   1.4536150e+00   8.2490900e-01   2.9211887e+00   0.0000000e+00
   7.7000000e+01   1.0000000e+00   6.2673400e-01   8.2490900e-01   2.9211887e+00   0.0000000e+00
   7.8000000e+01   0.0000000e+00   1.1784490e+00   8.2490900e-01   2.9211887e+00   1.0000000e+00
   7.9000000e+01   0.0000000e+00   6.1592300e-01   8.2490900e-01   2.9211887e+00   1.0000000e+00
   8.0000000e+01   0.0000000e+00   6.2412100e-01   8.2490900e-01   2.9211887e+00   0.0000000e+00
   8.1000000e+01   0.0000000e+00   6.0195200e-01   8.2490900e-01   2.9211887e+00   1.0000000e+00
   8.2000000e+01   0.0000000e+00   1.6837760e+00   8.2490900e-01   2.9211887e+00   0.0000000e+00
   8.3000000e+01   1.0000000e+00   4.9218700e-01   8.2490900e-01   2.9211887e+00   1.0000000e+00
   8.4000000e+01   0.0000000e+00   8.6176100e-01   8.2490900e-01   2.9211887e+00   0.0000000e+00
   8.5000000e+01   0.0000000e+00   2.8179510e+00   8.2490900e-01   2.9211887e+00   1.0000000e+00
   8.6000000e+01   1.0000000e+00   4.7995900e-01   8.2490900e-01   2.9211887e+00   0.0000000e+00
   8.7000000e+01   0.0000000e+00   4.9106300e-01   8.2490900e-01   2.9211887e+00   1.0000000e+00
   8.8000000e+01   1.0000000e+00   5.6966600e-01   8.2490900e-01   2.9211887e+00   1.0000000e+00
   8.9000000e+01   0.0000000e+00   5.8460300e-01   8.2490900e-01   2.9211887e+00   0.0000000e+00
   9.0000000e+01   0.0000000e+00   1.1539580e+00   8.2490900e-01   2.9211887e+00   0.0000000e+00
   9.1000000e+01   1.0000000e+00   4.8395100e-01   8.2490900e-01   2.9211887e+00   1.0000000e+00
   9.2000000e+01   0.0000000e+00   1.8943550e+00   8.2490900e-01   2.9211887e+00   0.0000000e+00
   9.3000000e+01   1.0000000e+00   1.3290160e+00   8.2490900e-01   2.9211887e+00   0.0000000e+00
   9.4000000e+01   0.0000000e+00   1.1284930e+00   8.2490900e-01   2.9211887e+00   0.0000000e+00
   9.5000000e+01   0.0000000e+00   5.5326600e-01   8.2490900e-01   2.9211887e+00   1.0000000e+00
   9.6000000e+01   0.0000000e+00   5.7502600e-01   8.2490900e-01   2.9211887e+00   1.0000000e+00
   9.7000000e+01   0.0000000e+00   1.0805410e+00   8.2490900e-01   2.9211887e+00   1.0000000e+00
   9.8000000e+01   1.0000000e+00   8.9180300e-01   8.2490900e-01   2.9211887e+00   1.0000000e+00
   9.9000000e+01   0.0000000e+00   8.5796500e-01   8.2490900e-01   2.9211887e+00   0.0000000e+00
   1.0000000e+02   1.0000000e+00   7.0970300e-01   8.2490900e-01   2.9211887e+00   0.0000000e+00
   1.0100000e+02   0.0000000e+00   4.8626800e-01   8.2490900e-01   2.9211887e+00   0.0000000e+00
   1.0200000e+02   1.0000000e+00   1.0600260e+00   8.2490900e-01   2.9211887e+00   1.0000000e+00
   1.0300000e+02   0.0000000e+00   2.0040490e+00   8.2490900e-01   2.9211887e+00   1.0000000e+00
   1.0400000e+02   0.0000000e+00   5.8331900e-01   8.2490900e-01   2.9211887e+00   1.0000000e+00
   1.0500000e+02   0.0000000e+00   5.8228300e-01   8.2490900e-01   2.9211887e+00   0.0000000e+00
   1.0600000e+02   1.0000000e+00   2.0362480e+00   8.2490900e-01   2.9211887e+00   0.0000000e+00
   1.0700000e+02   0.0000000e+00   1.0765540e+00   8.2490900e-01   2.9211887e+00   0.0000000e+00
   1.0800000e+02   0.0000000e+00   1.7337570e+00   8.2490900e-01   2.9211887e+00   0.0000000e+00
   1.0900000e+02   0.0000000e+00   6.1311000e-01   8.2490900e-01   2.9211887e+00   0.0000000e+00
   1.1000000e+02   0.0000000e+00   5.4633000e-01   8.2490900e-01   2.9211887e+00   0.0000000e+00
   1.1100000e+02   0.0000000e+00   1.0694630e+00   8.2490900e-01   2.9211887e+00   0.0000000e+00
   1.1200000e+02   0.0000000e+00   1.6746660e+00   8.2490900e-01   2.9211887e+00   1.0000000e+00
   1.1300000e+02   0.0000000e+00   7.2719300e-01   8.2490900e-01   2.9211887e+00   1.0000000e+00
   1.1400000e+02   1.0000000e+00   7.9793100e-01   8.2490900e-01   2.9211887e+00   0.0000000e+00
   1.1500000e+02   1.0000000e+00   4.5159200e-01   8.2490900e-01   2.9211887e+00   1.0000000e+00
   1.1600000e+02   0.0000000e+00   4.5794300e-01   8.2490900e-01   2.9211887e+00   0.0000000e+00
   1.1700000e+02   0.0000000e+00   1.2459430e+00   8.2490900e-01   2.9211887e+00   0.0000000e+00
   1.1800000e+02   1.0000000e+00   5.5290600e-01   8.2490900e-01   2.9211887e+00   0.0000000e+00
   1.1900000e+02   0.0000000e+00   6.8228800e-01   8.2490900e-01   2.9211887e+00   1.0000000e+00
   1.2000000e+02   1.0000000e+00   1.0407770e+00   8.2490900e-01   2.9211887e+00   1.0000000e+00
   1.2100000e+02   0.0000000e+00   4.7453900e-01   8.2490900e-01   2.9211887e+00   0.0000000e+00
   1.2200000e+02   0.0000000e+00   1.2371170e+00   8.2490900e-01   2.9211887e+00   1.0000000e+00
   1.2300000e+02   0.0000000e+00   1.2161790e+00   8.2490900e-01   2.9211887e+00   1.0000000e+00
   1.2400000e+02   1.0000000e+00   1.1454170e+00   8.2490900e-01   2.9211887e+00   1.0000000e+00
   1.2500000e+02   1.0000000e+00   8.4399900e-01   8.2490900e-01   2.9211887e+00   0.0000000e+00
   1.2600000e+02   0.0000000e+00   4.9397200e-01   8.2490900e-01   2.9211887e+00   1.0000000e+00
   1.2700000e+02   1.0000000e+00   1.6308750e+00   8.2490900e-01   2.9211887e+00   1.0000000e+00
   1.2800000e+02   0.0000000e+00   8.1965000e-01   8.2490900e-01   2.9211887e+00   1.0000000e+00
   1.2900000e+02   1.0000000e+00   5.3959100e-01   8.2490900e-01   2.9211887e+00   0.0000000e+00
   1.3000000e+02   0.0000000e+00   8.3976100e-01   8.2490900e-01   2.9211887e+00   1.0000000e+00
   1.3100000e+02   0.0000000e+00   8.0108100e-01   8.2490900e-01   2.9211887e+00   1.0000000e+00
   1.3200000e+02   0.0000000e+00   5.8852200e-01   8.2490900e-01   2.9211887e+00   0.0000000e+00
   1.3300000e+02   0.0000000e+00   8.3855900e-01   8.2490900e-01   2.9211887e+00   1.0000000e+00
   1.3400000e+02   1.0000000e+00   8.5557500e-01   8.2490900e-01   2.9211887e+00   0.0000000e+00
   1.3500000e+02   0.0000000e+00   1.1897940e+00   8.2490900e-01   2.9211887e+00   0.0000000e+00
   1.3600000e+02   1.0000000e+00   9.7904500e-01   8.2490900e-01   2.9211887e+00   1.0000000e+00
