   1.0000000e+00   0.0000000e+00   1.5239720e+00   8.2501400e-01   2.7820084e+00   0.0000000e+00
   2.0000000e+00   0.0000000e+00   5.1497800e-01   8.2501400e-01   2.7820084e+00   0.0000000e+00
   3.0000000e+00   0.0000000e+00   7.2470200e-01   8.2501400e-01   2.7820084e+00   0.0000000e+00
   4.0000000e+00   1.0000000e+00   8.4122500e-01   8.2501400e-01   2.7820084e+00   0.0000000e+00
   5.0000000e+00   1.0000000e+00   7.0438300e-01   8.2501400e-01   2.7820084e+00   1.0000000e+00
   6.0000000e+00   0.0000000e+00   4.8166700e-01   8.2501400e-01   2.7820084e+00   1.0000000e+00
   7.0000000e+00   0.0000000e+00   5.8848300e-01   8.2501400e-01   2.7820084e+00   0.0000000e+00
   8.0000000e+00   1.0000000e+00   1.0113900e+00   8.2501400e-01   2.7820084e+00   0.0000000e+00
   9.0000000e+00   0.0000000e+00   8.5950200e-01   8.2501400e-01   2.7820084e+00   1.0000000e+00
   1.0000000e+01   1.0000000e+00   1.1673280e+00   8.2501400e-01   2.7820084e+00   1.0000000e+00
   1.1000000e+01   0.0000000e+00   6.9011300e-01   8.2501400e-01   2.7820084e+00   0.0000000e+00
   1.2000000e+01   0.0000000e+00   5.7242900e-01   8.2501400e-01   2.7820084e+00   0.0000000e+00
   1.3000000e+01   1.0000000e+00   1.9461710e+00   8.2501400e-01   2.7820084e+00   1.0000000e+00
   1.4000000e+01   0.0000000e+00   9.9234100e-01   8.2501400e-01   2.7820084e+00   1.0000000e+00
   1.5000000e+01   1.0000000e+00   7.4916900e-01   8.2501400e-01   2.7820084e+00   0.0000000e+00
   1.6000000e+01   0.0000000e+00   4.7587300e-01   8.2501400e-01   2.7820084e+00   1.0000000e+00
   1.7000000e+01   0.0000000e+00   9.2146500e-01   8.2501400e-01   2.7820084e+00   0.0000000e+00
   1.8000000e+01   0.0000000e+00   6.7519100e-01   8.2501400e-01   2.7820084e+00   1.0000000e+00
   1.9000000e+01   1.0000000e+00   1.0396790e+00   8.2501400e-01   2.7820084e+00   1.0000000e+00
   2.0000000e+01   0.0000000e+00   4.7715800e-01   8.2501400e-01   2.7820084e+00   0.0000000e+00
   2.1000000e+01   1.0000000e+00   1.2481430e+00   8.2501400e-01   2.7820084e+00   0.0000000e+00
   2.2000000e+01   0.0000000e+00   1.1925130e+00   8.2501400e-01   2.7820084e+00   1.0000000e+00
   2.3000000e+01   0.0000000e+00   9.8963200e-01   8.2501400e-01   2.7820084e+00   1.0000000e+00
   2.4000000e+01   0.0000000e+00   1.2893730e+00   8.2501400e-01   2.7820084e+00   0.0000000e+00
   2.5000000e+01   0.0000000e+00   7.5176300e-01   8.2501400e-01   2.7820084e+00   1.0000000e+00
   2.6000000e+01   1.0000000e+00   1.9121510e+00   8.2501400e-01   2.7820084e+00   1.0000000e+00
   2.7000000e+01   0.0000000e+00   7.4076200e-01   8.2501400e-01   2.7820084e+00   1.0000000e+00
   2.8000000e+01   0.0000000e+00   3.0945560e+00   8.2501400e-01   2.7820084e+00   0.0000000e+00
   2.9000000e+01   0.0000000e+00   5.6282900e-01   8.2501400e-01   2.7820084e+00   1.0000000e+00
   3.0000000e+01   0.0000000e+00   1.2212610e+00   8.2501400e-01   2.7820084e+00   1.0000000e+00
   3.1000000e+01   1.0000000e+00   4.9433000e-01   8.2501400e-01   2.7820084e+00   0.0000000e+00
   3.2000000e+01   0.0000000e+00   8.1500300e-01   8.2501400e-01   2.7820084e+00   1.0000000e+00
   3.3000000e+01   0.0000000e+00   1.2283650e+00   8.2501400e-01   2.7820084e+00   0.0000000e+00
   3.4000000e+01   1.0000000e+00   1.5985260e+00   8.2501400e-01   2.7820084e+00   0.0000000e+00
   3.5000000e+01   0.0000000e+00   7.5448600e-01   8.2501400e-01   2.7820084e+00   0.0000000e+00
   3.6000000e+01   1.0000000e+00   6.7169500e-01   8.2501400e-01   2.7820084e+00   1.0000000e+00
   3.7000000e+01   0.0000000e+00   6.4681600e-01   8.2501400e-01   2.7820084e+00   1.0000000e+00
   3.8000000e+01   0.0000000e+00   1.4389340e+00   8.2501400e-01   2.7820084e+00   1.0000000e+00
   3.9000000e+01   0.0000000e+00   6.4432000e-01   8.2501400e-01   2.7820084e+00   0.0000000e+00
   4.0000000e+01   0.0000000e+00   7.3896700e-01   8.2501400e-01   2.7820084e+00   0.0000000e+00
   4.1000000e+01   1.0000000e+00   5.7657600e-01   8.2501400e-01   2.7820084e+00   0.0000000e+00
   4.2000000e+01   0.0000000e+00   8.2931400e-01   8.2501400e-01   2.7820084e+00   0.0000000e+00
   4.3000000e+01   1.0000000e+00   7.4105100e-01   8.2501400e-01   2.7820084e+00   1.0000000e+00
   4.4000000e+01   0.0000000e+00   5.3013400e-01   8.2501400e-01   2.7820084e+00   0.0000000e+00
   4.5000000e+01   1.0000000e+00   6.4426200e-01   8.2501400e-01   2.7820084e+00   1.0000000e+00
   4.6000000e+01   0.0000000e+00   1.7517600e+00   8.2501400e-01   2.7820084e+00   0.0000000e+00
   4.7000000e+01   0.0000000e+00   1.1709830e+00   8.2501400e-01   2.7820084e+00   1.0000000e+00
   4.8000000e+01   1.0000000e+00   4.9088400e-01   8.2501400e-01   2.7820084e+00   0.0000000e+00
   4.9000000e+01   0.0000000e+00   6.5732800e-01   8.2501400e-01   2.7820084e+00   0.0000000e+00
   5.0000000e+01   1.0000000e+00   5.2564900e-01   8.2501400e-01   2.7820084e+00   1.0000000e+00
   5.1000000e+01   0.0000000e+00   6.1753100e-01   8.2501400e-01   2.7820084e+00   0.0000000e+00
   5.2000000e+01   0.0000000e+00   1.0763370e+00   8.2501400e-01   2.7820084e+00   0.0000000e+00
   5.3000000e+01   1.0000000e+00   6.4510700e-01   8.2501400e-01   2.7820084e+00   0.0000000e+00
   5.4000000e+01   0.0000000e+00   6.9927500e-01   8.2501400e-01   2.7820084e+00   1.0000000e+00
   5.5000000e+01   0.0000000e+00   6.5594500e-01   8.2501400e-01   2.7820084e+00   1.0000000e+00
   5.6000000e+01   0.0000000e+00   6.3356500e-01   8.2501400e-01   2.7820084e+00   1.0000000e+00
   5.7000000e+01   0.0000000e+00   5.1689900e-01   8.2501400e-01   2.7820084e+00   0.0000000e+00
   5.8000000e+01   0.0000000e+00   8.9188400e-01   8.2501400e-01   2.7820084e+00   1.0000000e+00
   5.9000000e+01   1.0000000e+00   7.8615300e-01   8.2501400e-01   2.7820084e+00   0.0000000e+00
   6.0000000e+01   0.0000000e+00   1.6118370e+00   8.2501400e-01   2.7820084e+00   0.0000000e+00
   6.1000000e+01   0.0000000e+00   6.5573800e-01   8.2501400e-01   2.7820084e+00   1.0000000e+00
   6.2000000e+01   0.0000000e+00   9.1240500e-01   8.2501400e-01   2.7820084e+00   1.0000000e+00
   6.3000000e+01   0.0000000e+00   9.3720800e-01   8.2501400e-01   2.7820084e+00   1.0000000e+00
   6.4000000e+01   0.0000000e+00   4.9782100e-01   8.2501400e-01   2.7820084e+00   0.0000000e+00
   6.5000000e+01   0.0000000e+00   8.2711800e-01   8.2501400e-01   2.7820084e+00   1.0000000e+00
   6.6000000e+01   1.0000000e+00   7.3643100e-01   8.2501400e-01   2.7820084e+00   1.0000000e+00
   6.7000000e+01   0.0000000e+00   1.0611100e+00   8.2501400e-01   2.7820084e+00   1.0000000e+00
   6.8000000e+01   0.0000000e+00   5.7672600e-01   8.2501400e-01   2.7820084e+00   0.0000000e+00
   6.9000000e+01   1.0000000e+00   9.9315600e-01   8.2501400e-01   2.7820084e+00   1.0000000e+00
   7.0000000e+01   0.0000000e+00   5.5531500e-01   8.2501400e-01   2.7820084e+00   1.0000000e+00
   7.1000000e+01   0.0000000e+00   1.0874890e+00   8.2501400e-01   2.7820084e+00   0.0000000e+00
   7.2000000e+01   0.0000000e+00   6.8282600e-01   8.2501400e-01   2.7820084e+00   0.0000000e+00
   7.3000000e+01   0.0000000e+00   1.3326980e+00   8.2501400e-01   2.7820084e+00   1.0000000e+00
   7.4000000e+01   0.0000000e+00   6.7272800e-01   8.2501400e-01   2.7820084e+00   1.0000000e+00
   7.5000000e+01   1.0000000e+00   4.8022600e-01   8.2501400e-01   2.7820084e+00   0.0000000e+00
   7.6000000e+01   0.0000000e+00   6.6718400e-01   8.2501400e-01   2.7820084e+00   0.0000000e+00
   7.7000000e+01   0.0000000e+00   5.7283800e-01   8.2501400e-01   2.7820084e+00   0.0000000e+00
   7.8000000e+01   0.0000000e+00   1.5667690e+00   8.2501400e-01   2.7820084e+00   1.0000000e+00
   7.9000000e+01   1.0000000e+00   7.3208200e-01   8.2501400e-01   2.7820084e+00   1.0000000e+00
   8.0000000e+01   0.0000000e+00   7.0717100e-01   8.2501400e-01   2.7820084e+00   0.0000000e+00
   8.1000000e+01   1.0000000e+00   1.8692620e+00   8.2501400e-01   2.7820084e+00   0.0000000e+00
   8.2000000e+01   0.0000000e+00   1.6111180e+00   8.2501400e-01   2.7820084e+00   1.0000000e+00
   8.3000000e+01   0.0000000e+00   5.9871500e-01   8.2501400e-01   2.7820084e+00   0.0000000e+00
   8.4000000e+01   1.0000000e+00   9.8735100e-01   8.2501400e-01   2.7820084e+00   0.0000000e+00
   8.5000000e+01   1.0000000e+00   1.3900540e+00   8.2501400e-01   2.7820084e+00   1.0000000e+00
   8.6000000e+01   0.0000000e+00   1.7961980e+00   8.2501400e-01   2.7820084e+00   1.0000000e+00
   8.7000000e+01   0.0000000e+00   6.3148700e-01   8.2501400e-01   2.7820084e+00   0.0000000e+00
   8.8000000e+01   0.0000000e+00   7.6110100e-01   8.2501400e-01   2.7820084e+00   0.0000000e+00
   8.9000000e+01   0.0000000e+00   8.5306100e-01   8.2501400e-01   2.7820084e+00   1.0000000e+00
   9.0000000e+01   0.0000000e+00   1.0903330e+00   8.2501400e-01   2.7820084e+00   1.0000000e+00
   9.1000000e+01   1.0000000e+00   4.9654800e-01   8.2501400e-01   2.7820084e+00   0.0000000e+00
   9.2000000e+01   0.0000000e+00   7.5270800e-01   8.2501400e-01   2.7820084e+00   0.0000000e+00
   9.3000000e+01   1.0000000e+00   1.5542230e+00   8.2501400e-01   2.7820084e+00   1.0000000e+00
   9.4000000e+01   1.0000000e+00   6.9029200e-01   8.2501400e-01   2.7820084e+00   0.0000000e+00
   9.5000000e+01   0.0000000e+00   6.0070500e-01   8.2501400e-01   2.7820084e+00   1.0000000e+00
   9.6000000e+01   0.0000000e+00   7.8434400e-01   8.2501400e-01   2.7820084e+00   0.0000000e+00
   9.7000000e+01   0.0000000e+00   8.6663100e-01   8.2501400e-01   2.7820084e+00   1.0000000e+00
   9.8000000e+01   1.0000000e+00   5.3027900e-01   8.2501400e-01   2.7820084e+00   1.0000000e+00
   9.9000000e+01   0.0000000e+00   4.8436600e-01   8.2501400e-01   2.7820084e+00   0.0000000e+00
   1.0000000e+02   1.0000000e+00   5.3921600e-01   8.2501400e-01   2.7820084e+00   1.0000000e+00
   1.0100000e+02   0.0000000e+00   5.8366300e-01   8.2501400e-01   2.7820084e+00   1.0000000e+00
   1.0200000e+02   0.0000000e+00   8.5042300e-01   8.2501400e-01   2.7820084e+00   0.0000000e+00
   1.0300000e+02   0.0000000e+00   2.1281800e+00   8.2501400e-01   2.7820084e+00   1.0000000e+00
   1.0400000e+02   0.0000000e+00   5.7335800e-01   8.2501400e-01   2.7820084e+00   0.0000000e+00
   1.0500000e+02   0.0000000e+00   9.9287500e-01   8.2501400e-01   2.7820084e+00   0.0000000e+00
   1.0600000e+02   1.0000000e+00   5.1498300e-01   8.2501400e-01   2.7820084e+00   0.0000000e+00
   1.0700000e+02   0.0000000e+00   2.0767880e+00   8.2501400e-01   2.7820084e+00   0.0000000e+00
   1.0800000e+02   0.0000000e+00   5.2036700e-01   8.2501400e-01   2.7820084e+00   0.0000000e+00
   1.0900000e+02   0.0000000e+00   4.3616300e-01   8.2501400e-01   2.7820084e+00   1.0000000e+00
   1.1000000e+02   0.0000000e+00   1.0538260e+00   8.2501400e-01   2.7820084e+00   1.0000000e+00
   1.1100000e+02   0.0000000e+00   1.3084120e+00   8.2501400e-01   2.7820084e+00   1.0000000e+00
   1.1200000e+02   0.0000000e+00   1.3487070e+00   8.2501400e-01   2.7820084e+00   1.0000000e+00
   1.1300000e+02   1.0000000e+00   8.9849700e-01   8.2501400e-01   2.7820084e+00   1.0000000e+00
   1.1400000e+02   0.0000000e+00   5.4851400e-01   8.2501400e-01   2.7820084e+00   0.0000000e+00
   1.1500000e+02   0.0000000e+00   9.9688100e-01   8.2501400e-01   2.7820084e+00   0.0000000e+00
   1.1600000e+02   0.0000000e+00   1.3384790e+00   8.2501400e-01   2.7820084e+00   1.0000000e+00
   1.1700000e+02   1.0000000e+00   6.6849600e-01   8.2501400e-01   2.7820084e+00   0.0000000e+00
   1.1800000e+02   0.0000000e+00   9.4895500e-01   8.2501400e-01   2.7820084e+00   1.0000000e+00
   1.1900000e+02   0.0000000e+00   5.9027800e-01   8.2501400e-01   2.7820084e+00   1.0000000e+00
   1.2000000e+02   1.0000000e+00   5.4698900e-01   8.2501400e-01   2.7820084e+00   0.0000000e+00
   1.2100000e+02   0.0000000e+00   2.0256090e+00   8.2501400e-01   2.7820084e+00   0.0000000e+00
   1.2200000e+02   1.0000000e+00   6.6057700e-01   8.2501400e-01   2.7820084e+00   1.0000000e+00
   1.2300000e+02   0.0000000e+00   4.7832000e-01   8.2501400e-01   2.7820084e+00   0.0000000e+00
   1.2400000e+02   0.0000000e+00   1.9965480e+00   8.2501400e-01   2.7820084e+00   0.0000000e+00
   1.2500000e+02   0.0000000e+00   5.4030200e-01   8.2501400e-01   2.7820084e+00   0.0000000e+00
   1.2600000e+02   1.0000000e+00   6.2090200e-01   8.2501400e-01   2.7820084e+00   0.0000000e+00
   1.2700000e+02   0.0000000e+00   9.0700000e-01   8.2501400e-01   2.7820084e+00   1.0000000e+00
   1.2800000e+02   0.0000000e+00   1.4751430e+00   8.2501400e-01   2.7820084e+00   1.0000000e+00
   1.2900000e+02   1.0000000e+00   1.0345650e+00   8.2501400e-01   2.7820084e+00   1.0000000e+00
   1.3000000e+02   0.0000000e+00   1.6326590e+00   8.2501400e-01   2.7820084e+00   1.0000000e+00
   1.3100000e+02   0.0000000e+00   5.2377600e-01   8.2501400e-01   2.7820084e+00   0.0000000e+00
   1.3200000e+02   0.0000000e+00   1.1976580e+00   8.2501400e-01   2.7820084e+00   0.0000000e+00
   1.3300000e+02   0.0000000e+00   1.6310490e+00   8.2501400e-01   2.7820084e+00   1.0000000e+00
   1.3400000e+02   0.0000000e+00   5.6221800e-01   8.2501400e-01   2.7820084e+00   1.0000000e+00
   1.3500000e+02   1.0000000e+00   1.0636430e+00   8.2501400e-01   2.7820084e+00   1.0000000e+00
   1.3600000e+02   1.0000000e+00   1.6980500e+00   8.2501400e-01   2.7820084e+00   0.0000000e+00
