   1.0000000e+00   0.0000000e+00   5.8262600e-01   8.2152800e-01   3.1793170e+00   1.0000000e+00
   2.0000000e+00   0.0000000e+00   1.5370200e+00   8.2152800e-01   3.1793170e+00   1.0000000e+00
   3.0000000e+00   0.0000000e+00   5.1497500e-01   8.2152800e-01   3.1793170e+00   0.0000000e+00
   4.0000000e+00   0.0000000e+00   5.6513000e-01   8.2152800e-01   3.1793170e+00   0.0000000e+00
   5.0000000e+00   1.0000000e+00   7.9264300e-01   8.2152800e-01   3.1793170e+00   1.0000000e+00
   6.0000000e+00   1.0000000e+00   1.5266620e+00   8.2152800e-01   3.1793170e+00   0.0000000e+00
   7.0000000e+00   0.0000000e+00   6.9248800e-01   8.2152800e-01   3.1793170e+00   1.0000000e+00
   8.0000000e+00   0.0000000e+00   3.3020800e+00   8.2152800e-01   3.1793170e+00   1.0000000e+00
   9.0000000e+00   0.0000000e+00   1.0437140e+00   8.2152800e-01   3.1793170e+00   1.0000000e+00
   1.0000000e+01   0.0000000e+00   9.5745600e-01   8.2152800e-01   3.1793170e+00   1.0000000e+00
   1.1000000e+01   1.0000000e+00   1.4300890e+00   8.2152800e-01   3.1793170e+00   1.0000000e+00
   1.2000000e+01   1.0000000e+00   6.1932700e-01   8.2152800e-01   3.1793170e+00   0.0000000e+00
   1.3000000e+01   0.0000000e+00   1.4042850e+00   8.2152800e-01   3.1793170e+00   0.0000000e+00
   1.4000000e+01   0.0000000e+00   9.6482000e-01   8.2152800e-01   3.1793170e+00   1.0000000e+00
   1.5000000e+01   0.0000000e+00   5.5105100e-01   8.2152800e-01   3.1793170e+00   0.0000000e+00
   1.6000000e+01   1.0000000e+00   7.3825900e-01   8.2152800e-01   3.1793170e+00   0.0000000e+00
   1.7000000e+01   0.0000000e+00   2.2318410e+00   8.2152800e-01   3.1793170e+00   0.0000000e+00
   1.8000000e+01   1.0000000e+00   1.1254880e+00   8.2152800e-01   3.1793170e+00   1.0000000e+00
   1.9000000e+01   0.0000000e+00   7.9385500e-01   8.2152800e-01   3.1793170e+00   0.0000000e+00
   2.0000000e+01   1.0000000e+00   6.1838900e-01   8.2152800e-01   3.1793170e+00   0.0000000e+00
   2.1000000e+01   0.0000000e+00   1.3164000e+00   8.2152800e-01   3.1793170e+00   0.0000000e+00
   2.2000000e+01   0.0000000e+00   4.4144700e-01   8.2152800e-01   3.1793170e+00   1.0000000e+00
   2.3000000e+01   0.0000000e+00   6.2759900e-01   8.2152800e-01   3.1793170e+00   1.0000000e+00
   2.4000000e+01   0.0000000e+00   5.3645100e-01   8.2152800e-01   3.1793170e+00   0.0000000e+00
   2.5000000e+01   1.0000000e+00   8.3619700e-01   8.2152800e-01   3.1793170e+00   1.0000000e+00
   2.6000000e+01   0.0000000e+00   9.5399500e-01   8.2152800e-01   3.1793170e+00   0.0000000e+00
   2.7000000e+01   0.0000000e+00   8.9361900e-01   8.2152800e-01   3.1793170e+00   1.0000000e+00
   2.8000000e+01   0.0000000e+00   1.1268090e+00   8.2152800e-01   3.1793170e+00   1.0000000e+00
   2.9000000e+01   0.0000000e+00   6.7386800e-01   8.2152800e-01   3.1793170e+00   1.0000000e+00
   3.0000000e+01   0.0000000e+00   7.1366900e-01   8.2152800e-01   3.1793170e+00   0.0000000e+00
   3.1000000e+01   1.0000000e+00   1.2626230e+00   8.2152800e-01   3.1793170e+00   0.0000000e+00
   3.2000000e+01   0.0000000e+00   1.2028460e+00   8.2152800e-01   3.1793170e+00   0.0000000e+00
   3.3000000e+01   1.0000000e+00   1.3741200e+00   8.2152800e-01   3.1793170e+00   1.0000000e+00
   3.4000000e+01   0.0000000e+00   5.0339500e-01   8.2152800e-01   3.1793170e+00   0.0000000e+00
   3.5000000e+01   0.0000000e+00   9.4885200e-01   8.2152800e-01   3.1793170e+00   0.0000000e+00
   3.6000000e+01   0.0000000e+00   8.6821600e-01   8.2152800e-01   3.1793170e+00   0.0000000e+00
   3.7000000e+01   1.0000000e+00   9.8421600e-01   8.2152800e-01   3.1793170e+00   1.0000000e+00
   3.8000000e+01   0.0000000e+00   6.8033100e-01   8.2152800e-01   3.1793170e+00   1.0000000e+00
   3.9000000e+01   0.0000000e+00   5.1547100e-01   8.2152800e-01   3.1793170e+00   1.0000000e+00
   4.0000000e+01   1.0000000e+00   6.0147300e-01   8.2152800e-01   3.1793170e+00   0.0000000e+00
   4.1000000e+01   0.0000000e+00   1.3590970e+00   8.2152800e-01   3.1793170e+00   0.0000000e+00
   4.2000000e+01   1.0000000e+00   6.3692800e-01   8.2152800e-01   3.1793170e+00   1.0000000e+00
   4.3000000e+01   0.0000000e+00   9.8969800e-01   8.2152800e-01   3.1793170e+00   0.0000000e+00
   4.4000000e+01   0.0000000e+00   1.2713570e+00   8.2152800e-01   3.1793170e+00   0.0000000e+00
   4.5000000e+01   1.0000000e+00   4.4169300e-01   8.2152800e-01   3.1793170e+00   0.0000000e+00
   4.6000000e+01   0.0000000e+00   6.8097500e-01   8.2152800e-01   3.1793170e+00   0.0000000e+00
   4.7000000e+01   0.0000000e+00   1.6344920e+00   8.2152800e-01   3.1793170e+00   0.0000000e+00
   4.8000000e+01   0.0000000e+00   1.8813980e+00   8.2152800e-01   3.1793170e+00   1.0000000e+00
   4.9000000e+01   0.0000000e+00   9.3398200e-01   8.2152800e-01   3.1793170e+00   1.0000000e+00
   5.0000000e+01   0.0000000e+00   1.2326330e+00   8.2152800e-01   3.1793170e+00   0.0000000e+00
   5.1000000e+01   0.0000000e+00   1.0122520e+00   8.2152800e-01   3.1793170e+00   1.0000000e+00
   5.2000000e+01   0.0000000e+00   7.4583900e-01   8.2152800e-01   3.1793170e+00   1.0000000e+00
   5.3000000e+01   0.0000000e+00   4.7024200e-01   8.2152800e-01   3.1793170e+00   1.0000000e+00
   5.4000000e+01   1.0000000e+00   5.5446800e-01   8.2152800e-01   3.1793170e+00   0.0000000e+00
   5.5000000e+01   0.0000000e+00   4.7108200e-01   8.2152800e-01   3.1793170e+00   0.0000000e+00
   5.6000000e+01   1.0000000e+00   5.8587200e-01   8.2152800e-01   3.1793170e+00   1.0000000e+00
   5.7000000e+01   0.0000000e+00   4.7161400e-01   8.2152800e-01   3.1793170e+00   0.0000000e+00
   5.8000000e+01   1.0000000e+00   7.7578700e-01   8.2152800e-01   3.1793170e+00   0.0000000e+00
   5.9000000e+01   0.0000000e+00   1.5413530e+00   8.2152800e-01   3.1793170e+00   1.0000000e+00
   6.0000000e+01   0.0000000e+00   1.1024640e+00   8.2152800e-01   3.1793170e+00   0.0000000e+00
   6.1000000e+01   0.0000000e+00   4.8038900e-01   8.2152800e-01   3.1793170e+00   1.0000000e+00
   6.2000000e+01   0.0000000e+00   6.6086200e-01   8.2152800e-01   3.1793170e+00   1.0000000e+00
   6.3000000e+01   0.0000000e+00   4.6631800e-01   8.2152800e-01   3.1793170e+00   1.0000000e+00
   6.4000000e+01   0.0000000e+00   4.5466400e-01   8.2152800e-01   3.1793170e+00   0.0000000e+00
   6.5000000e+01   1.0000000e+00   4.8346300e-01   8.2152800e-01   3.1793170e+00   1.0000000e+00
   6.6000000e+01   0.0000000e+00   7.1733900e-01   8.2152800e-01   3.1793170e+00   0.0000000e+00
   6.7000000e+01   1.0000000e+00   1.0997210e+00   8.2152800e-01   3.1793170e+00   1.0000000e+00
   6.8000000e+01   0.0000000e+00   8.0428900e-01   8.2152800e-01   3.1793170e+00   1.0000000e+00
   6.9000000e+01   0.0000000e+00   5.7380300e-01   8.2152800e-01   3.1793170e+00   0.0000000e+00
   7.0000000e+01   0.0000000e+00   1.1556970e+00   8.2152800e-01   3.1793170e+00   0.0000000e+00
   7.1000000e+01   0.0000000e+00   6.5617400e-01   8.2152800e-01   3.1793170e+00   1.0000000e+00
   7.2000000e+01   0.0000000e+00   6.7751500e-01   8.2152800e-01   3.1793170e+00   0.0000000e+00
   7.3000000e+01   1.0000000e+00   5.8404700e-01   8.2152800e-01   3.1793170e+00   0.0000000e+00
   7.4000000e+01   0.0000000e+00   7.2704800e-01   8.2152800e-01   3.1793170e+00   1.0000000e+00
   7.5000000e+01   1.0000000e+00   1.1795290e+00   8.2152800e-01   3.1793170e+00   0.0000000e+00
   7.6000000e+01   0.0000000e+00   6.6398100e-01   8.2152800e-01   3.1793170e+00   0.0000000e+00
   7.7000000e+01   0.0000000e+00   8.3967300e-01   8.2152800e-01   3.1793170e+00   1.0000000e+00
   7.8000000e+01   1.0000000e+00   1.9456530e+00   8.2152800e-01   3.1793170e+00   1.0000000e+00
   7.9000000e+01   0.0000000e+00   1.0158990e+00   8.2152800e-01   3.1793170e+00   1.0000000e+00
   8.0000000e+01   0.0000000e+00   7.7133500e-01   8.2152800e-01   3.1793170e+00   0.0000000e+00
   8.1000000e+01   1.0000000e+00   2.7639980e+00   8.2152800e-01   3.1793170e+00   0.0000000e+00
   8.2000000e+01   0.0000000e+00   4.4363200e-01   8.2152800e-01   3.1793170e+00   0.0000000e+00
   8.3000000e+01   1.0000000e+00   8.7042000e-01   8.2152800e-01   3.1793170e+00   1.0000000e+00
   8.4000000e+01   0.0000000e+00   1.4465860e+00   8.2152800e-01   3.1793170e+00   1.0000000e+00
   8.5000000e+01   0.0000000e+00   1.9934190e+00   8.2152800e-01   3.1793170e+00   0.0000000e+00
   8.6000000e+01   1.0000000e+00   1.0872850e+00   8.2152800e-01   3.1793170e+00   1.0000000e+00
   8.7000000e+01   0.0000000e+00   6.3753000e-01   8.2152800e-01   3.1793170e+00   1.0000000e+00
   8.8000000e+01   1.0000000e+00   1.9753910e+00   8.2152800e-01   3.1793170e+00   0.0000000e+00
   8.9000000e+01   0.0000000e+00   5.6205700e-01   8.2152800e-01   3.1793170e+00   1.0000000e+00
   9.0000000e+01   0.0000000e+00   6.5219700e-01   8.2152800e-01   3.1793170e+00   0.0000000e+00
   9.1000000e+01   0.0000000e+00   5.7026800e-01   8.2152800e-01   3.1793170e+00   0.0000000e+00
   9.2000000e+01   0.0000000e+00   5.3762100e-01   8.2152800e-01   3.1793170e+00   1.0000000e+00
   9.3000000e+01   1.0000000e+00   7.2101800e-01   8.2152800e-01   3.1793170e+00   1.0000000e+00
   9.4000000e+01   0.0000000e+00   5.9619900e-01   8.2152800e-01   3.1793170e+00   0.0000000e+00
   9.5000000e+01   1.0000000e+00   5.8207500e-01   8.2152800e-01   3.1793170e+00   0.0000000e+00
   9.6000000e+01   0.0000000e+00   2.9828980e+00   8.2152800e-01   3.1793170e+00   0.0000000e+00
   9.7000000e+01   0.0000000e+00   4.9347800e-01   8.2152800e-01   3.1793170e+00   1.0000000e+00
   9.8000000e+01   0.0000000e+00   1.8196870e+00   8.2152800e-01   3.1793170e+00   1.0000000e+00
   9.9000000e+01   1.0000000e+00   5.4334500e-01   8.2152800e-01   3.1793170e+00   1.0000000e+00
   1.0000000e+02   0.0000000e+00   8.5247200e-01   8.2152800e-01   3.1793170e+00   1.0000000e+00
   1.0100000e+02   0.0000000e+00   1.3610000e+00   8.2152800e-01   3.1793170e+00   0.0000000e+00
   1.0200000e+02   0.0000000e+00   4.6595600e-01   8.2152800e-01   3.1793170e+00   1.0000000e+00
   1.0300000e+02   1.0000000e+00   5.9956800e-01   8.2152800e-01   3.1793170e+00   0.0000000e+00
   1.0400000e+02   1.0000000e+00   5.2945800e-01   8.2152800e-01   3.1793170e+00   0.0000000e+00
   1.0500000e+02   0.0000000e+00   7.0824200e-01   8.2152800e-01   3.1793170e+00   1.0000000e+00
   1.0600000e+02   0.0000000e+00   9.1465200e-01   8.2152800e-01   3.1793170e+00   1.0000000e+00
   1.0700000e+02   0.0000000e+00   5.8683800e-01   8.2152800e-01   3.1793170e+00   1.0000000e+00
   1.0800000e+02   1.0000000e+00   9.7825100e-01   8.2152800e-01   3.1793170e+00   1.0000000e+00
   1.0900000e+02   0.0000000e+00   5.2486300e-01   8.2152800e-01   3.1793170e+00   0.0000000e+00
   1.1000000e+02   0.0000000e+00   7.1738400e-01   8.2152800e-01   3.1793170e+00   1.0000000e+00
   1.1100000e+02   0.0000000e+00   4.6375700e-01   8.2152800e-01   3.1793170e+00   0.0000000e+00
   1.1200000e+02   1.0000000e+00   7.1461900e-01   8.2152800e-01   3.1793170e+00   0.0000000e+00
   1.1300000e+02   0.0000000e+00   5.5914500e-01   8.2152800e-01   3.1793170e+00   0.0000000e+00
   1.1400000e+02   0.0000000e+00   6.6468600e-01   8.2152800e-01   3.1793170e+00   1.0000000e+00
   1.1500000e+02   0.0000000e+00   2.3313760e+00   8.2152800e-01   3.1793170e+00   0.0000000e+00
   1.1600000e+02   0.0000000e+00   5.6366300e-01   8.2152800e-01   3.1793170e+00   1.0000000e+00
   1.1700000e+02   1.0000000e+00   7.7969700e-01   8.2152800e-01   3.1793170e+00   1.0000000e+00
   1.1800000e+02   0.0000000e+00   8.4777300e-01   8.2152800e-01   3.1793170e+00   0.0000000e+00
   1.1900000e+02   0.0000000e+00   2.7145540e+00   8.2152800e-01   3.1793170e+00   0.0000000e+00
   1.2000000e+02   0.0000000e+00   1.1362170e+00   8.2152800e-01   3.1793170e+00   1.0000000e+00
   1.2100000e+02   1.0000000e+00   6.7483000e-01   8.2152800e-01   3.1793170e+00   1.0000000e+00
   1.2200000e+02   0.0000000e+00   6.2134300e-01   8.2152800e-01   3.1793170e+00   1.0000000e+00
   1.2300000e+02   0.0000000e+00   6.2754500e-01   8.2152800e-01   3.1793170e+00   0.0000000e+00
   1.2400000e+02   1.0000000e+00   6.6997800e-01   8.2152800e-01   3.1793170e+00   0.0000000e+00
   1.2500000e+02   0.0000000e+00   7.1039100e-01   8.2152800e-01   3.1793170e+00   1.0000000e+00
   1.2600000e+02   0.0000000e+00   6.4414600e-01   8.2152800e-01   3.1793170e+00   1.0000000e+00
   1.2700000e+02   0.0000000e+00   5.2421700e-01   8.2152800e-01   3.1793170e+00   1.0000000e+00
   1.2800000e+02   0.0000000e+00   1.2988280e+00   8.2152800e-01   3.1793170e+00   0.0000000e+00
   1.2900000e+02   0.0000000e+00   6.6026800e-01   8.2152800e-01   3.1793170e+00   0.0000000e+00
   1.3000000e+02   1.0000000e+00   8.0249000e-01   8.2152800e-01   3.1793170e+00   1.0000000e+00
   1.3100000e+02   0.0000000e+00   5.8961800e-01   8.2152800e-01   3.1793170e+00   0.0000000e+00
   1.3200000e+02   1.0000000e+00   5.9923900e-01   8.2152800e-01   3.1793170e+00   0.0000000e+00
   1.3300000e+02   0.0000000e+00   1.2057940e+00   8.2152800e-01   3.1793170e+00   0.0000000e+00
   1.3400000e+02   0.0000000e+00   1.2438230e+00   8.2152800e-01   3.1793170e+00   1.0000000e+00
   1.3500000e+02   1.0000000e+00   8.5004700e-01   8.2152800e-01   3.1793170e+00   0.0000000e+00
   1.3600000e+02   1.0000000e+00   1.3397430e+00   8.2152800e-01   3.1793170e+00   1.0000000e+00
