   1.0000000e+00   0.0000000e+00   1.8763700e+00   8.2734600e-01   2.9224430e+00   1.0000000e+00
   2.0000000e+00   0.0000000e+00   1.0859140e+00   8.2734600e-01   2.9224430e+00   1.0000000e+00
   3.0000000e+00   1.0000000e+00   8.0184600e-01   8.2734600e-01   2.9224430e+00   0.0000000e+00
   4.0000000e+00   1.0000000e+00   7.5794200e-01   8.2734600e-01   2.9224430e+00   1.0000000e+00
   5.0000000e+00   0.0000000e+00   5.7490800e-01   8.2734600e-01   2.9224430e+00   1.0000000e+00
   6.0000000e+00   0.0000000e+00   5.3709900e-01   8.2734600e-01   2.9224430e+00   1.0000000e+00
   7.0000000e+00   1.0000000e+00   1.7994870e+00   8.2734600e-01   2.9224430e+00   0.0000000e+00
   8.0000000e+00   0.0000000e+00   1.1124190e+00   8.2734600e-01   2.9224430e+00   1.0000000e+00
   9.0000000e+00   0.0000000e+00   3.2311050e+00   8.2734600e-01   2.9224430e+00   0.0000000e+00
   1.0000000e+01   1.0000000e+00   1.4617480e+00   8.2734600e-01   2.9224430e+00   1.0000000e+00
   1.1000000e+01   0.0000000e+00   6.8404900e-01   8.2734600e-01   2.9224430e+00   1.0000000e+00
   1.2000000e+01   0.0000000e+00   4.7437100e-01   8.2734600e-01   2.9224430e+00   0.0000000e+00
   1.3000000e+01   0.0000000e+00   1.1550850e+00   8.2734600e-01   2.9224430e+00   0.0000000e+00
   1.4000000e+01   0.0000000e+00   8.6278200e-01   8.2734600e-01   2.9224430e+00   1.0000000e+00
   1.5000000e+01   1.0000000e+00   4.5633300e-01   8.2734600e-01   2.9224430e+00   1.0000000e+00
   1.6000000e+01   0.0000000e+00   1.2600890e+00   8.2734600e-01   2.9224430e+00   0.0000000e+00
   1.7000000e+01   1.0000000e+00   2.8550600e+00   8.2734600e-01   2.9224430e+00   0.0000000e+00
   1.8000000e+01   0.0000000e+00   7.1994800e-01   8.2734600e-01   2.9224430e+00   0.0000000e+00
   1.9000000e+01   0.0000000e+00   5.0971700e-01   8.2734600e-01   2.9224430e+00   1.0000000e+00
   2.0000000e+01   1.0000000e+00   1.0436030e+00   8.2734600e-01   2.9224430e+00   1.0000000e+00
   2.1000000e+01   0.0000000e+00   1.2421790e+00   8.2734600e-01   2.9224430e+00   0.0000000e+00
   2.2000000e+01   1.0000000e+00   5.3152200e-01   8.2734600e-01   2.9224430e+00   0.0000000e+00
   2.3000000e+01   0.0000000e+00   1.7260450e+00   8.2734600e-01   2.9224430e+00   0.0000000e+00
   2.4000000e+01   0.0000000e+00   1.4843950e+00   8.2734600e-01   2.9224430e+00   1.0000000e+00
   2.5000000e+01   1.0000000e+00   6.5726500e-01   8.2734600e-01   2.9224430e+00   1.0000000e+00
   2.6000000e+01   0.0000000e+00   8.1054200e-01   8.2734600e-01   2.9224430e+00   1.0000000e+00
   2.7000000e+01   0.0000000e+00   1.5706280e+00   8.2734600e-01   2.9224430e+00   0.0000000e+00
   2.8000000e+01   0.0000000e+00   5.6109300e-01   8.2734600e-01   2.9224430e+00   0.0000000e+00
   2.9000000e+01   1.0000000e+00   7.1247200e-01   8.2734600e-01   2.9224430e+00   0.0000000e+00
   3.0000000e+01   0.0000000e+00   4.6921100e-01   8.2734600e-01   2.9224430e+00   1.0000000e+00
   3.1000000e+01   0.0000000e+00   6.1342900e-01   8.2734600e-01   2.9224430e+00   1.0000000e+00
   3.2000000e+01   1.0000000e+00   5.5524400e-01   8.2734600e-01   2.9224430e+00   0.0000000e+00
   3.3000000e+01   0.0000000e+00   6.0228600e-01   8.2734600e-01   2.9224430e+00   0.0000000e+00
   3.4000000e+01   0.0000000e+00   7.6297000e-01   8.2734600e-01   2.9224430e+00   0.0000000e+00
   3.5000000e+01   0.0000000e+00   6.9470600e-01   8.2734600e-01   2.9224430e+00   0.0000000e+00
   3.6000000e+01   1.0000000e+00   5.8902600e-01   8.2734600e-01   2.9224430e+00   1.0000000e+00
   3.7000000e+01   0.0000000e+00   1.1669050e+00   8.2734600e-01   2.9224430e+00   0.0000000e+00
   3.8000000e+01   0.0000000e+00   4.3949700e-01   8.2734600e-01   2.9224430e+00   1.0000000e+00
   3.9000000e+01   1.0000000e+00   7.4267000e-01   8.2734600e-01   2.9224430e+00   0.0000000e+00
   4.0000000e+01   0.0000000e+00   8.1459000e-01   8.2734600e-01   2.9224430e+00   1.0000000e+00
   4.1000000e+01   1.0000000e+00   8.1573900e-01   8.2734600e-01   2.9224430e+00   1.0000000e+00
   4.2000000e+01   1.0000000e+00   5.3910400e-01   8.2734600e-01   2.9224430e+00   1.0000000e+00
   4.3000000e+01   0.0000000e+00   7.2252000e-01   8.2734600e-01   2.9224430e+00   1.0000000e+00
   4.4000000e+01   0.0000000e+00   1.5054790e+00   8.2734600e-01   2.9224430e+00   1.0000000e+00
   4.5000000e+01   0.0000000e+00   6.8577100e-01   8.2734600e-01   2.9224430e+00   0.0000000e+00
   4.6000000e+01   0.0000000e+00   9.0165700e-01   8.2734600e-01   2.9224430e+00   0.0000000e+00
   4.7000000e+01   1.0000000e+00   7.4666900e-01   8.2734600e-01   2.9224430e+00   0.0000000e+00
   4.8000000e+01   0.0000000e+00   6.2494500e-01   8.2734600e-01   2.9224430e+00   1.0000000e+00
   4.9000000e+01   0.0000000e+00   7.3203500e-01   8.2734600e-01   2.9224430e+00   0.0000000e+00
   5.0000000e+01   0.0000000e+00   7.9121300e-01   8.2734600e-01   2.9224430e+00   1.0000000e+00
   5.1000000e+01   0.0000000e+00   1.1982970e+00   8.2734600e-01   2.9224430e+00   1.0000000e+00
   5.2000000e+01   1.0000000e+00   5.7040300e-01   8.2734600e-01   2.9224430e+00   1.0000000e+00
   5.3000000e+01   0.0000000e+00   4.9084400e-01   8.2734600e-01   2.9224430e+00   1.0000000e+00
   5.4000000e+01   0.0000000e+00   6.3141000e-01   8.2734600e-01   2.9224430e+00   0.0000000e+00
   5.5000000e+01   0.0000000e+00   6.0292200e-01   8.2734600e-01   2.9224430e+00   1.0000000e+00
   5.6000000e+01   1.0000000e+00   4.6383500e-01   8.2734600e-01   2.9224430e+00   0.0000000e+00
   5.7000000e+01   0.0000000e+00   8.5569000e-01   8.2734600e-01   2.9224430e+00   0.0000000e+00
   5.8000000e+01   1.0000000e+00   7.5126300e-01   8.2734600e-01   2.9224430e+00   0.0000000e+00
   5.9000000e+01   0.0000000e+00   1.2672400e+00   8.2734600e-01   2.9224430e+00   1.0000000e+00
   6.0000000e+01   0.0000000e+00   7.1671400e-01   8.2734600e-01   2.9224430e+00   0.0000000e+00
   6.1000000e+01   0.0000000e+00   1.2302880e+00   8.2734600e-01   2.9224430e+00   0.0000000e+00
   6.2000000e+01   0.0000000e+00   1.7148850e+00   8.2734600e-01   2.9224430e+00   0.0000000e+00
   6.3000000e+01   1.0000000e+00   5.5361000e-01   8.2734600e-01   2.9224430e+00   1.0000000e+00
   6.4000000e+01   0.0000000e+00   6.7408700e-01   8.2734600e-01   2.9224430e+00   0.0000000e+00
   6.5000000e+01   1.0000000e+00   7.5288900e-01   8.2734600e-01   2.9224430e+00   1.0000000e+00
   6.6000000e+01   0.0000000e+00   4.6205600e-01   8.2734600e-01   2.9224430e+00   0.0000000e+00
   6.7000000e+01   0.0000000e+00   2.5424300e+00   8.2734600e-01   2.9224430e+00   0.0000000e+00
   6.8000000e+01   0.0000000e+00   4.7289400e-01   8.2734600e-01   2.9224430e+00   1.0000000e+00
   6.9000000e+01   0.0000000e+00   9.1470900e-01   8.2734600e-01   2.9224430e+00   1.0000000e+00
   7.0000000e+01   1.0000000e+00   1.8312550e+00   8.2734600e-01   2.9224430e+00   0.0000000e+00
   7.1000000e+01   1.0000000e+00   5.3215300e-01   8.2734600e-01   2.9224430e+00   1.0000000e+00
   7.2000000e+01   0.0000000e+00   5.6770900e-01   8.2734600e-01   2.9224430e+00   0.0000000e+00
   7.3000000e+01   0.0000000e+00   9.0661400e-01   8.2734600e-01   2.9224430e+00   1.0000000e+00
   7.4000000e+01   0.0000000e+00   1.4406310e+00   8.2734600e-01   2.9224430e+00   1.0000000e+00
   7.5000000e+01   1.0000000e+00   1.3577800e+00   8.2734600e-01   2.9224430e+00   0.0000000e+00
   7.6000000e+01   0.0000000e+00   8.0716900e-01   8.2734600e-01   2.9224430e+00   1.0000000e+00
   7.7000000e+01   0.0000000e+00   1.0720210e+00   8.2734600e-01   2.9224430e+00   1.0000000e+00
   7.8000000e+01   0.0000000e+00   1.0553810e+00   8.2734600e-01   2.9224430e+00   1.0000000e+00
   7.9000000e+01   0.0000000e+00   8.3699700e-01   8.2734600e-01   2.9224430e+00   0.0000000e+00
   8.0000000e+01   0.0000000e+00   6.1168900e-01   8.2734600e-01   2.9224430e+00   0.0000000e+00
   8.1000000e+01   1.0000000e+00   5.5984700e-01   8.2734600e-01   2.9224430e+00   0.0000000e+00
   8.2000000e+01   0.0000000e+00   1.3307600e+00   8.2734600e-01   2.9224430e+00   0.0000000e+00
   8.3000000e+01   0.0000000e+00   5.7616500e-01   8.2734600e-01   2.9224430e+00   0.0000000e+00
   8.4000000e+01   0.0000000e+00   4.6894900e-01   8.2734600e-01   2.9224430e+00   1.0000000e+00
   8.5000000e+01   0.0000000e+00   9.0668700e-01   8.2734600e-01   2.9224430e+00   0.0000000e+00
   8.6000000e+01   1.0000000e+00   9.1851900e-01   8.2734600e-01   2.9224430e+00   1.0000000e+00
   8.7000000e+01   0.0000000e+00   6.5151300e-01   8.2734600e-01   2.9224430e+00   0.0000000e+00
   8.8000000e+01   1.0000000e+00   4.8404100e-01   8.2734600e-01   2.9224430e+00   0.0000000e+00
   8.9000000e+01   0.0000000e+00   6.5763300e-01   8.2734600e-01   2.9224430e+00   1.0000000e+00
   9.0000000e+01   1.0000000e+00   1.5764650e+00   8.2734600e-01   2.9224430e+00   1.0000000e+00
   9.1000000e+01   0.0000000e+00   8.8999900e-01   8.2734600e-01   2.9224430e+00   0.0000000e+00
   9.2000000e+01   0.0000000e+00   5.4440700e-01   8.2734600e-01   2.9224430e+00   0.0000000e+00
   9.3000000e+01   0.0000000e+00   5.7420300e-01   8.2734600e-01   2.9224430e+00   0.0000000e+00
   9.4000000e+01   0.0000000e+00   7.9659700e-01   8.2734600e-01   2.9224430e+00   1.0000000e+00
   9.5000000e+01   0.0000000e+00   9.6228000e-01   8.2734600e-01   2.9224430e+00   0.0000000e+00
   9.6000000e+01   0.0000000e+00   1.0435580e+00   8.2734600e-01   2.9224430e+00   1.0000000e+00
   9.7000000e+01   0.0000000e+00   1.0332990e+00   8.2734600e-01   2.9224430e+00   1.0000000e+00
   9.8000000e+01   1.0000000e+00   4.7037400e-01   8.2734600e-01   2.9224430e+00   0.0000000e+00
   9.9000000e+01   0.0000000e+00   6.3938200e-01   8.2734600e-01   2.9224430e+00   0.0000000e+00
   1.0000000e+02   1.0000000e+00   4.4847400e-01   8.2734600e-01   2.9224430e+00   1.0000000e+00
   1.0100000e+02   0.0000000e+00   6.2692700e-01   8.2734600e-01   2.9224430e+00   1.0000000e+00
   1.0200000e+02   0.0000000e+00   1.0573190e+00   8.2734600e-01   2.9224430e+00   1.0000000e+00
   1.0300000e+02   1.0000000e+00   1.4904570e+00   8.2734600e-01   2.9224430e+00   1.0000000e+00
   1.0400000e+02   0.0000000e+00   6.9843300e-01   8.2734600e-01   2.9224430e+00   0.0000000e+00
   1.0500000e+02   0.0000000e+00   6.0059100e-01   8.2734600e-01   2.9224430e+00   1.0000000e+00
   1.0600000e+02   0.0000000e+00   1.1894560e+00   8.2734600e-01   2.9224430e+00   0.0000000e+00
   1.0700000e+02   0.0000000e+00   1.4028670e+00   8.2734600e-01   2.9224430e+00   0.0000000e+00
   1.0800000e+02   0.0000000e+00   1.5322820e+00   8.2734600e-01   2.9224430e+00   1.0000000e+00
   1.0900000e+02   1.0000000e+00   4.4763200e-01   8.2734600e-01   2.9224430e+00   0.0000000e+00
   1.1000000e+02   0.0000000e+00   9.4795700e-01   8.2734600e-01   2.9224430e+00   1.0000000e+00
   1.1100000e+02   1.0000000e+00   8.7542500e-01   8.2734600e-01   2.9224430e+00   1.0000000e+00
   1.1200000e+02   0.0000000e+00   5.9165700e-01   8.2734600e-01   2.9224430e+00   1.0000000e+00
   1.1300000e+02   0.0000000e+00   3.5085720e+00   8.2734600e-01   2.9224430e+00   1.0000000e+00
   1.1400000e+02   0.0000000e+00   1.7343230e+00   8.2734600e-01   2.9224430e+00   1.0000000e+00
   1.1500000e+02   1.0000000e+00   4.6370800e-01   8.2734600e-01   2.9224430e+00   0.0000000e+00
   1.1600000e+02   0.0000000e+00   6.7459300e-01   8.2734600e-01   2.9224430e+00   0.0000000e+00
   1.1700000e+02   1.0000000e+00   1.1486420e+00   8.2734600e-01   2.9224430e+00   0.0000000e+00
   1.1800000e+02   0.0000000e+00   5.4838700e-01   8.2734600e-01   2.9224430e+00   1.0000000e+00
   1.1900000e+02   0.0000000e+00   4.4067800e-01   8.2734600e-01   2.9224430e+00   1.0000000e+00
   1.2000000e+02   0.0000000e+00   4.7042100e-01   8.2734600e-01   2.9224430e+00   0.0000000e+00
   1.2100000e+02   0.0000000e+00   4.9920300e-01   8.2734600e-01   2.9224430e+00   0.0000000e+00
   1.2200000e+02   0.0000000e+00   5.5677000e-01   8.2734600e-01   2.9224430e+00   0.0000000e+00
   1.2300000e+02   1.0000000e+00   1.1944460e+00   8.2734600e-01   2.9224430e+00   1.0000000e+00
   1.2400000e+02   0.0000000e+00   1.2597120e+00   8.2734600e-01   2.9224430e+00   1.0000000e+00
   1.2500000e+02   0.0000000e+00   4.4024900e-01   8.2734600e-01   2.9224430e+00   1.0000000e+00
   1.2600000e+02   0.0000000e+00   1.3711130e+00   8.2734600e-01   2.9224430e+00   0.0000000e+00
   1.2700000e+02   0.0000000e+00   6.2930400e-01   8.2734600e-01   2.9224430e+00   0.0000000e+00
   1.2800000e+02   0.0000000e+00   7.6372800e-01   8.2734600e-01   2.9224430e+00   0.0000000e+00
   1.2900000e+02   0.0000000e+00   7.7051300e-01   8.2734600e-01   2.9224430e+00   1.0000000e+00
   1.3000000e+02   0.0000000e+00   1.3403770e+00   8.2734600e-01   2.9224430e+00   0.0000000e+00
   1.3100000e+02   1.0000000e+00   1.1045950e+00   8.2734600e-01   2.9224430e+00   0.0000000e+00
   1.3200000e+02   0.0000000e+00   1.0306060e+00   8.2734600e-01   2.9224430e+00   1.0000000e+00
   1.3300000e+02   1.0000000e+00   1.3652190e+00   8.2734600e-01   2.9224430e+00   1.0000000e+00
   1.3400000e+02   0.0000000e+00   6.9794400e-01   8.2734600e-01   2.9224430e+00   0.0000000e+00
   1.3500000e+02   1.0000000e+00   1.5509520e+00   8.2734600e-01   2.9224430e+00   1.0000000e+00
   1.3600000e+02   1.0000000e+00   6.4424300e-01   8.2734600e-01   2.9224430e+00   0.0000000e+00
