   1.0000000e+00   0.0000000e+00   1.1268380e+00   8.2739000e-01   2.9272663e+00   0.0000000e+00
   2.0000000e+00   0.0000000e+00   3.0235960e+00   8.2739000e-01   2.9272663e+00   1.0000000e+00
   3.0000000e+00   1.0000000e+00   2.6460340e+00   8.2739000e-01   2.9272663e+00   0.0000000e+00
   4.0000000e+00   0.0000000e+00   9.4505900e-01   8.2739000e-01   2.9272663e+00   1.0000000e+00
   5.0000000e+00   0.0000000e+00   1.2278720e+00   8.2739000e-01   2.9272663e+00   1.0000000e+00
   6.0000000e+00   1.0000000e+00   5.4078100e-01   8.2739000e-01   2.9272663e+00   1.0000000e+00
   7.0000000e+00   0.0000000e+00   8.2004600e-01   8.2739000e-01   2.9272663e+00   0.0000000e+00
   8.0000000e+00   1.0000000e+00   6.2473500e-01   8.2739000e-01   2.9272663e+00   0.0000000e+00
   9.0000000e+00   0.0000000e+00   1.1497030e+00   8.2739000e-01   2.9272663e+00   0.0000000e+00
   1.0000000e+01   0.0000000e+00   1.3002790e+00   8.2739000e-01   2.9272663e+00   0.0000000e+00
   1.1000000e+01   0.0000000e+00   9.2996300e-01   8.2739000e-01   2.9272663e+00   0.0000000e+00
   1.2000000e+01   1.0000000e+00   5.0330200e-01   8.2739000e-01   2.9272663e+00   1.0000000e+00
   1.3000000e+01   0.0000000e+00   4.6372700e-01   8.2739000e-01   2.9272663e+00   1.0000000e+00
   1.4000000e+01   1.0000000e+00   1.0025870e+00   8.2739000e-01   2.9272663e+00   1.0000000e+00
   1.5000000e+01   0.0000000e+00   4.3538000e-01   8.2739000e-01   2.9272663e+00   1.0000000e+00
   1.6000000e+01   1.0000000e+00   6.9293700e-01   8.2739000e-01   2.9272663e+00   0.0000000e+00
   1.7000000e+01   0.0000000e+00   1.8582540e+00   8.2739000e-01   2.9272663e+00   1.0000000e+00
   1.8000000e+01   0.0000000e+00   5.9168400e-01   8.2739000e-01   2.9272663e+00   1.0000000e+00
   1.9000000e+01   0.0000000e+00   5.7926900e-01   8.2739000e-01   2.9272663e+00   0.0000000e+00
   2.0000000e+01   0.0000000e+00   1.2189010e+00   8.2739000e-01   2.9272663e+00   0.0000000e+00
   2.1000000e+01   1.0000000e+00   5.9790000e-01   8.2739000e-01   2.9272663e+00   1.0000000e+00
   2.2000000e+01   0.0000000e+00   5.2777600e-01   8.2739000e-01   2.9272663e+00   1.0000000e+00
   2.3000000e+01   0.0000000e+00   1.4391880e+00   8.2739000e-01   2.9272663e+00   0.0000000e+00
   2.4000000e+01   0.0000000e+00   1.0099560e+00   8.2739000e-01   2.9272663e+00   0.0000000e+00
   2.5000000e+01   1.0000000e+00   5.0955100e-01   8.2739000e-01   2.9272663e+00   0.0000000e+00
   2.6000000e+01   0.0000000e+00   1.0254600e+00   8.2739000e-01   2.9272663e+00   1.0000000e+00
   2.7000000e+01   0.0000000e+00   3.7022040e+00   8.2739000e-01   2.9272663e+00   1.0000000e+00
   2.8000000e+01   0.0000000e+00   9.7617900e-01   8.2739000e-01   2.9272663e+00   1.0000000e+00
   2.9000000e+01   1.0000000e+00   1.4039920e+00   8.2739000e-01   2.9272663e+00   1.0000000e+00
   3.0000000e+01   0.0000000e+00   7.1251500e-01   8.2739000e-01   2.9272663e+00   0.0000000e+00
   3.1000000e+01   1.0000000e+00   4.4566400e-01   8.2739000e-01   2.9272663e+00   0.0000000e+00
   3.2000000e+01   0.0000000e+00   1.3183510e+00   8.2739000e-01   2.9272663e+00   1.0000000e+00
   3.3000000e+01   1.0000000e+00   5.8712700e-01   8.2739000e-01   2.9272663e+00   0.0000000e+00
   3.4000000e+01   0.0000000e+00   5.6698100e-01   8.2739000e-01   2.9272663e+00   0.0000000e+00
   3.5000000e+01   0.0000000e+00   1.2627040e+00   8.2739000e-01   2.9272663e+00   1.0000000e+00
   3.6000000e+01   1.0000000e+00   2.0812410e+00   8.2739000e-01   2.9272663e+00   1.0000000e+00
   3.7000000e+01   0.0000000e+00   1.3446760e+00   8.2739000e-01   2.9272663e+00   1.0000000e+00
   3.8000000e+01   0.0000000e+00   4.7523200e-01   8.2739000e-01   2.9272663e+00   0.0000000e+00
   3.9000000e+01   0.0000000e+00   1.0576440e+00   8.2739000e-01   2.9272663e+00   0.0000000e+00
   4.0000000e+01   1.0000000e+00   1.0062270e+00   8.2739000e-01   2.9272663e+00   0.0000000e+00
   4.1000000e+01   0.0000000e+00   5.9356500e-01   8.2739000e-01   2.9272663e+00   0.0000000e+00
   4.2000000e+01   0.0000000e+00   1.1028340e+00   8.2739000e-01   2.9272663e+00   1.0000000e+00
   4.3000000e+01   1.0000000e+00   8.8160900e-01   8.2739000e-01   2.9272663e+00   1.0000000e+00
   4.4000000e+01   0.0000000e+00   3.3811140e+00   8.2739000e-01   2.9272663e+00   1.0000000e+00
   4.5000000e+01   1.0000000e+00   8.3244400e-01   8.2739000e-01   2.9272663e+00   1.0000000e+00
   4.6000000e+01   0.0000000e+00   7.0221400e-01   8.2739000e-01   2.9272663e+00   1.0000000e+00
   4.7000000e+01   0.0000000e+00   1.4977760e+00   8.2739000e-01   2.9272663e+00   0.0000000e+00
   4.8000000e+01   0.0000000e+00   9.8594300e-01   8.2739000e-01   2.9272663e+00   0.0000000e+00
   4.9000000e+01   1.0000000e+00   1.5281010e+00   8.2739000e-01   2.9272663e+00   0.0000000e+00
   5.0000000e+01   0.0000000e+00   1.2395800e+00   8.2739000e-01   2.9272663e+00   1.0000000e+00
   5.1000000e+01   0.0000000e+00   1.8050420e+00   8.2739000e-01   2.9272663e+00   0.0000000e+00
   5.2000000e+01   0.0000000e+00   4.7384900e-01   8.2739000e-01   2.9272663e+00   0.0000000e+00
   5.3000000e+01   0.0000000e+00   9.5870100e-01   8.2739000e-01   2.9272663e+00   0.0000000e+00
   5.4000000e+01   1.0000000e+00   7.6311400e-01   8.2739000e-01   2.9272663e+00   1.0000000e+00
   5.5000000e+01   0.0000000e+00   1.0669660e+00   8.2739000e-01   2.9272663e+00   1.0000000e+00
   5.6000000e+01   1.0000000e+00   6.1208400e-01   8.2739000e-01   2.9272663e+00   0.0000000e+00
   5.7000000e+01   0.0000000e+00   7.2026200e-01   8.2739000e-01   2.9272663e+00   0.0000000e+00
   5.8000000e+01   0.0000000e+00   4.5573800e-01   8.2739000e-01   2.9272663e+00   1.0000000e+00
   5.9000000e+01   0.0000000e+00   8.3753200e-01   8.2739000e-01   2.9272663e+00   0.0000000e+00
   6.0000000e+01   0.0000000e+00   4.5159700e-01   8.2739000e-01   2.9272663e+00   1.0000000e+00
   6.1000000e+01   1.0000000e+00   1.0851260e+00   8.2739000e-01   2.9272663e+00   0.0000000e+00
   6.2000000e+01   0.0000000e+00   5.9183800e-01   8.2739000e-01   2.9272663e+00   0.0000000e+00
   6.3000000e+01   1.0000000e+00   7.4029100e-01   8.2739000e-01   2.9272663e+00   1.0000000e+00
   6.4000000e+01   1.0000000e+00   1.9043180e+00   8.2739000e-01   2.9272663e+00   1.0000000e+00
   6.5000000e+01   0.0000000e+00   1.5002410e+00   8.2739000e-01   2.9272663e+00   0.0000000e+00
   6.6000000e+01   0.0000000e+00   9.9615600e-01   8.2739000e-01   2.9272663e+00   1.0000000e+00
   6.7000000e+01   0.0000000e+00   6.7270500e-01   8.2739000e-01   2.9272663e+00   1.0000000e+00
   6.8000000e+01   0.0000000e+00   4.4616600e-01   8.2739000e-01   2.9272663e+00   0.0000000e+00
   6.9000000e+01   1.0000000e+00   7.1877800e-01   8.2739000e-01   2.9272663e+00   0.0000000e+00
   7.0000000e+01   0.0000000e+00   1.0797870e+00   8.2739000e-01   2.9272663e+00   0.0000000e+00
   7.1000000e+01   0.0000000e+00   5.7498300e-01   8.2739000e-01   2.9272663e+00   0.0000000e+00
   7.2000000e+01   1.0000000e+00   1.4612150e+00   8.2739000e-01   2.9272663e+00   1.0000000e+00
   7.3000000e+01   0.0000000e+00   1.4424970e+00   8.2739000e-01   2.9272663e+00   0.0000000e+00
   7.4000000e+01   0.0000000e+00   5.5608500e-01   8.2739000e-01   2.9272663e+00   1.0000000e+00
   7.5000000e+01   0.0000000e+00   6.6719300e-01   8.2739000e-01   2.9272663e+00   0.0000000e+00
   7.6000000e+01   1.0000000e+00   7.4840900e-01   8.2739000e-01   2.9272663e+00   0.0000000e+00
   7.7000000e+01   1.0000000e+00   1.0154430e+00   8.2739000e-01   2.9272663e+00   0.0000000e+00
   7.8000000e+01   0.0000000e+00   7.3524000e-01   8.2739000e-01   2.9272663e+00   0.0000000e+00
   7.9000000e+01   0.0000000e+00   6.8855500e-01   8.2739000e-01   2.9272663e+00   1.0000000e+00
   8.0000000e+01   0.0000000e+00   1.3982630e+00   8.2739000e-01   2.9272663e+00   0.0000000e+00
   8.1000000e+01   1.0000000e+00   2.3704680e+00   8.2739000e-01   2.9272663e+00   1.0000000e+00
   8.2000000e+01   0.0000000e+00   5.2293100e-01   8.2739000e-01   2.9272663e+00   1.0000000e+00
   8.3000000e+01   0.0000000e+00   1.0108930e+00   8.2739000e-01   2.9272663e+00   1.0000000e+00
   8.4000000e+01   1.0000000e+00   4.9096400e-01   8.2739000e-01   2.9272663e+00   0.0000000e+00
   8.5000000e+01   0.0000000e+00   4.4579300e-01   8.2739000e-01   2.9272663e+00   1.0000000e+00
   8.6000000e+01   0.0000000e+00   1.1141040e+00   8.2739000e-01   2.9272663e+00   0.0000000e+00
   8.7000000e+01   0.0000000e+00   9.9712400e-01   8.2739000e-01   2.9272663e+00   0.0000000e+00
   8.8000000e+01   1.0000000e+00   1.7252120e+00   8.2739000e-01   2.9272663e+00   1.0000000e+00
   8.9000000e+01   0.0000000e+00   4.6561300e-01   8.2739000e-01   2.9272663e+00   1.0000000e+00
   9.0000000e+01   0.0000000e+00   8.3354700e-01   8.2739000e-01   2.9272663e+00   0.0000000e+00
   9.1000000e+01   0.0000000e+00   5.7177400e-01   8.2739000e-01   2.9272663e+00   1.0000000e+00
   9.2000000e+01   0.0000000e+00   5.4367700e-01   8.2739000e-01   2.9272663e+00   0.0000000e+00
   9.3000000e+01   0.0000000e+00   4.5294600e-01   8.2739000e-01   2.9272663e+00   1.0000000e+00
   9.4000000e+01   0.0000000e+00   5.4016500e-01   8.2739000e-01   2.9272663e+00   1.0000000e+00
   9.5000000e+01   1.0000000e+00   5.6130300e-01   8.2739000e-01   2.9272663e+00   0.0000000e+00
   9.6000000e+01   0.0000000e+00   5.8682600e-01   8.2739000e-01   2.9272663e+00   0.0000000e+00
   9.7000000e+01   0.0000000e+00   5.3888600e-01   8.2739000e-01   2.9272663e+00   1.0000000e+00
   9.8000000e+01   0.0000000e+00   7.6211400e-01   8.2739000e-01   2.9272663e+00   1.0000000e+00
   9.9000000e+01   1.0000000e+00   6.3148500e-01   8.2739000e-01   2.9272663e+00   1.0000000e+00
   1.0000000e+02   0.0000000e+00   6.6226300e-01   8.2739000e-01   2.9272663e+00   1.0000000e+00
   1.0100000e+02   1.0000000e+00   6.8549500e-01   8.2739000e-01   2.9272663e+00   1.0000000e+00
   1.0200000e+02   0.0000000e+00   5.2023200e-01   8.2739000e-01   2.9272663e+00   0.0000000e+00
   1.0300000e+02   1.0000000e+00   7.7114000e-01   8.2739000e-01   2.9272663e+00   0.0000000e+00
   1.0400000e+02   0.0000000e+00   5.2566700e-01   8.2739000e-01   2.9272663e+00   0.0000000e+00
   1.0500000e+02   0.0000000e+00   1.3044810e+00   8.2739000e-01   2.9272663e+00   1.0000000e+00
   1.0600000e+02   1.0000000e+00   9.1718300e-01   8.2739000e-01   2.9272663e+00   1.0000000e+00
   1.0700000e+02   0.0000000e+00   5.4736700e-01   8.2739000e-01   2.9272663e+00   1.0000000e+00
   1.0800000e+02   0.0000000e+00   5.5320700e-01   8.2739000e-01   2.9272663e+00   0.0000000e+00
   1.0900000e+02   0.0000000e+00   8.4821800e-01   8.2739000e-01   2.9272663e+00   0.0000000e+00
   1.1000000e+02   0.0000000e+00   8.6146500e-01   8.2739000e-01   2.9272663e+00   0.0000000e+00
   1.1100000e+02   0.0000000e+00   5.1336700e-01   8.2739000e-01   2.9272663e+00   1.0000000e+00
   1.1200000e+02   0.0000000e+00   1.3810370e+00   8.2739000e-01   2.9272663e+00   0.0000000e+00
   1.1300000e+02   0.0000000e+00   6.0021000e-01   8.2739000e-01   2.9272663e+00   1.0000000e+00
   1.1400000e+02   0.0000000e+00   4.5107600e-01   8.2739000e-01   2.9272663e+00   1.0000000e+00
   1.1500000e+02   1.0000000e+00   7.5956600e-01   8.2739000e-01   2.9272663e+00   0.0000000e+00
   1.1600000e+02   1.0000000e+00   6.8009700e-01   8.2739000e-01   2.9272663e+00   0.0000000e+00
   1.1700000e+02   0.0000000e+00   8.1143500e-01   8.2739000e-01   2.9272663e+00   0.0000000e+00
   1.1800000e+02   1.0000000e+00   5.6183400e-01   8.2739000e-01   2.9272663e+00   1.0000000e+00
   1.1900000e+02   0.0000000e+00   1.0309630e+00   8.2739000e-01   2.9272663e+00   1.0000000e+00
   1.2000000e+02   0.0000000e+00   4.4408000e-01   8.2739000e-01   2.9272663e+00   1.0000000e+00
   1.2100000e+02   0.0000000e+00   1.0516410e+00   8.2739000e-01   2.9272663e+00   1.0000000e+00
   1.2200000e+02   0.0000000e+00   8.9472600e-01   8.2739000e-01   2.9272663e+00   0.0000000e+00
   1.2300000e+02   0.0000000e+00   8.7057000e-01   8.2739000e-01   2.9272663e+00   0.0000000e+00
   1.2400000e+02   0.0000000e+00   4.3832400e-01   8.2739000e-01   2.9272663e+00   0.0000000e+00
   1.2500000e+02   0.0000000e+00   5.2844800e-01   8.2739000e-01   2.9272663e+00   1.0000000e+00
   1.2600000e+02   1.0000000e+00   5.2755500e-01   8.2739000e-01   2.9272663e+00   0.0000000e+00
   1.2700000e+02   0.0000000e+00   8.5222000e-01   8.2739000e-01   2.9272663e+00   1.0000000e+00
   1.2800000e+02   1.0000000e+00   1.4007460e+00   8.2739000e-01   2.9272663e+00   1.0000000e+00
   1.2900000e+02   0.0000000e+00   6.7700600e-01   8.2739000e-01   2.9272663e+00   0.0000000e+00
   1.3000000e+02   0.0000000e+00   7.2478000e-01   8.2739000e-01   2.9272663e+00   1.0000000e+00
   1.3100000e+02   0.0000000e+00   6.1551300e-01   8.2739000e-01   2.9272663e+00   1.0000000e+00
   1.3200000e+02   0.0000000e+00   7.6082700e-01   8.2739000e-01   2.9272663e+00   0.0000000e+00
   1.3300000e+02   0.0000000e+00   6.4455700e-01   8.2739000e-01   2.9272663e+00   0.0000000e+00
   1.3400000e+02   0.0000000e+00   1.4275640e+00   8.2739000e-01   2.9272663e+00   1.0000000e+00
   1.3500000e+02   1.0000000e+00   8.5754300e-01   8.2739000e-01   2.9272663e+00   1.0000000e+00
   1.3600000e+02   1.0000000e+00   6.4689800e-01   8.2739000e-01   2.9272663e+00   0.0000000e+00
