   1.0000000e+00   0.0000000e+00   3.1352000e+00   8.2790400e-01   3.2239681e+00   1.0000000e+00
   2.0000000e+00   0.0000000e+00   1.5830820e+00   8.2790400e-01   3.2239681e+00   1.0000000e+00
   3.0000000e+00   1.0000000e+00   4.4041100e-01   8.2790400e-01   3.2239681e+00   0.0000000e+00
   4.0000000e+00   0.0000000e+00   6.7212100e-01   8.2790400e-01   3.2239681e+00   0.0000000e+00
   5.0000000e+00   0.0000000e+00   7.5208600e-01   8.2790400e-01   3.2239681e+00   1.0000000e+00
   6.0000000e+00   1.0000000e+00   6.8971900e-01   8.2790400e-01   3.2239681e+00   1.0000000e+00
   7.0000000e+00   0.0000000e+00   4.9310900e-01   8.2790400e-01   3.2239681e+00   0.0000000e+00
   8.0000000e+00   1.0000000e+00   5.0415300e-01   8.2790400e-01   3.2239681e+00   0.0000000e+00
   9.0000000e+00   0.0000000e+00   6.0153500e-01   8.2790400e-01   3.2239681e+00   1.0000000e+00
   1.0000000e+01   0.0000000e+00   5.5650400e-01   8.2790400e-01   3.2239681e+00   1.0000000e+00
   1.1000000e+01   0.0000000e+00   6.0277300e-01   8.2790400e-01   3.2239681e+00   0.0000000e+00
   1.2000000e+01   0.0000000e+00   7.8695400e-01   8.2790400e-01   3.2239681e+00   1.0000000e+00
   1.3000000e+01   0.0000000e+00   2.2025370e+00   8.2790400e-01   3.2239681e+00   1.0000000e+00
   1.4000000e+01   1.0000000e+00   1.3658400e+00   8.2790400e-01   3.2239681e+00   1.0000000e+00
   1.5000000e+01   0.0000000e+00   2.3303730e+00   8.2790400e-01   3.2239681e+00   1.0000000e+00
   1.6000000e+01   1.0000000e+00   5.9692700e-01   8.2790400e-01   3.2239681e+00   1.0000000e+00
   1.7000000e+01   0.0000000e+00   4.6109200e-01   8.2790400e-01   3.2239681e+00   1.0000000e+00
   1.8000000e+01   0.0000000e+00   1.3614770e+00   8.2790400e-01   3.2239681e+00   0.0000000e+00
   1.9000000e+01   1.0000000e+00   6.1601000e-01   8.2790400e-01   3.2239681e+00   0.0000000e+00
   2.0000000e+01   0.0000000e+00   5.3990400e-01   8.2790400e-01   3.2239681e+00   0.0000000e+00
   2.1000000e+01   0.0000000e+00   5.3023000e-01   8.2790400e-01   3.2239681e+00   0.0000000e+00
   2.2000000e+01   1.0000000e+00   1.1916340e+00   8.2790400e-01   3.2239681e+00   1.0000000e+00
   2.3000000e+01   0.0000000e+00   2.3026860e+00   8.2790400e-01   3.2239681e+00   0.0000000e+00
   2.4000000e+01   0.0000000e+00   5.8069000e-01   8.2790400e-01   3.2239681e+00   1.0000000e+00
   2.5000000e+01   0.0000000e+00   6.6415300e-01   8.2790400e-01   3.2239681e+00   0.0000000e+00
   2.6000000e+01   1.0000000e+00   1.0280870e+00   8.2790400e-01   3.2239681e+00   0.0000000e+00
   2.7000000e+01   0.0000000e+00   1.2889080e+00   8.2790400e-01   3.2239681e+00   0.0000000e+00
   2.8000000e+01   0.0000000e+00   5.6881900e-01   8.2790400e-01   3.2239681e+00   1.0000000e+00
   2.9000000e+01   1.0000000e+00   4.8283600e-01   8.2790400e-01   3.2239681e+00   1.0000000e+00
   3.0000000e+01   0.0000000e+00   5.9140300e-01   8.2790400e-01   3.2239681e+00   0.0000000e+00
   3.1000000e+01   0.0000000e+00   5.5040000e-01   8.2790400e-01   3.2239681e+00   0.0000000e+00
   3.2000000e+01   1.0000000e+00   5.7227200e-01   8.2790400e-01   3.2239681e+00   0.0000000e+00
   3.3000000e+01   1.0000000e+00   8.7280700e-01   8.2790400e-01   3.2239681e+00   0.0000000e+00
   3.4000000e+01   0.0000000e+00   4.4984600e-01   8.2790400e-01   3.2239681e+00   1.0000000e+00
   3.5000000e+01   1.0000000e+00   4.3974800e-01   8.2790400e-01   3.2239681e+00   1.0000000e+00
   3.6000000e+01   0.0000000e+00   1.5195410e+00   8.2790400e-01   3.2239681e+00   1.0000000e+00
   3.7000000e+01   0.0000000e+00   6.5972400e-01   8.2790400e-01   3.2239681e+00   1.0000000e+00
   3.8000000e+01   0.0000000e+00   1.2115750e+00   8.2790400e-01   3.2239681e+00   0.0000000e+00
   3.9000000e+01   0.0000000e+00   4.4345900e-01   8.2790400e-01   3.2239681e+00   1.0000000e+00
   4.0000000e+01   1.0000000e+00   1.3482030e+00   8.2790400e-01   3.2239681e+00   0.0000000e+00
   4.1000000e+01   0.0000000e+00   4.7970600e-01   8.2790400e-01   3.2239681e+00   1.0000000e+00
   4.2000000e+01   1.0000000e+00   8.8251800e-01   8.2790400e-01   3.2239681e+00   1.0000000e+00
   4.3000000e+01   0.0000000e+00   1.2844640e+00   8.2790400e-01   3.2239681e+00   1.0000000e+00
   4.4000000e+01   0.0000000e+00   7.2382500e-01   8.2790400e-01   3.2239681e+00   0.0000000e+00
   4.5000000e+01   1.0000000e+00   9.5335600e-01   8.2790400e-01   3.2239681e+00   1.0000000e+00
   4.6000000e+01   0.0000000e+00   7.5923800e-01   8.2790400e-01   3.2239681e+00   1.0000000e+00
   4.7000000e+01   0.0000000e+00   5.7617000e-01   8.2790400e-01   3.2239681e+00   0.0000000e+00
   4.8000000e+01   0.0000000e+00   8.4746600e-01   8.2790400e-01   3.2239681e+00   0.0000000e+00
   4.9000000e+01   0.0000000e+00   6.5186700e-01   8.2790400e-01   3.2239681e+00   1.0000000e+00
   5.0000000e+01   0.0000000e+00   4.4541200e-01   8.2790400e-01   3.2239681e+00   1.0000000e+00
   5.1000000e+01   0.0000000e+00   6.5376000e-01   8.2790400e-01   3.2239681e+00   1.0000000e+00
   5.2000000e+01   0.0000000e+00   4.6741200e-01   8.2790400e-01   3.2239681e+00   1.0000000e+00
   5.3000000e+01   0.0000000e+00   7.9712800e-01   8.2790400e-01   3.2239681e+00   1.0000000e+00
   5.4000000e+01   0.0000000e+00   1.3299350e+00   8.2790400e-01   3.2239681e+00   0.0000000e+00
   5.5000000e+01   0.0000000e+00   9.2509600e-01   8.2790400e-01   3.2239681e+00   0.0000000e+00
   5.6000000e+01   0.0000000e+00   8.1518500e-01   8.2790400e-01   3.2239681e+00   0.0000000e+00
   5.7000000e+01   1.0000000e+00   5.2483500e-01   8.2790400e-01   3.2239681e+00   0.0000000e+00
   5.8000000e+01   1.0000000e+00   1.5688190e+00   8.2790400e-01   3.2239681e+00   1.0000000e+00
   5.9000000e+01   0.0000000e+00   4.8277300e-01   8.2790400e-01   3.2239681e+00   0.0000000e+00
   6.0000000e+01   0.0000000e+00   2.2835650e+00   8.2790400e-01   3.2239681e+00   0.0000000e+00
   6.1000000e+01   0.0000000e+00   4.9668900e-01   8.2790400e-01   3.2239681e+00   0.0000000e+00
   6.2000000e+01   1.0000000e+00   4.5350500e-01   8.2790400e-01   3.2239681e+00   0.0000000e+00
   6.3000000e+01   0.0000000e+00   8.4323100e-01   8.2790400e-01   3.2239681e+00   1.0000000e+00
   6.4000000e+01   0.0000000e+00   2.4403860e+00   8.2790400e-01   3.2239681e+00   0.0000000e+00
   6.5000000e+01   1.0000000e+00   8.5894000e-01   8.2790400e-01   3.2239681e+00   0.0000000e+00
   6.6000000e+01   0.0000000e+00   1.5963710e+00   8.2790400e-01   3.2239681e+00   0.0000000e+00
   6.7000000e+01   1.0000000e+00   5.9423700e-01   8.2790400e-01   3.2239681e+00   1.0000000e+00
   6.8000000e+01   0.0000000e+00   6.9938200e-01   8.2790400e-01   3.2239681e+00   0.0000000e+00
   6.9000000e+01   0.0000000e+00   9.9705600e-01   8.2790400e-01   3.2239681e+00   1.0000000e+00
   7.0000000e+01   0.0000000e+00   1.9720440e+00   8.2790400e-01   3.2239681e+00   0.0000000e+00
   7.1000000e+01   1.0000000e+00   1.0888710e+00   8.2790400e-01   3.2239681e+00   1.0000000e+00
   7.2000000e+01   0.0000000e+00   5.2425400e-01   8.2790400e-01   3.2239681e+00   1.0000000e+00
   7.3000000e+01   1.0000000e+00   1.6573850e+00   8.2790400e-01   3.2239681e+00   0.0000000e+00
   7.4000000e+01   0.0000000e+00   7.2173600e-01   8.2790400e-01   3.2239681e+00   0.0000000e+00
   7.5000000e+01   0.0000000e+00   9.7327900e-01   8.2790400e-01   3.2239681e+00   0.0000000e+00
   7.6000000e+01   1.0000000e+00   2.0053740e+00   8.2790400e-01   3.2239681e+00   1.0000000e+00
   7.7000000e+01   0.0000000e+00   8.6843200e-01   8.2790400e-01   3.2239681e+00   0.0000000e+00
   7.8000000e+01   1.0000000e+00   6.0835300e-01   8.2790400e-01   3.2239681e+00   0.0000000e+00
   7.9000000e+01   0.0000000e+00   8.1461700e-01   8.2790400e-01   3.2239681e+00   1.0000000e+00
   8.0000000e+01   0.0000000e+00   1.2460690e+00   8.2790400e-01   3.2239681e+00   1.0000000e+00
   8.1000000e+01   0.0000000e+00   1.5993940e+00   8.2790400e-01   3.2239681e+00   1.0000000e+00
   8.2000000e+01   1.0000000e+00   7.3073800e-01   8.2790400e-01   3.2239681e+00   0.0000000e+00
   8.3000000e+01   0.0000000e+00   8.8366400e-01   8.2790400e-01   3.2239681e+00   0.0000000e+00
   8.4000000e+01   0.0000000e+00   7.3375300e-01   8.2790400e-01   3.2239681e+00   1.0000000e+00
   8.5000000e+01   0.0000000e+00   6.1785300e-01   8.2790400e-01   3.2239681e+00   0.0000000e+00
   8.6000000e+01   1.0000000e+00   6.2224700e-01   8.2790400e-01   3.2239681e+00   1.0000000e+00
   8.7000000e+01   0.0000000e+00   2.8431350e+00   8.2790400e-01   3.2239681e+00   0.0000000e+00
   8.8000000e+01   0.0000000e+00   8.0044400e-01   8.2790400e-01   3.2239681e+00   0.0000000e+00
   8.9000000e+01   1.0000000e+00   1.0514120e+00   8.2790400e-01   3.2239681e+00   0.0000000e+00
   9.0000000e+01   0.0000000e+00   5.8951200e-01   8.2790400e-01   3.2239681e+00   0.0000000e+00
   9.1000000e+01   1.0000000e+00   6.3211400e-01   8.2790400e-01   3.2239681e+00   1.0000000e+00
   9.2000000e+01   0.0000000e+00   8.9447900e-01   8.2790400e-01   3.2239681e+00   1.0000000e+00
   9.3000000e+01   0.0000000e+00   6.7324400e-01   8.2790400e-01   3.2239681e+00   1.0000000e+00
   9.4000000e+01   0.0000000e+00   5.1992200e-01   8.2790400e-01   3.2239681e+00   1.0000000e+00
   9.5000000e+01   1.0000000e+00   9.9309300e-01   8.2790400e-01   3.2239681e+00   0.0000000e+00
   9.6000000e+01   0.0000000e+00   7.3869100e-01   8.2790400e-01   3.2239681e+00   0.0000000e+00
   9.7000000e+01   0.0000000e+00   6.3504000e-01   8.2790400e-01   3.2239681e+00   1.0000000e+00
   9.8000000e+01   1.0000000e+00   6.2894000e-01   8.2790400e-01   3.2239681e+00   1.0000000e+00
   9.9000000e+01   0.0000000e+00   1.1691500e+00   8.2790400e-01   3.2239681e+00   1.0000000e+00
   1.0000000e+02   0.0000000e+00   7.8939300e-01   8.2790400e-01   3.2239681e+00   0.0000000e+00
   1.0100000e+02   0.0000000e+00   8.7401500e-01   8.2790400e-01   3.2239681e+00   1.0000000e+00
   1.0200000e+02   0.0000000e+00   5.9113500e-01   8.2790400e-01   3.2239681e+00   0.0000000e+00
   1.0300000e+02   0.0000000e+00   1.0124100e+00   8.2790400e-01   3.2239681e+00   1.0000000e+00
   1.0400000e+02   0.0000000e+00   4.9718900e-01   8.2790400e-01   3.2239681e+00   1.0000000e+00
   1.0500000e+02   0.0000000e+00   7.6206600e-01   8.2790400e-01   3.2239681e+00   0.0000000e+00
   1.0600000e+02   1.0000000e+00   9.6531600e-01   8.2790400e-01   3.2239681e+00   1.0000000e+00
   1.0700000e+02   0.0000000e+00   2.0328310e+00   8.2790400e-01   3.2239681e+00   0.0000000e+00
   1.0800000e+02   0.0000000e+00   4.3746400e-01   8.2790400e-01   3.2239681e+00   1.0000000e+00
   1.0900000e+02   0.0000000e+00   1.0426420e+00   8.2790400e-01   3.2239681e+00   0.0000000e+00
   1.1000000e+02   1.0000000e+00   1.2807490e+00   8.2790400e-01   3.2239681e+00   0.0000000e+00
   1.1100000e+02   0.0000000e+00   9.8453100e-01   8.2790400e-01   3.2239681e+00   1.0000000e+00
   1.1200000e+02   1.0000000e+00   5.6934300e-01   8.2790400e-01   3.2239681e+00   1.0000000e+00
   1.1300000e+02   1.0000000e+00   1.1055070e+00   8.2790400e-01   3.2239681e+00   0.0000000e+00
   1.1400000e+02   0.0000000e+00   8.1255200e-01   8.2790400e-01   3.2239681e+00   1.0000000e+00
   1.1500000e+02   0.0000000e+00   8.5671100e-01   8.2790400e-01   3.2239681e+00   0.0000000e+00
   1.1600000e+02   0.0000000e+00   7.1355700e-01   8.2790400e-01   3.2239681e+00   1.0000000e+00
   1.1700000e+02   0.0000000e+00   9.3976900e-01   8.2790400e-01   3.2239681e+00   1.0000000e+00
   1.1800000e+02   1.0000000e+00   6.6317700e-01   8.2790400e-01   3.2239681e+00   0.0000000e+00
   1.1900000e+02   0.0000000e+00   6.1003200e-01   8.2790400e-01   3.2239681e+00   0.0000000e+00
   1.2000000e+02   1.0000000e+00   1.6870870e+00   8.2790400e-01   3.2239681e+00   1.0000000e+00
   1.2100000e+02   0.0000000e+00   1.6809680e+00   8.2790400e-01   3.2239681e+00   0.0000000e+00
   1.2200000e+02   0.0000000e+00   8.1527500e-01   8.2790400e-01   3.2239681e+00   0.0000000e+00
   1.2300000e+02   0.0000000e+00   1.1616350e+00   8.2790400e-01   3.2239681e+00   1.0000000e+00
   1.2400000e+02   1.0000000e+00   5.4724700e-01   8.2790400e-01   3.2239681e+00   0.0000000e+00
   1.2500000e+02   0.0000000e+00   4.6890300e-01   8.2790400e-01   3.2239681e+00   0.0000000e+00
   1.2600000e+02   0.0000000e+00   1.0057670e+00   8.2790400e-01   3.2239681e+00   0.0000000e+00
   1.2700000e+02   0.0000000e+00   7.4118500e-01   8.2790400e-01   3.2239681e+00   1.0000000e+00
   1.2800000e+02   0.0000000e+00   8.7781700e-01   8.2790400e-01   3.2239681e+00   1.0000000e+00
   1.2900000e+02   1.0000000e+00   7.2714400e-01   8.2790400e-01   3.2239681e+00   1.0000000e+00
   1.3000000e+02   0.0000000e+00   8.8198700e-01   8.2790400e-01   3.2239681e+00   0.0000000e+00
   1.3100000e+02   0.0000000e+00   5.4352400e-01   8.2790400e-01   3.2239681e+00   0.0000000e+00
   1.3200000e+02   0.0000000e+00   1.3571570e+00   8.2790400e-01   3.2239681e+00   1.0000000e+00
   1.3300000e+02   0.0000000e+00   7.8882300e-01   8.2790400e-01   3.2239681e+00   1.0000000e+00
   1.3400000e+02   0.0000000e+00   1.1381200e+00   8.2790400e-01   3.2239681e+00   0.0000000e+00
   1.3500000e+02   1.0000000e+00   7.7946800e-01   8.2790400e-01   3.2239681e+00   1.0000000e+00
   1.3600000e+02   1.0000000e+00   5.5911000e-01   8.2790400e-01   3.2239681e+00   0.0000000e+00
