   1.0000000e+00   0.0000000e+00   3.5819420e+00   8.2505800e-01   2.8664116e+00   1.0000000e+00
   2.0000000e+00   0.0000000e+00   1.1340410e+00   8.2505800e-01   2.8664116e+00   1.0000000e+00
   3.0000000e+00   0.0000000e+00   5.1684300e-01   8.2505800e-01   2.8664116e+00   0.0000000e+00
   4.0000000e+00   0.0000000e+00   5.6701000e-01   8.2505800e-01   2.8664116e+00   0.0000000e+00
   5.0000000e+00   0.0000000e+00   4.8841500e-01   8.2505800e-01   2.8664116e+00   1.0000000e+00
   6.0000000e+00   0.0000000e+00   9.6504500e-01   8.2505800e-01   2.8664116e+00   1.0000000e+00
   7.0000000e+00   1.0000000e+00   1.1955360e+00   8.2505800e-01   2.8664116e+00   1.0000000e+00
   8.0000000e+00   0.0000000e+00   8.6859300e-01   8.2505800e-01   2.8664116e+00   0.0000000e+00
   9.0000000e+00   1.0000000e+00   5.9823300e-01   8.2505800e-01   2.8664116e+00   0.0000000e+00
   1.0000000e+01   0.0000000e+00   6.7273600e-01   8.2505800e-01   2.8664116e+00   0.0000000e+00
   1.1000000e+01   1.0000000e+00   1.2355410e+00   8.2505800e-01   2.8664116e+00   1.0000000e+00
   1.2000000e+01   0.0000000e+00   1.6489390e+00   8.2505800e-01   2.8664116e+00   0.0000000e+00
   1.3000000e+01   1.0000000e+00   7.0985000e-01   8.2505800e-01   2.8664116e+00   0.0000000e+00
   1.4000000e+01   0.0000000e+00   1.3483370e+00   8.2505800e-01   2.8664116e+00   1.0000000e+00
   1.5000000e+01   0.0000000e+00   1.5299030e+00   8.2505800e-01   2.8664116e+00   0.0000000e+00
   1.6000000e+01   0.0000000e+00   7.8823300e-01   8.2505800e-01   2.8664116e+00   0.0000000e+00
   1.7000000e+01   1.0000000e+00   2.1315510e+00   8.2505800e-01   2.8664116e+00   0.0000000e+00
   1.8000000e+01   0.0000000e+00   1.9421650e+00   8.2505800e-01   2.8664116e+00   0.0000000e+00
   1.9000000e+01   1.0000000e+00   6.9732900e-01   8.2505800e-01   2.8664116e+00   1.0000000e+00
   2.0000000e+01   0.0000000e+00   6.8871400e-01   8.2505800e-01   2.8664116e+00   0.0000000e+00
   2.1000000e+01   1.0000000e+00   6.2779200e-01   8.2505800e-01   2.8664116e+00   0.0000000e+00
   2.2000000e+01   0.0000000e+00   5.3678700e-01   8.2505800e-01   2.8664116e+00   0.0000000e+00
   2.3000000e+01   0.0000000e+00   6.5912200e-01   8.2505800e-01   2.8664116e+00   1.0000000e+00
   2.4000000e+01   0.0000000e+00   1.8053240e+00   8.2505800e-01   2.8664116e+00   1.0000000e+00
   2.5000000e+01   0.0000000e+00   2.3040600e+00   8.2505800e-01   2.8664116e+00   1.0000000e+00
   2.6000000e+01   1.0000000e+00   4.9005500e-01   8.2505800e-01   2.8664116e+00   1.0000000e+00
   2.7000000e+01   1.0000000e+00   1.3668590e+00   8.2505800e-01   2.8664116e+00   0.0000000e+00
   2.8000000e+01   0.0000000e+00   4.4467900e-01   8.2505800e-01   2.8664116e+00   1.0000000e+00
   2.9000000e+01   0.0000000e+00   1.6082260e+00   8.2505800e-01   2.8664116e+00   1.0000000e+00
   3.0000000e+01   0.0000000e+00   5.2680500e-01   8.2505800e-01   2.8664116e+00   0.0000000e+00
   3.1000000e+01   1.0000000e+00   5.0581800e-01   8.2505800e-01   2.8664116e+00   1.0000000e+00
   3.2000000e+01   0.0000000e+00   1.1980190e+00   8.2505800e-01   2.8664116e+00   0.0000000e+00
   3.3000000e+01   0.0000000e+00   1.5587160e+00   8.2505800e-01   2.8664116e+00   1.0000000e+00
   3.4000000e+01   0.0000000e+00   8.0881900e-01   8.2505800e-01   2.8664116e+00   1.0000000e+00
   3.5000000e+01   1.0000000e+00   6.4031500e-01   8.2505800e-01   2.8664116e+00   1.0000000e+00
   3.6000000e+01   0.0000000e+00   1.3196850e+00   8.2505800e-01   2.8664116e+00   1.0000000e+00
   3.7000000e+01   1.0000000e+00   5.6331900e-01   8.2505800e-01   2.8664116e+00   0.0000000e+00
   3.8000000e+01   0.0000000e+00   6.8361300e-01   8.2505800e-01   2.8664116e+00   1.0000000e+00
   3.9000000e+01   0.0000000e+00   5.0923700e-01   8.2505800e-01   2.8664116e+00   0.0000000e+00
   4.0000000e+01   1.0000000e+00   4.8134900e-01   8.2505800e-01   2.8664116e+00   1.0000000e+00
   4.1000000e+01   0.0000000e+00   6.5879700e-01   8.2505800e-01   2.8664116e+00   1.0000000e+00
   4.2000000e+01   1.0000000e+00   4.6741700e-01   8.2505800e-01   2.8664116e+00   0.0000000e+00
   4.3000000e+01   0.0000000e+00   6.8723800e-01   8.2505800e-01   2.8664116e+00   1.0000000e+00
   4.4000000e+01   0.0000000e+00   1.0347720e+00   8.2505800e-01   2.8664116e+00   1.0000000e+00
   4.5000000e+01   0.0000000e+00   1.4940580e+00   8.2505800e-01   2.8664116e+00   0.0000000e+00
   4.6000000e+01   1.0000000e+00   8.4541000e-01   8.2505800e-01   2.8664116e+00   0.0000000e+00
   4.7000000e+01   0.0000000e+00   1.0118360e+00   8.2505800e-01   2.8664116e+00   1.0000000e+00
   4.8000000e+01   0.0000000e+00   5.2562500e-01   8.2505800e-01   2.8664116e+00   0.0000000e+00
   4.9000000e+01   0.0000000e+00   6.4098600e-01   8.2505800e-01   2.8664116e+00   1.0000000e+00
   5.0000000e+01   0.0000000e+00   7.2290200e-01   8.2505800e-01   2.8664116e+00   0.0000000e+00
   5.1000000e+01   1.0000000e+00   9.2121300e-01   8.2505800e-01   2.8664116e+00   1.0000000e+00
   5.2000000e+01   0.0000000e+00   7.3180200e-01   8.2505800e-01   2.8664116e+00   0.0000000e+00
   5.3000000e+01   0.0000000e+00   6.2310400e-01   8.2505800e-01   2.8664116e+00   0.0000000e+00
   5.4000000e+01   0.0000000e+00   1.1180430e+00   8.2505800e-01   2.8664116e+00   0.0000000e+00
   5.5000000e+01   0.0000000e+00   7.5051800e-01   8.2505800e-01   2.8664116e+00   1.0000000e+00
   5.6000000e+01   0.0000000e+00   5.0216300e-01   8.2505800e-01   2.8664116e+00   0.0000000e+00
   5.7000000e+01   0.0000000e+00   1.8756100e+00   8.2505800e-01   2.8664116e+00   1.0000000e+00
   5.8000000e+01   0.0000000e+00   9.2642500e-01   8.2505800e-01   2.8664116e+00   0.0000000e+00
   5.9000000e+01   0.0000000e+00   1.9175100e+00   8.2505800e-01   2.8664116e+00   1.0000000e+00
   6.0000000e+01   1.0000000e+00   8.3428400e-01   8.2505800e-01   2.8664116e+00   0.0000000e+00
   6.1000000e+01   0.0000000e+00   1.5823490e+00   8.2505800e-01   2.8664116e+00   0.0000000e+00
   6.2000000e+01   0.0000000e+00   7.0735600e-01   8.2505800e-01   2.8664116e+00   0.0000000e+00
   6.3000000e+01   0.0000000e+00   6.0848100e-01   8.2505800e-01   2.8664116e+00   0.0000000e+00
   6.4000000e+01   0.0000000e+00   7.0715800e-01   8.2505800e-01   2.8664116e+00   0.0000000e+00
   6.5000000e+01   1.0000000e+00   6.5593600e-01   8.2505800e-01   2.8664116e+00   1.0000000e+00
   6.6000000e+01   0.0000000e+00   1.8479370e+00   8.2505800e-01   2.8664116e+00   1.0000000e+00
   6.7000000e+01   1.0000000e+00   1.1409550e+00   8.2505800e-01   2.8664116e+00   1.0000000e+00
   6.8000000e+01   0.0000000e+00   1.0914850e+00   8.2505800e-01   2.8664116e+00   1.0000000e+00
   6.9000000e+01   0.0000000e+00   8.1827400e-01   8.2505800e-01   2.8664116e+00   1.0000000e+00
   7.0000000e+01   0.0000000e+00   7.5312500e-01   8.2505800e-01   2.8664116e+00   1.0000000e+00
   7.1000000e+01   1.0000000e+00   1.7865520e+00   8.2505800e-01   2.8664116e+00   0.0000000e+00
   7.2000000e+01   1.0000000e+00   6.4671200e-01   8.2505800e-01   2.8664116e+00   0.0000000e+00
   7.3000000e+01   0.0000000e+00   9.2837700e-01   8.2505800e-01   2.8664116e+00   1.0000000e+00
   7.4000000e+01   0.0000000e+00   4.8439500e-01   8.2505800e-01   2.8664116e+00   0.0000000e+00
   7.5000000e+01   0.0000000e+00   1.2994040e+00   8.2505800e-01   2.8664116e+00   1.0000000e+00
   7.6000000e+01   0.0000000e+00   7.3087600e-01   8.2505800e-01   2.8664116e+00   1.0000000e+00
   7.7000000e+01   0.0000000e+00   4.3586700e-01   8.2505800e-01   2.8664116e+00   0.0000000e+00
   7.8000000e+01   1.0000000e+00   8.5129800e-01   8.2505800e-01   2.8664116e+00   1.0000000e+00
   7.9000000e+01   0.0000000e+00   4.4965100e-01   8.2505800e-01   2.8664116e+00   0.0000000e+00
   8.0000000e+01   1.0000000e+00   5.7635100e-01   8.2505800e-01   2.8664116e+00   0.0000000e+00
   8.1000000e+01   0.0000000e+00   5.2205000e-01   8.2505800e-01   2.8664116e+00   0.0000000e+00
   8.2000000e+01   0.0000000e+00   1.0038960e+00   8.2505800e-01   2.8664116e+00   0.0000000e+00
   8.3000000e+01   0.0000000e+00   5.1895800e-01   8.2505800e-01   2.8664116e+00   1.0000000e+00
   8.4000000e+01   1.0000000e+00   4.7493300e-01   8.2505800e-01   2.8664116e+00   1.0000000e+00
   8.5000000e+01   0.0000000e+00   4.6128900e-01   8.2505800e-01   2.8664116e+00   0.0000000e+00
   8.6000000e+01   1.0000000e+00   9.9112400e-01   8.2505800e-01   2.8664116e+00   1.0000000e+00
   8.7000000e+01   0.0000000e+00   8.5216200e-01   8.2505800e-01   2.8664116e+00   1.0000000e+00
   8.8000000e+01   1.0000000e+00   5.1176500e-01   8.2505800e-01   2.8664116e+00   0.0000000e+00
   8.9000000e+01   0.0000000e+00   6.7624300e-01   8.2505800e-01   2.8664116e+00   1.0000000e+00
   9.0000000e+01   0.0000000e+00   4.8433600e-01   8.2505800e-01   2.8664116e+00   1.0000000e+00
   9.1000000e+01   0.0000000e+00   7.1593900e-01   8.2505800e-01   2.8664116e+00   0.0000000e+00
   9.2000000e+01   0.0000000e+00   5.8567300e-01   8.2505800e-01   2.8664116e+00   1.0000000e+00
   9.3000000e+01   0.0000000e+00   1.8814170e+00   8.2505800e-01   2.8664116e+00   0.0000000e+00
   9.4000000e+01   0.0000000e+00   6.9703900e-01   8.2505800e-01   2.8664116e+00   1.0000000e+00
   9.5000000e+01   0.0000000e+00   1.4831200e+00   8.2505800e-01   2.8664116e+00   0.0000000e+00
   9.6000000e+01   0.0000000e+00   1.2610890e+00   8.2505800e-01   2.8664116e+00   0.0000000e+00
   9.7000000e+01   0.0000000e+00   4.4458100e-01   8.2505800e-01   2.8664116e+00   0.0000000e+00
   9.8000000e+01   0.0000000e+00   6.0199300e-01   8.2505800e-01   2.8664116e+00   0.0000000e+00
   9.9000000e+01   0.0000000e+00   6.2410000e-01   8.2505800e-01   2.8664116e+00   1.0000000e+00
   1.0000000e+02   1.0000000e+00   5.6891800e-01   8.2505800e-01   2.8664116e+00   1.0000000e+00
   1.0100000e+02   0.0000000e+00   5.8293300e-01   8.2505800e-01   2.8664116e+00   1.0000000e+00
   1.0200000e+02   1.0000000e+00   5.3385600e-01   8.2505800e-01   2.8664116e+00   0.0000000e+00
   1.0300000e+02   0.0000000e+00   1.4408340e+00   8.2505800e-01   2.8664116e+00   1.0000000e+00
   1.0400000e+02   1.0000000e+00   5.8449000e-01   8.2505800e-01   2.8664116e+00   1.0000000e+00
   1.0500000e+02   0.0000000e+00   6.8778100e-01   8.2505800e-01   2.8664116e+00   1.0000000e+00
   1.0600000e+02   1.0000000e+00   4.5879600e-01   8.2505800e-01   2.8664116e+00   0.0000000e+00
   1.0700000e+02   0.0000000e+00   1.5798580e+00   8.2505800e-01   2.8664116e+00   0.0000000e+00
   1.0800000e+02   0.0000000e+00   4.4972100e-01   8.2505800e-01   2.8664116e+00   1.0000000e+00
   1.0900000e+02   1.0000000e+00   1.3422020e+00   8.2505800e-01   2.8664116e+00   0.0000000e+00
   1.1000000e+02   0.0000000e+00   6.2806400e-01   8.2505800e-01   2.8664116e+00   0.0000000e+00
   1.1100000e+02   0.0000000e+00   1.1242780e+00   8.2505800e-01   2.8664116e+00   0.0000000e+00
   1.1200000e+02   1.0000000e+00   7.4639200e-01   8.2505800e-01   2.8664116e+00   1.0000000e+00
   1.1300000e+02   0.0000000e+00   9.3333400e-01   8.2505800e-01   2.8664116e+00   1.0000000e+00
   1.1400000e+02   0.0000000e+00   2.4347390e+00   8.2505800e-01   2.8664116e+00   0.0000000e+00
   1.1500000e+02   0.0000000e+00   1.2406940e+00   8.2505800e-01   2.8664116e+00   1.0000000e+00
   1.1600000e+02   1.0000000e+00   6.5884100e-01   8.2505800e-01   2.8664116e+00   0.0000000e+00
   1.1700000e+02   0.0000000e+00   5.1282300e-01   8.2505800e-01   2.8664116e+00   1.0000000e+00
   1.1800000e+02   1.0000000e+00   1.4703770e+00   8.2505800e-01   2.8664116e+00   1.0000000e+00
   1.1900000e+02   1.0000000e+00   5.4151300e-01   8.2505800e-01   2.8664116e+00   1.0000000e+00
   1.2000000e+02   0.0000000e+00   1.5407200e+00   8.2505800e-01   2.8664116e+00   0.0000000e+00
   1.2100000e+02   0.0000000e+00   8.3721900e-01   8.2505800e-01   2.8664116e+00   0.0000000e+00
   1.2200000e+02   0.0000000e+00   8.0167100e-01   8.2505800e-01   2.8664116e+00   0.0000000e+00
   1.2300000e+02   0.0000000e+00   4.8651800e-01   8.2505800e-01   2.8664116e+00   1.0000000e+00
   1.2400000e+02   0.0000000e+00   5.2053000e-01   8.2505800e-01   2.8664116e+00   0.0000000e+00
   1.2500000e+02   1.0000000e+00   8.2780500e-01   8.2505800e-01   2.8664116e+00   0.0000000e+00
   1.2600000e+02   0.0000000e+00   8.5732000e-01   8.2505800e-01   2.8664116e+00   1.0000000e+00
   1.2700000e+02   0.0000000e+00   6.4218600e-01   8.2505800e-01   2.8664116e+00   0.0000000e+00
   1.2800000e+02   1.0000000e+00   4.4979500e-01   8.2505800e-01   2.8664116e+00   1.0000000e+00
   1.2900000e+02   0.0000000e+00   7.8982000e-01   8.2505800e-01   2.8664116e+00   1.0000000e+00
   1.3000000e+02   1.0000000e+00   2.4910070e+00   8.2505800e-01   2.8664116e+00   0.0000000e+00
   1.3100000e+02   0.0000000e+00   8.3610800e-01   8.2505800e-01   2.8664116e+00   0.0000000e+00
   1.3200000e+02   0.0000000e+00   5.9748600e-01   8.2505800e-01   2.8664116e+00   0.0000000e+00
   1.3300000e+02   0.0000000e+00   1.2482430e+00   8.2505800e-01   2.8664116e+00   1.0000000e+00
   1.3400000e+02   0.0000000e+00   4.8093600e-01   8.2505800e-01   2.8664116e+00   1.0000000e+00
   1.3500000e+02   1.0000000e+00   1.5737320e+00   8.2505800e-01   2.8664116e+00   0.0000000e+00
   1.3600000e+02   1.0000000e+00   5.2694400e-01   8.2505800e-01   2.8664116e+00   1.0000000e+00
