   1.0000000e+00   0.0000000e+00   1.5695930e+00   8.2198300e-01   2.5529394e+00   1.0000000e+00
   2.0000000e+00   0.0000000e+00   1.7630930e+00   8.2198300e-01   2.5529394e+00   0.0000000e+00
   3.0000000e+00   1.0000000e+00   1.2571250e+00   8.2198300e-01   2.5529394e+00   1.0000000e+00
   4.0000000e+00   0.0000000e+00   1.0699040e+00   8.2198300e-01   2.5529394e+00   1.0000000e+00
   5.0000000e+00   1.0000000e+00   7.1356200e-01   8.2198300e-01   2.5529394e+00   0.0000000e+00
   6.0000000e+00   0.0000000e+00   4.6243300e-01   8.2198300e-01   2.5529394e+00   0.0000000e+00
   7.0000000e+00   1.0000000e+00   7.6171800e-01   8.2198300e-01   2.5529394e+00   1.0000000e+00
   8.0000000e+00   0.0000000e+00   1.3912630e+00   8.2198300e-01   2.5529394e+00   1.0000000e+00
   9.0000000e+00   0.0000000e+00   1.0842010e+00   8.2198300e-01   2.5529394e+00   0.0000000e+00
   1.0000000e+01   1.0000000e+00   4.6815500e-01   8.2198300e-01   2.5529394e+00   0.0000000e+00
   1.1000000e+01   0.0000000e+00   6.5381000e-01   8.2198300e-01   2.5529394e+00   1.0000000e+00
   1.2000000e+01   0.0000000e+00   1.0408430e+00   8.2198300e-01   2.5529394e+00   0.0000000e+00
   1.3000000e+01   0.0000000e+00   9.7926800e-01   8.2198300e-01   2.5529394e+00   0.0000000e+00
   1.4000000e+01   1.0000000e+00   1.3788640e+00   8.2198300e-01   2.5529394e+00   0.0000000e+00
   1.5000000e+01   0.0000000e+00   1.2301810e+00   8.2198300e-01   2.5529394e+00   1.0000000e+00
   1.6000000e+01   0.0000000e+00   1.1351520e+00   8.2198300e-01   2.5529394e+00   1.0000000e+00
   1.7000000e+01   1.0000000e+00   1.1156670e+00   8.2198300e-01   2.5529394e+00   1.0000000e+00
   1.8000000e+01   0.0000000e+00   6.5387400e-01   8.2198300e-01   2.5529394e+00   0.0000000e+00
   1.9000000e+01   0.0000000e+00   4.5882200e-01   8.2198300e-01   2.5529394e+00   1.0000000e+00
   2.0000000e+01   0.0000000e+00   6.0147300e-01   8.2198300e-01   2.5529394e+00   1.0000000e+00
   2.1000000e+01   0.0000000e+00   1.3453450e+00   8.2198300e-01   2.5529394e+00   1.0000000e+00
   2.2000000e+01   1.0000000e+00   6.1091500e-01   8.2198300e-01   2.5529394e+00   0.0000000e+00
   2.3000000e+01   0.0000000e+00   7.4222300e-01   8.2198300e-01   2.5529394e+00   0.0000000e+00
   2.4000000e+01   0.0000000e+00   9.2821100e-01   8.2198300e-01   2.5529394e+00   1.0000000e+00
   2.5000000e+01   0.0000000e+00   2.6007840e+00   8.2198300e-01   2.5529394e+00   1.0000000e+00
   2.6000000e+01   0.0000000e+00   1.1130630e+00   8.2198300e-01   2.5529394e+00   0.0000000e+00
   2.7000000e+01   0.0000000e+00   7.2765600e-01   8.2198300e-01   2.5529394e+00   0.0000000e+00
   2.8000000e+01   0.0000000e+00   5.9826700e-01   8.2198300e-01   2.5529394e+00   0.0000000e+00
   2.9000000e+01   0.0000000e+00   1.0260310e+00   8.2198300e-01   2.5529394e+00   0.0000000e+00
   3.0000000e+01   1.0000000e+00   1.1949420e+00   8.2198300e-01   2.5529394e+00   1.0000000e+00
   3.1000000e+01   0.0000000e+00   5.5216600e-01   8.2198300e-01   2.5529394e+00   1.0000000e+00
   3.2000000e+01   0.0000000e+00   1.1311560e+00   8.2198300e-01   2.5529394e+00   0.0000000e+00
   3.3000000e+01   1.0000000e+00   9.8998400e-01   8.2198300e-01   2.5529394e+00   0.0000000e+00
   3.4000000e+01   0.0000000e+00   1.3130340e+00   8.2198300e-01   2.5529394e+00   1.0000000e+00
   3.5000000e+01   1.0000000e+00   6.4002400e-01   8.2198300e-01   2.5529394e+00   1.0000000e+00
   3.6000000e+01   0.0000000e+00   6.0506700e-01   8.2198300e-01   2.5529394e+00   1.0000000e+00
   3.7000000e+01   0.0000000e+00   1.3118280e+00   8.2198300e-01   2.5529394e+00   1.0000000e+00
   3.8000000e+01   0.0000000e+00   5.4552000e-01   8.2198300e-01   2.5529394e+00   0.0000000e+00
   3.9000000e+01   0.0000000e+00   4.5035700e-01   8.2198300e-01   2.5529394e+00   1.0000000e+00
   4.0000000e+01   0.0000000e+00   1.6436290e+00   8.2198300e-01   2.5529394e+00   1.0000000e+00
   4.1000000e+01   0.0000000e+00   5.2155700e-01   8.2198300e-01   2.5529394e+00   0.0000000e+00
   4.2000000e+01   1.0000000e+00   8.2773900e-01   8.2198300e-01   2.5529394e+00   1.0000000e+00
   4.3000000e+01   0.0000000e+00   6.1973500e-01   8.2198300e-01   2.5529394e+00   0.0000000e+00
   4.4000000e+01   0.0000000e+00   6.6158900e-01   8.2198300e-01   2.5529394e+00   0.0000000e+00
   4.5000000e+01   1.0000000e+00   5.1496100e-01   8.2198300e-01   2.5529394e+00   0.0000000e+00
   4.6000000e+01   0.0000000e+00   8.9288800e-01   8.2198300e-01   2.5529394e+00   1.0000000e+00
   4.7000000e+01   0.0000000e+00   4.5295500e-01   8.2198300e-01   2.5529394e+00   1.0000000e+00
   4.8000000e+01   0.0000000e+00   4.6164600e-01   8.2198300e-01   2.5529394e+00   1.0000000e+00
   4.9000000e+01   0.0000000e+00   1.1129200e+00   8.2198300e-01   2.5529394e+00   1.0000000e+00
   5.0000000e+01   0.0000000e+00   1.1077140e+00   8.2198300e-01   2.5529394e+00   0.0000000e+00
   5.1000000e+01   1.0000000e+00   8.4760700e-01   8.2198300e-01   2.5529394e+00   1.0000000e+00
   5.2000000e+01   0.0000000e+00   8.5405000e-01   8.2198300e-01   2.5529394e+00   0.0000000e+00
   5.3000000e+01   0.0000000e+00   8.0863700e-01   8.2198300e-01   2.5529394e+00   0.0000000e+00
   5.4000000e+01   0.0000000e+00   9.7939500e-01   8.2198300e-01   2.5529394e+00   0.0000000e+00
   5.5000000e+01   0.0000000e+00   1.0755700e+00   8.2198300e-01   2.5529394e+00   1.0000000e+00
   5.6000000e+01   1.0000000e+00   6.3441500e-01   8.2198300e-01   2.5529394e+00   0.0000000e+00
   5.7000000e+01   0.0000000e+00   1.0398920e+00   8.2198300e-01   2.5529394e+00   0.0000000e+00
   5.8000000e+01   1.0000000e+00   2.3389330e+00   8.2198300e-01   2.5529394e+00   0.0000000e+00
   5.9000000e+01   0.0000000e+00   6.2257100e-01   8.2198300e-01   2.5529394e+00   1.0000000e+00
   6.0000000e+01   1.0000000e+00   1.1619200e+00   8.2198300e-01   2.5529394e+00   1.0000000e+00
   6.1000000e+01   0.0000000e+00   5.3138000e-01   8.2198300e-01   2.5529394e+00   0.0000000e+00
   6.2000000e+01   0.0000000e+00   1.3456650e+00   8.2198300e-01   2.5529394e+00   0.0000000e+00
   6.3000000e+01   0.0000000e+00   9.2498600e-01   8.2198300e-01   2.5529394e+00   1.0000000e+00
   6.4000000e+01   0.0000000e+00   9.8159700e-01   8.2198300e-01   2.5529394e+00   0.0000000e+00
   6.5000000e+01   0.0000000e+00   1.8759080e+00   8.2198300e-01   2.5529394e+00   1.0000000e+00
   6.6000000e+01   1.0000000e+00   1.2158200e+00   8.2198300e-01   2.5529394e+00   0.0000000e+00
   6.7000000e+01   1.0000000e+00   1.5658360e+00   8.2198300e-01   2.5529394e+00   1.0000000e+00
   6.8000000e+01   0.0000000e+00   4.9026400e-01   8.2198300e-01   2.5529394e+00   0.0000000e+00
   6.9000000e+01   0.0000000e+00   5.2513700e-01   8.2198300e-01   2.5529394e+00   0.0000000e+00
   7.0000000e+01   0.0000000e+00   1.7616250e+00   8.2198300e-01   2.5529394e+00   0.0000000e+00
   7.1000000e+01   0.0000000e+00   8.0810400e-01   8.2198300e-01   2.5529394e+00   1.0000000e+00
   7.2000000e+01   1.0000000e+00   1.0846530e+00   8.2198300e-01   2.5529394e+00   1.0000000e+00
   7.3000000e+01   1.0000000e+00   1.0295490e+00   8.2198300e-01   2.5529394e+00   0.0000000e+00
   7.4000000e+01   0.0000000e+00   1.4257690e+00   8.2198300e-01   2.5529394e+00   0.0000000e+00
   7.5000000e+01   0.0000000e+00   5.6107100e-01   8.2198300e-01   2.5529394e+00   0.0000000e+00
   7.6000000e+01   0.0000000e+00   7.6998300e-01   8.2198300e-01   2.5529394e+00   1.0000000e+00
   7.7000000e+01   0.0000000e+00   1.0770350e+00   8.2198300e-01   2.5529394e+00   0.0000000e+00
   7.8000000e+01   0.0000000e+00   8.7365200e-01   8.2198300e-01   2.5529394e+00   1.0000000e+00
   7.9000000e+01   0.0000000e+00   1.9151060e+00   8.2198300e-01   2.5529394e+00   1.0000000e+00
   8.0000000e+01   1.0000000e+00   8.6941700e-01   8.2198300e-01   2.5529394e+00   0.0000000e+00
   8.1000000e+01   0.0000000e+00   1.5380870e+00   8.2198300e-01   2.5529394e+00   0.0000000e+00
   8.2000000e+01   0.0000000e+00   6.2121600e-01   8.2198300e-01   2.5529394e+00   1.0000000e+00
   8.3000000e+01   1.0000000e+00   1.0696140e+00   8.2198300e-01   2.5529394e+00   1.0000000e+00
   8.4000000e+01   0.0000000e+00   9.0270400e-01   8.2198300e-01   2.5529394e+00   1.0000000e+00
   8.5000000e+01   0.0000000e+00   1.3380690e+00   8.2198300e-01   2.5529394e+00   0.0000000e+00
   8.6000000e+01   0.0000000e+00   6.7294500e-01   8.2198300e-01   2.5529394e+00   0.0000000e+00
   8.7000000e+01   1.0000000e+00   5.7598500e-01   8.2198300e-01   2.5529394e+00   0.0000000e+00
   8.8000000e+01   0.0000000e+00   4.6179100e-01   8.2198300e-01   2.5529394e+00   0.0000000e+00
   8.9000000e+01   0.0000000e+00   5.0344800e-01   8.2198300e-01   2.5529394e+00   1.0000000e+00
   9.0000000e+01   1.0000000e+00   7.8263400e-01   8.2198300e-01   2.5529394e+00   1.0000000e+00
   9.1000000e+01   0.0000000e+00   5.8083400e-01   8.2198300e-01   2.5529394e+00   1.0000000e+00
   9.2000000e+01   0.0000000e+00   7.7144100e-01   8.2198300e-01   2.5529394e+00   1.0000000e+00
   9.3000000e+01   0.0000000e+00   1.5717810e+00   8.2198300e-01   2.5529394e+00   0.0000000e+00
   9.4000000e+01   1.0000000e+00   6.7128100e-01   8.2198300e-01   2.5529394e+00   1.0000000e+00
   9.5000000e+01   0.0000000e+00   8.5197000e-01   8.2198300e-01   2.5529394e+00   1.0000000e+00
   9.6000000e+01   1.0000000e+00   7.0970300e-01   8.2198300e-01   2.5529394e+00   0.0000000e+00
   9.7000000e+01   0.0000000e+00   6.7063600e-01   8.2198300e-01   2.5529394e+00   1.0000000e+00
   9.8000000e+01   1.0000000e+00   1.7582550e+00   8.2198300e-01   2.5529394e+00   1.0000000e+00
   9.9000000e+01   0.0000000e+00   9.0396200e-01   8.2198300e-01   2.5529394e+00   0.0000000e+00
   1.0000000e+02   0.0000000e+00   4.8834300e-01   8.2198300e-01   2.5529394e+00   0.0000000e+00
   1.0100000e+02   1.0000000e+00   4.7779700e-01   8.2198300e-01   2.5529394e+00   0.0000000e+00
   1.0200000e+02   0.0000000e+00   4.4936000e-01   8.2198300e-01   2.5529394e+00   1.0000000e+00
   1.0300000e+02   0.0000000e+00   8.7728200e-01   8.2198300e-01   2.5529394e+00   1.0000000e+00
   1.0400000e+02   1.0000000e+00   2.0058680e+00   8.2198300e-01   2.5529394e+00   1.0000000e+00
   1.0500000e+02   0.0000000e+00   7.2803400e-01   8.2198300e-01   2.5529394e+00   1.0000000e+00
   1.0600000e+02   1.0000000e+00   1.3462520e+00   8.2198300e-01   2.5529394e+00   0.0000000e+00
   1.0700000e+02   0.0000000e+00   5.8490400e-01   8.2198300e-01   2.5529394e+00   1.0000000e+00
   1.0800000e+02   0.0000000e+00   1.0262110e+00   8.2198300e-01   2.5529394e+00   0.0000000e+00
   1.0900000e+02   1.0000000e+00   1.1250300e+00   8.2198300e-01   2.5529394e+00   0.0000000e+00
   1.1000000e+02   0.0000000e+00   5.1275000e-01   8.2198300e-01   2.5529394e+00   0.0000000e+00
   1.1100000e+02   1.0000000e+00   1.0143680e+00   8.2198300e-01   2.5529394e+00   1.0000000e+00
   1.1200000e+02   0.0000000e+00   5.7857900e-01   8.2198300e-01   2.5529394e+00   0.0000000e+00
   1.1300000e+02   0.0000000e+00   4.9801600e-01   8.2198300e-01   2.5529394e+00   0.0000000e+00
   1.1400000e+02   0.0000000e+00   4.4584800e-01   8.2198300e-01   2.5529394e+00   0.0000000e+00
   1.1500000e+02   1.0000000e+00   2.2376830e+00   8.2198300e-01   2.5529394e+00   0.0000000e+00
   1.1600000e+02   1.0000000e+00   6.3635200e-01   8.2198300e-01   2.5529394e+00   1.0000000e+00
   1.1700000e+02   0.0000000e+00   6.0025500e-01   8.2198300e-01   2.5529394e+00   1.0000000e+00
   1.1800000e+02   0.0000000e+00   4.5868700e-01   8.2198300e-01   2.5529394e+00   0.0000000e+00
   1.1900000e+02   0.0000000e+00   1.2816120e+00   8.2198300e-01   2.5529394e+00   1.0000000e+00
   1.2000000e+02   0.0000000e+00   8.5157600e-01   8.2198300e-01   2.5529394e+00   1.0000000e+00
   1.2100000e+02   1.0000000e+00   1.1454220e+00   8.2198300e-01   2.5529394e+00   1.0000000e+00
   1.2200000e+02   0.0000000e+00   9.1612400e-01   8.2198300e-01   2.5529394e+00   1.0000000e+00
   1.2300000e+02   0.0000000e+00   6.4857100e-01   8.2198300e-01   2.5529394e+00   1.0000000e+00
   1.2400000e+02   1.0000000e+00   1.0068370e+00   8.2198300e-01   2.5529394e+00   0.0000000e+00
   1.2500000e+02   0.0000000e+00   5.4872600e-01   8.2198300e-01   2.5529394e+00   1.0000000e+00
   1.2600000e+02   0.0000000e+00   7.6913100e-01   8.2198300e-01   2.5529394e+00   0.0000000e+00
   1.2700000e+02   0.0000000e+00   6.5568700e-01   8.2198300e-01   2.5529394e+00   0.0000000e+00
   1.2800000e+02   0.0000000e+00   5.9606100e-01   8.2198300e-01   2.5529394e+00   0.0000000e+00
   1.2900000e+02   0.0000000e+00   1.6642580e+00   8.2198300e-01   2.5529394e+00   0.0000000e+00
   1.3000000e+02   0.0000000e+00   6.2900900e-01   8.2198300e-01   2.5529394e+00   1.0000000e+00
   1.3100000e+02   1.0000000e+00   4.6789200e-01   8.2198300e-01   2.5529394e+00   1.0000000e+00
   1.3200000e+02   0.0000000e+00   1.2355750e+00   8.2198300e-01   2.5529394e+00   1.0000000e+00
   1.3300000e+02   1.0000000e+00   1.0585840e+00   8.2198300e-01   2.5529394e+00   0.0000000e+00
   1.3400000e+02   0.0000000e+00   5.4288000e-01   8.2198300e-01   2.5529394e+00   0.0000000e+00
   1.3500000e+02   1.0000000e+00   5.7433400e-01   8.2198300e-01   2.5529394e+00   0.0000000e+00
   1.3600000e+02   1.0000000e+00   4.9128900e-01   8.2198300e-01   2.5529394e+00   1.0000000e+00
