   1.0000000e+00   0.0000000e+00   1.8171280e+00   8.2039100e-01   2.7598088e+00   1.0000000e+00
   2.0000000e+00   0.0000000e+00   1.3080310e+00   8.2039100e-01   2.7598088e+00   0.0000000e+00
   3.0000000e+00   0.0000000e+00   6.3555900e-01   8.2039100e-01   2.7598088e+00   0.0000000e+00
   4.0000000e+00   0.0000000e+00   8.4891600e-01   8.2039100e-01   2.7598088e+00   1.0000000e+00
   5.0000000e+00   1.0000000e+00   5.7267400e-01   8.2039100e-01   2.7598088e+00   1.0000000e+00
   6.0000000e+00   0.0000000e+00   5.6637200e-01   8.2039100e-01   2.7598088e+00   0.0000000e+00
   7.0000000e+00   1.0000000e+00   6.6534000e-01   8.2039100e-01   2.7598088e+00   0.0000000e+00
   8.0000000e+00   0.0000000e+00   4.3746600e-01   8.2039100e-01   2.7598088e+00   0.0000000e+00
   9.0000000e+00   1.0000000e+00   1.0505200e+00   8.2039100e-01   2.7598088e+00   1.0000000e+00
   1.0000000e+01   0.0000000e+00   1.3984960e+00   8.2039100e-01   2.7598088e+00   1.0000000e+00
   1.1000000e+01   0.0000000e+00   6.6636200e-01   8.2039100e-01   2.7598088e+00   1.0000000e+00
   1.2000000e+01   1.0000000e+00   1.6668480e+00   8.2039100e-01   2.7598088e+00   0.0000000e+00
   1.3000000e+01   0.0000000e+00   9.1893900e-01   8.2039100e-01   2.7598088e+00   1.0000000e+00
   1.4000000e+01   0.0000000e+00   5.1742100e-01   8.2039100e-01   2.7598088e+00   0.0000000e+00
   1.5000000e+01   1.0000000e+00   1.0137360e+00   8.2039100e-01   2.7598088e+00   0.0000000e+00
   1.6000000e+01   0.0000000e+00   6.4872500e-01   8.2039100e-01   2.7598088e+00   1.0000000e+00
   1.7000000e+01   1.0000000e+00   5.0750500e-01   8.2039100e-01   2.7598088e+00   1.0000000e+00
   1.8000000e+01   0.0000000e+00   9.1343800e-01   8.2039100e-01   2.7598088e+00   1.0000000e+00
   1.9000000e+01   0.0000000e+00   1.5801110e+00   8.2039100e-01   2.7598088e+00   0.0000000e+00
   2.0000000e+01   0.0000000e+00   9.6709200e-01   8.2039100e-01   2.7598088e+00   1.0000000e+00
   2.1000000e+01   0.0000000e+00   5.6717400e-01   8.2039100e-01   2.7598088e+00   1.0000000e+00
   2.2000000e+01   0.0000000e+00   7.6230900e-01   8.2039100e-01   2.7598088e+00   0.0000000e+00
   2.3000000e+01   0.0000000e+00   7.2252500e-01   8.2039100e-01   2.7598088e+00   0.0000000e+00
   2.4000000e+01   1.0000000e+00   5.8380200e-01   8.2039100e-01   2.7598088e+00   0.0000000e+00
   2.5000000e+01   0.0000000e+00   4.5844800e-01   8.2039100e-01   2.7598088e+00   0.0000000e+00
   2.6000000e+01   0.0000000e+00   4.8411500e-01   8.2039100e-01   2.7598088e+00   1.0000000e+00
   2.7000000e+01   1.0000000e+00   6.4005600e-01   8.2039100e-01   2.7598088e+00   1.0000000e+00
   2.8000000e+01   0.0000000e+00   5.2496200e-01   8.2039100e-01   2.7598088e+00   0.0000000e+00
   2.9000000e+01   0.0000000e+00   5.2435700e-01   8.2039100e-01   2.7598088e+00   1.0000000e+00
   3.0000000e+01   0.0000000e+00   2.6690960e+00   8.2039100e-01   2.7598088e+00   0.0000000e+00
   3.1000000e+01   0.0000000e+00   9.0598900e-01   8.2039100e-01   2.7598088e+00   0.0000000e+00
   3.2000000e+01   1.0000000e+00   2.1008630e+00   8.2039100e-01   2.7598088e+00   0.0000000e+00
   3.3000000e+01   0.0000000e+00   5.4784500e-01   8.2039100e-01   2.7598088e+00   1.0000000e+00
   3.4000000e+01   0.0000000e+00   1.3989690e+00   8.2039100e-01   2.7598088e+00   1.0000000e+00
   3.5000000e+01   1.0000000e+00   1.5062000e+00   8.2039100e-01   2.7598088e+00   1.0000000e+00
   3.6000000e+01   1.0000000e+00   4.6481000e-01   8.2039100e-01   2.7598088e+00   1.0000000e+00
   3.7000000e+01   0.0000000e+00   9.3781900e-01   8.2039100e-01   2.7598088e+00   1.0000000e+00
   3.8000000e+01   0.0000000e+00   9.4186700e-01   8.2039100e-01   2.7598088e+00   0.0000000e+00
   3.9000000e+01   1.0000000e+00   6.8458900e-01   8.2039100e-01   2.7598088e+00   0.0000000e+00
   4.0000000e+01   0.0000000e+00   7.7312800e-01   8.2039100e-01   2.7598088e+00   1.0000000e+00
   4.1000000e+01   0.0000000e+00   1.0860110e+00   8.2039100e-01   2.7598088e+00   1.0000000e+00
   4.2000000e+01   0.0000000e+00   9.3398100e-01   8.2039100e-01   2.7598088e+00   1.0000000e+00
   4.3000000e+01   0.0000000e+00   1.1290360e+00   8.2039100e-01   2.7598088e+00   0.0000000e+00
   4.4000000e+01   1.0000000e+00   8.1458100e-01   8.2039100e-01   2.7598088e+00   1.0000000e+00
   4.5000000e+01   0.0000000e+00   5.2641200e-01   8.2039100e-01   2.7598088e+00   1.0000000e+00
   4.6000000e+01   0.0000000e+00   9.3819800e-01   8.2039100e-01   2.7598088e+00   1.0000000e+00
   4.7000000e+01   0.0000000e+00   4.3709200e-01   8.2039100e-01   2.7598088e+00   0.0000000e+00
   4.8000000e+01   1.0000000e+00   5.3335200e-01   8.2039100e-01   2.7598088e+00   0.0000000e+00
   4.9000000e+01   0.0000000e+00   1.7247610e+00   8.2039100e-01   2.7598088e+00   0.0000000e+00
   5.0000000e+01   0.0000000e+00   2.0546040e+00   8.2039100e-01   2.7598088e+00   1.0000000e+00
   5.1000000e+01   0.0000000e+00   6.6604400e-01   8.2039100e-01   2.7598088e+00   0.0000000e+00
   5.2000000e+01   0.0000000e+00   5.6303500e-01   8.2039100e-01   2.7598088e+00   0.0000000e+00
   5.3000000e+01   1.0000000e+00   1.2256810e+00   8.2039100e-01   2.7598088e+00   0.0000000e+00
   5.4000000e+01   0.0000000e+00   1.7181930e+00   8.2039100e-01   2.7598088e+00   1.0000000e+00
   5.5000000e+01   1.0000000e+00   9.3231200e-01   8.2039100e-01   2.7598088e+00   1.0000000e+00
   5.6000000e+01   0.0000000e+00   5.7856700e-01   8.2039100e-01   2.7598088e+00   1.0000000e+00
   5.7000000e+01   0.0000000e+00   4.3815500e-01   8.2039100e-01   2.7598088e+00   1.0000000e+00
   5.8000000e+01   0.0000000e+00   1.1098370e+00   8.2039100e-01   2.7598088e+00   0.0000000e+00
   5.9000000e+01   0.0000000e+00   1.4603680e+00   8.2039100e-01   2.7598088e+00   0.0000000e+00
   6.0000000e+01   0.0000000e+00   4.6555000e-01   8.2039100e-01   2.7598088e+00   0.0000000e+00
   6.1000000e+01   0.0000000e+00   2.1300720e+00   8.2039100e-01   2.7598088e+00   0.0000000e+00
   6.2000000e+01   0.0000000e+00   6.5557700e-01   8.2039100e-01   2.7598088e+00   0.0000000e+00
   6.3000000e+01   1.0000000e+00   1.4906320e+00   8.2039100e-01   2.7598088e+00   0.0000000e+00
   6.4000000e+01   1.0000000e+00   7.0595000e-01   8.2039100e-01   2.7598088e+00   1.0000000e+00
   6.5000000e+01   0.0000000e+00   1.0079020e+00   8.2039100e-01   2.7598088e+00   1.0000000e+00
   6.6000000e+01   0.0000000e+00   1.3138120e+00   8.2039100e-01   2.7598088e+00   0.0000000e+00
   6.7000000e+01   0.0000000e+00   5.6075400e-01   8.2039100e-01   2.7598088e+00   0.0000000e+00
   6.8000000e+01   1.0000000e+00   9.0313800e-01   8.2039100e-01   2.7598088e+00   1.0000000e+00
   6.9000000e+01   0.0000000e+00   6.2561900e-01   8.2039100e-01   2.7598088e+00   1.0000000e+00
   7.0000000e+01   1.0000000e+00   7.5843400e-01   8.2039100e-01   2.7598088e+00   0.0000000e+00
   7.1000000e+01   0.0000000e+00   5.4913900e-01   8.2039100e-01   2.7598088e+00   1.0000000e+00
   7.2000000e+01   0.0000000e+00   4.9144200e-01   8.2039100e-01   2.7598088e+00   0.0000000e+00
   7.3000000e+01   0.0000000e+00   4.7028900e-01   8.2039100e-01   2.7598088e+00   0.0000000e+00
   7.4000000e+01   1.0000000e+00   4.9361700e-01   8.2039100e-01   2.7598088e+00   0.0000000e+00
   7.5000000e+01   0.0000000e+00   4.6974400e-01   8.2039100e-01   2.7598088e+00   0.0000000e+00
   7.6000000e+01   0.0000000e+00   4.6084600e-01   8.2039100e-01   2.7598088e+00   1.0000000e+00
   7.7000000e+01   0.0000000e+00   4.9827400e-01   8.2039100e-01   2.7598088e+00   0.0000000e+00
   7.8000000e+01   0.0000000e+00   9.7274800e-01   8.2039100e-01   2.7598088e+00   1.0000000e+00
   7.9000000e+01   1.0000000e+00   9.3860700e-01   8.2039100e-01   2.7598088e+00   1.0000000e+00
   8.0000000e+01   0.0000000e+00   1.3000620e+00   8.2039100e-01   2.7598088e+00   1.0000000e+00
   8.1000000e+01   0.0000000e+00   4.4728500e-01   8.2039100e-01   2.7598088e+00   1.0000000e+00
   8.2000000e+01   1.0000000e+00   7.8492100e-01   8.2039100e-01   2.7598088e+00   0.0000000e+00
   8.3000000e+01   0.0000000e+00   4.5552400e-01   8.2039100e-01   2.7598088e+00   0.0000000e+00
   8.4000000e+01   0.0000000e+00   4.6527900e-01   8.2039100e-01   2.7598088e+00   0.0000000e+00
   8.5000000e+01   0.0000000e+00   9.9407400e-01   8.2039100e-01   2.7598088e+00   1.0000000e+00
   8.6000000e+01   0.0000000e+00   5.0603000e-01   8.2039100e-01   2.7598088e+00   1.0000000e+00
   8.7000000e+01   0.0000000e+00   5.5234000e-01   8.2039100e-01   2.7598088e+00   1.0000000e+00
   8.8000000e+01   1.0000000e+00   4.9135000e-01   8.2039100e-01   2.7598088e+00   1.0000000e+00
   8.9000000e+01   0.0000000e+00   1.1852460e+00   8.2039100e-01   2.7598088e+00   0.0000000e+00
   9.0000000e+01   1.0000000e+00   7.7673800e-01   8.2039100e-01   2.7598088e+00   1.0000000e+00
   9.1000000e+01   0.0000000e+00   5.5026500e-01   8.2039100e-01   2.7598088e+00   1.0000000e+00
   9.2000000e+01   0.0000000e+00   4.7860400e-01   8.2039100e-01   2.7598088e+00   0.0000000e+00
   9.3000000e+01   0.0000000e+00   4.6459400e-01   8.2039100e-01   2.7598088e+00   1.0000000e+00
   9.4000000e+01   0.0000000e+00   1.7353560e+00   8.2039100e-01   2.7598088e+00   0.0000000e+00
   9.5000000e+01   0.0000000e+00   5.5332000e-01   8.2039100e-01   2.7598088e+00   0.0000000e+00
   9.6000000e+01   1.0000000e+00   4.4011900e-01   8.2039100e-01   2.7598088e+00   0.0000000e+00
   9.7000000e+01   0.0000000e+00   1.6062810e+00   8.2039100e-01   2.7598088e+00   1.0000000e+00
   9.8000000e+01   1.0000000e+00   1.3887410e+00   8.2039100e-01   2.7598088e+00   1.0000000e+00
   9.9000000e+01   0.0000000e+00   7.1683900e-01   8.2039100e-01   2.7598088e+00   0.0000000e+00
   1.0000000e+02   1.0000000e+00   7.7066000e-01   8.2039100e-01   2.7598088e+00   0.0000000e+00
   1.0100000e+02   0.0000000e+00   8.4931200e-01   8.2039100e-01   2.7598088e+00   0.0000000e+00
   1.0200000e+02   1.0000000e+00   9.0227000e-01   8.2039100e-01   2.7598088e+00   1.0000000e+00
   1.0300000e+02   0.0000000e+00   7.5842200e-01   8.2039100e-01   2.7598088e+00   0.0000000e+00
   1.0400000e+02   1.0000000e+00   1.5938190e+00   8.2039100e-01   2.7598088e+00   0.0000000e+00
   1.0500000e+02   0.0000000e+00   1.4607680e+00   8.2039100e-01   2.7598088e+00   0.0000000e+00
   1.0600000e+02   0.0000000e+00   2.0233260e+00   8.2039100e-01   2.7598088e+00   1.0000000e+00
   1.0700000e+02   1.0000000e+00   8.3241400e-01   8.2039100e-01   2.7598088e+00   0.0000000e+00
   1.0800000e+02   0.0000000e+00   5.6242500e-01   8.2039100e-01   2.7598088e+00   1.0000000e+00
   1.0900000e+02   1.0000000e+00   5.4513700e-01   8.2039100e-01   2.7598088e+00   1.0000000e+00
   1.1000000e+02   0.0000000e+00   6.2395400e-01   8.2039100e-01   2.7598088e+00   0.0000000e+00
   1.1100000e+02   0.0000000e+00   1.7363940e+00   8.2039100e-01   2.7598088e+00   1.0000000e+00
   1.1200000e+02   0.0000000e+00   2.5618090e+00   8.2039100e-01   2.7598088e+00   1.0000000e+00
   1.1300000e+02   0.0000000e+00   1.8492870e+00   8.2039100e-01   2.7598088e+00   1.0000000e+00
   1.1400000e+02   1.0000000e+00   1.0728180e+00   8.2039100e-01   2.7598088e+00   0.0000000e+00
   1.1500000e+02   1.0000000e+00   7.0072000e-01   8.2039100e-01   2.7598088e+00   1.0000000e+00
   1.1600000e+02   0.0000000e+00   1.9106510e+00   8.2039100e-01   2.7598088e+00   0.0000000e+00
   1.1700000e+02   0.0000000e+00   5.1930700e-01   8.2039100e-01   2.7598088e+00   0.0000000e+00
   1.1800000e+02   0.0000000e+00   1.1755030e+00   8.2039100e-01   2.7598088e+00   1.0000000e+00
   1.1900000e+02   1.0000000e+00   1.4025700e+00   8.2039100e-01   2.7598088e+00   1.0000000e+00
   1.2000000e+02   0.0000000e+00   7.2883100e-01   8.2039100e-01   2.7598088e+00   1.0000000e+00
   1.2100000e+02   1.0000000e+00   4.9746400e-01   8.2039100e-01   2.7598088e+00   0.0000000e+00
   1.2200000e+02   0.0000000e+00   1.1278520e+00   8.2039100e-01   2.7598088e+00   1.0000000e+00
   1.2300000e+02   0.0000000e+00   1.0304990e+00   8.2039100e-01   2.7598088e+00   0.0000000e+00
   1.2400000e+02   0.0000000e+00   5.2182500e-01   8.2039100e-01   2.7598088e+00   1.0000000e+00
   1.2500000e+02   1.0000000e+00   5.7737300e-01   8.2039100e-01   2.7598088e+00   1.0000000e+00
   1.2600000e+02   0.0000000e+00   1.0783910e+00   8.2039100e-01   2.7598088e+00   1.0000000e+00
   1.2700000e+02   0.0000000e+00   1.6409940e+00   8.2039100e-01   2.7598088e+00   1.0000000e+00
   1.2800000e+02   0.0000000e+00   7.8509400e-01   8.2039100e-01   2.7598088e+00   0.0000000e+00
   1.2900000e+02   1.0000000e+00   1.2909090e+00   8.2039100e-01   2.7598088e+00   0.0000000e+00
   1.3000000e+02   0.0000000e+00   1.6225820e+00   8.2039100e-01   2.7598088e+00   0.0000000e+00
   1.3100000e+02   0.0000000e+00   7.2747500e-01   8.2039100e-01   2.7598088e+00   0.0000000e+00
   1.3200000e+02   0.0000000e+00   4.8307100e-01   8.2039100e-01   2.7598088e+00   0.0000000e+00
   1.3300000e+02   0.0000000e+00   4.7487200e-01   8.2039100e-01   2.7598088e+00   1.0000000e+00
   1.3400000e+02   0.0000000e+00   8.3455600e-01   8.2039100e-01   2.7598088e+00   0.0000000e+00
   1.3500000e+02   1.0000000e+00   1.6257740e+00   8.2039100e-01   2.7598088e+00   0.0000000e+00
   1.3600000e+02   1.0000000e+00   6.3593500e-01   8.2039100e-01   2.7598088e+00   1.0000000e+00
