   1.0000000e+00   0.0000000e+00   1.5408360e+00   8.2133200e-01   2.6395975e+00   1.0000000e+00
   2.0000000e+00   0.0000000e+00   7.1875600e-01   8.2133200e-01   2.6395975e+00   0.0000000e+00
   3.0000000e+00   0.0000000e+00   7.8752800e-01   8.2133200e-01   2.6395975e+00   0.0000000e+00
   4.0000000e+00   0.0000000e+00   4.9282900e-01   8.2133200e-01   2.6395975e+00   0.0000000e+00
   5.0000000e+00   0.0000000e+00   4.5620600e-01   8.2133200e-01   2.6395975e+00   0.0000000e+00
   6.0000000e+00   0.0000000e+00   7.3766400e-01   8.2133200e-01   2.6395975e+00   0.0000000e+00
   7.0000000e+00   0.0000000e+00   5.6321300e-01   8.2133200e-01   2.6395975e+00   1.0000000e+00
   8.0000000e+00   1.0000000e+00   1.2536600e+00   8.2133200e-01   2.6395975e+00   0.0000000e+00
   9.0000000e+00   0.0000000e+00   5.5959500e-01   8.2133200e-01   2.6395975e+00   0.0000000e+00
   1.0000000e+01   0.0000000e+00   1.1489820e+00   8.2133200e-01   2.6395975e+00   1.0000000e+00
   1.1000000e+01   1.0000000e+00   6.7820600e-01   8.2133200e-01   2.6395975e+00   1.0000000e+00
   1.2000000e+01   0.0000000e+00   8.6889800e-01   8.2133200e-01   2.6395975e+00   1.0000000e+00
   1.3000000e+01   1.0000000e+00   7.6048600e-01   8.2133200e-01   2.6395975e+00   0.0000000e+00
   1.4000000e+01   0.0000000e+00   6.0118600e-01   8.2133200e-01   2.6395975e+00   1.0000000e+00
   1.5000000e+01   1.0000000e+00   6.2306900e-01   8.2133200e-01   2.6395975e+00   1.0000000e+00
   1.6000000e+01   0.0000000e+00   1.2694320e+00   8.2133200e-01   2.6395975e+00   0.0000000e+00
   1.7000000e+01   0.0000000e+00   4.8058100e-01   8.2133200e-01   2.6395975e+00   0.0000000e+00
   1.8000000e+01   1.0000000e+00   8.2987300e-01   8.2133200e-01   2.6395975e+00   1.0000000e+00
   1.9000000e+01   0.0000000e+00   5.7715400e-01   8.2133200e-01   2.6395975e+00   0.0000000e+00
   2.0000000e+01   1.0000000e+00   6.4233100e-01   8.2133200e-01   2.6395975e+00   0.0000000e+00
   2.1000000e+01   0.0000000e+00   1.4690540e+00   8.2133200e-01   2.6395975e+00   1.0000000e+00
   2.2000000e+01   1.0000000e+00   1.9883680e+00   8.2133200e-01   2.6395975e+00   1.0000000e+00
   2.3000000e+01   0.0000000e+00   3.4030610e+00   8.2133200e-01   2.6395975e+00   0.0000000e+00
   2.4000000e+01   0.0000000e+00   1.6014270e+00   8.2133200e-01   2.6395975e+00   0.0000000e+00
   2.5000000e+01   0.0000000e+00   8.4960200e-01   8.2133200e-01   2.6395975e+00   1.0000000e+00
   2.6000000e+01   1.0000000e+00   1.1218200e+00   8.2133200e-01   2.6395975e+00   0.0000000e+00
   2.7000000e+01   0.0000000e+00   4.9846100e-01   8.2133200e-01   2.6395975e+00   1.0000000e+00
   2.8000000e+01   0.0000000e+00   6.0549900e-01   8.2133200e-01   2.6395975e+00   0.0000000e+00
   2.9000000e+01   0.0000000e+00   7.4188500e-01   8.2133200e-01   2.6395975e+00   1.0000000e+00
   3.0000000e+01   0.0000000e+00   7.3801900e-01   8.2133200e-01   2.6395975e+00   1.0000000e+00
   3.1000000e+01   0.0000000e+00   1.1307700e+00   8.2133200e-01   2.6395975e+00   1.0000000e+00
   3.2000000e+01   1.0000000e+00   4.9233400e-01   8.2133200e-01   2.6395975e+00   1.0000000e+00
   3.3000000e+01   0.0000000e+00   1.7919090e+00   8.2133200e-01   2.6395975e+00   1.0000000e+00
   3.4000000e+01   0.0000000e+00   6.9898900e-01   8.2133200e-01   2.6395975e+00   0.0000000e+00
   3.5000000e+01   0.0000000e+00   7.4056800e-01   8.2133200e-01   2.6395975e+00   1.0000000e+00
   3.6000000e+01   1.0000000e+00   4.6097500e-01   8.2133200e-01   2.6395975e+00   0.0000000e+00
   3.7000000e+01   0.0000000e+00   7.5553600e-01   8.2133200e-01   2.6395975e+00   0.0000000e+00
   3.8000000e+01   1.0000000e+00   1.2022920e+00   8.2133200e-01   2.6395975e+00   0.0000000e+00
   3.9000000e+01   0.0000000e+00   7.0675200e-01   8.2133200e-01   2.6395975e+00   1.0000000e+00
   4.0000000e+01   1.0000000e+00   8.3255300e-01   8.2133200e-01   2.6395975e+00   1.0000000e+00
   4.1000000e+01   0.0000000e+00   1.8093480e+00   8.2133200e-01   2.6395975e+00   0.0000000e+00
   4.2000000e+01   1.0000000e+00   9.6138600e-01   8.2133200e-01   2.6395975e+00   0.0000000e+00
   4.3000000e+01   0.0000000e+00   4.5247000e-01   8.2133200e-01   2.6395975e+00   1.0000000e+00
   4.4000000e+01   1.0000000e+00   1.2134390e+00   8.2133200e-01   2.6395975e+00   1.0000000e+00
   4.5000000e+01   0.0000000e+00   9.4398400e-01   8.2133200e-01   2.6395975e+00   0.0000000e+00
   4.6000000e+01   0.0000000e+00   1.2878080e+00   8.2133200e-01   2.6395975e+00   1.0000000e+00
   4.7000000e+01   1.0000000e+00   8.6193600e-01   8.2133200e-01   2.6395975e+00   1.0000000e+00
   4.8000000e+01   1.0000000e+00   6.6300900e-01   8.2133200e-01   2.6395975e+00   0.0000000e+00
   4.9000000e+01   0.0000000e+00   1.4348860e+00   8.2133200e-01   2.6395975e+00   0.0000000e+00
   5.0000000e+01   0.0000000e+00   4.4332600e-01   8.2133200e-01   2.6395975e+00   0.0000000e+00
   5.1000000e+01   0.0000000e+00   1.2278640e+00   8.2133200e-01   2.6395975e+00   1.0000000e+00
   5.2000000e+01   0.0000000e+00   6.1591900e-01   8.2133200e-01   2.6395975e+00   1.0000000e+00
   5.3000000e+01   0.0000000e+00   7.0213100e-01   8.2133200e-01   2.6395975e+00   1.0000000e+00
   5.4000000e+01   1.0000000e+00   1.7630610e+00   8.2133200e-01   2.6395975e+00   1.0000000e+00
   5.5000000e+01   0.0000000e+00   4.9483800e-01   8.2133200e-01   2.6395975e+00   0.0000000e+00
   5.6000000e+01   1.0000000e+00   7.9370400e-01   8.2133200e-01   2.6395975e+00   0.0000000e+00
   5.7000000e+01   0.0000000e+00   1.5344680e+00   8.2133200e-01   2.6395975e+00   1.0000000e+00
   5.8000000e+01   0.0000000e+00   1.5206590e+00   8.2133200e-01   2.6395975e+00   1.0000000e+00
   5.9000000e+01   0.0000000e+00   5.0065000e-01   8.2133200e-01   2.6395975e+00   1.0000000e+00
   6.0000000e+01   1.0000000e+00   4.5513600e-01   8.2133200e-01   2.6395975e+00   0.0000000e+00
   6.1000000e+01   0.0000000e+00   5.8037600e-01   8.2133200e-01   2.6395975e+00   1.0000000e+00
   6.2000000e+01   1.0000000e+00   1.6407520e+00   8.2133200e-01   2.6395975e+00   1.0000000e+00
   6.3000000e+01   0.0000000e+00   9.3786100e-01   8.2133200e-01   2.6395975e+00   0.0000000e+00
   6.4000000e+01   0.0000000e+00   5.4105600e-01   8.2133200e-01   2.6395975e+00   0.0000000e+00
   6.5000000e+01   0.0000000e+00   1.5698600e+00   8.2133200e-01   2.6395975e+00   0.0000000e+00
   6.6000000e+01   0.0000000e+00   4.5784300e-01   8.2133200e-01   2.6395975e+00   0.0000000e+00
   6.7000000e+01   0.0000000e+00   5.7185400e-01   8.2133200e-01   2.6395975e+00   1.0000000e+00
   6.8000000e+01   0.0000000e+00   5.5535800e-01   8.2133200e-01   2.6395975e+00   0.0000000e+00
   6.9000000e+01   0.0000000e+00   9.1913300e-01   8.2133200e-01   2.6395975e+00   0.0000000e+00
   7.0000000e+01   1.0000000e+00   1.2135140e+00   8.2133200e-01   2.6395975e+00   1.0000000e+00
   7.1000000e+01   1.0000000e+00   1.3013260e+00   8.2133200e-01   2.6395975e+00   0.0000000e+00
   7.2000000e+01   0.0000000e+00   1.5595960e+00   8.2133200e-01   2.6395975e+00   1.0000000e+00
   7.3000000e+01   0.0000000e+00   5.0191900e-01   8.2133200e-01   2.6395975e+00   0.0000000e+00
   7.4000000e+01   0.0000000e+00   1.0274280e+00   8.2133200e-01   2.6395975e+00   1.0000000e+00
   7.5000000e+01   0.0000000e+00   8.4460200e-01   8.2133200e-01   2.6395975e+00   0.0000000e+00
   7.6000000e+01   1.0000000e+00   4.4991600e-01   8.2133200e-01   2.6395975e+00   1.0000000e+00
   7.7000000e+01   0.0000000e+00   6.6276100e-01   8.2133200e-01   2.6395975e+00   0.0000000e+00
   7.8000000e+01   0.0000000e+00   1.5079890e+00   8.2133200e-01   2.6395975e+00   1.0000000e+00
   7.9000000e+01   0.0000000e+00   5.3272500e-01   8.2133200e-01   2.6395975e+00   0.0000000e+00
   8.0000000e+01   0.0000000e+00   4.5811700e-01   8.2133200e-01   2.6395975e+00   0.0000000e+00
   8.1000000e+01   1.0000000e+00   1.5907070e+00   8.2133200e-01   2.6395975e+00   0.0000000e+00
   8.2000000e+01   0.0000000e+00   1.6903530e+00   8.2133200e-01   2.6395975e+00   0.0000000e+00
   8.3000000e+01   0.0000000e+00   8.2321900e-01   8.2133200e-01   2.6395975e+00   1.0000000e+00
   8.4000000e+01   0.0000000e+00   1.1676920e+00   8.2133200e-01   2.6395975e+00   1.0000000e+00
   8.5000000e+01   1.0000000e+00   1.0829330e+00   8.2133200e-01   2.6395975e+00   0.0000000e+00
   8.6000000e+01   1.0000000e+00   4.7400200e-01   8.2133200e-01   2.6395975e+00   1.0000000e+00
   8.7000000e+01   0.0000000e+00   1.3014720e+00   8.2133200e-01   2.6395975e+00   0.0000000e+00
   8.8000000e+01   0.0000000e+00   4.7147600e-01   8.2133200e-01   2.6395975e+00   0.0000000e+00
   8.9000000e+01   0.0000000e+00   1.1195230e+00   8.2133200e-01   2.6395975e+00   1.0000000e+00
   9.0000000e+01   0.0000000e+00   1.0418500e+00   8.2133200e-01   2.6395975e+00   1.0000000e+00
   9.1000000e+01   1.0000000e+00   7.9319000e-01   8.2133200e-01   2.6395975e+00   0.0000000e+00
   9.2000000e+01   0.0000000e+00   9.3381700e-01   8.2133200e-01   2.6395975e+00   0.0000000e+00
   9.3000000e+01   0.0000000e+00   5.2175700e-01   8.2133200e-01   2.6395975e+00   1.0000000e+00
   9.4000000e+01   1.0000000e+00   4.9926900e-01   8.2133200e-01   2.6395975e+00   1.0000000e+00
   9.5000000e+01   0.0000000e+00   9.1031500e-01   8.2133200e-01   2.6395975e+00   0.0000000e+00
   9.6000000e+01   1.0000000e+00   5.8674300e-01   8.2133200e-01   2.6395975e+00   0.0000000e+00
   9.7000000e+01   0.0000000e+00   6.5322000e-01   8.2133200e-01   2.6395975e+00   0.0000000e+00
   9.8000000e+01   0.0000000e+00   1.5103180e+00   8.2133200e-01   2.6395975e+00   1.0000000e+00
   9.9000000e+01   1.0000000e+00   1.2517530e+00   8.2133200e-01   2.6395975e+00   1.0000000e+00
   1.0000000e+02   0.0000000e+00   7.2042700e-01   8.2133200e-01   2.6395975e+00   1.0000000e+00
   1.0100000e+02   0.0000000e+00   9.2695400e-01   8.2133200e-01   2.6395975e+00   1.0000000e+00
   1.0200000e+02   0.0000000e+00   5.2291800e-01   8.2133200e-01   2.6395975e+00   1.0000000e+00
   1.0300000e+02   0.0000000e+00   1.5333350e+00   8.2133200e-01   2.6395975e+00   1.0000000e+00
   1.0400000e+02   1.0000000e+00   8.5269800e-01   8.2133200e-01   2.6395975e+00   1.0000000e+00
   1.0500000e+02   0.0000000e+00   1.6270440e+00   8.2133200e-01   2.6395975e+00   1.0000000e+00
   1.0600000e+02   0.0000000e+00   1.1429240e+00   8.2133200e-01   2.6395975e+00   1.0000000e+00
   1.0700000e+02   0.0000000e+00   9.1126700e-01   8.2133200e-01   2.6395975e+00   0.0000000e+00
   1.0800000e+02   1.0000000e+00   1.1431310e+00   8.2133200e-01   2.6395975e+00   0.0000000e+00
   1.0900000e+02   0.0000000e+00   5.5135500e-01   8.2133200e-01   2.6395975e+00   1.0000000e+00
   1.1000000e+02   0.0000000e+00   7.2087200e-01   8.2133200e-01   2.6395975e+00   0.0000000e+00
   1.1100000e+02   0.0000000e+00   7.7875900e-01   8.2133200e-01   2.6395975e+00   1.0000000e+00
   1.1200000e+02   0.0000000e+00   1.0176670e+00   8.2133200e-01   2.6395975e+00   0.0000000e+00
   1.1300000e+02   0.0000000e+00   9.4130400e-01   8.2133200e-01   2.6395975e+00   1.0000000e+00
   1.1400000e+02   0.0000000e+00   9.9949300e-01   8.2133200e-01   2.6395975e+00   1.0000000e+00
   1.1500000e+02   0.0000000e+00   9.2068200e-01   8.2133200e-01   2.6395975e+00   0.0000000e+00
   1.1600000e+02   1.0000000e+00   7.7800500e-01   8.2133200e-01   2.6395975e+00   1.0000000e+00
   1.1700000e+02   0.0000000e+00   7.8941400e-01   8.2133200e-01   2.6395975e+00   1.0000000e+00
   1.1800000e+02   1.0000000e+00   1.1939310e+00   8.2133200e-01   2.6395975e+00   0.0000000e+00
   1.1900000e+02   0.0000000e+00   4.6242500e-01   8.2133200e-01   2.6395975e+00   0.0000000e+00
   1.2000000e+02   1.0000000e+00   7.4813900e-01   8.2133200e-01   2.6395975e+00   0.0000000e+00
   1.2100000e+02   0.0000000e+00   6.8795900e-01   8.2133200e-01   2.6395975e+00   1.0000000e+00
   1.2200000e+02   1.0000000e+00   7.7746500e-01   8.2133200e-01   2.6395975e+00   1.0000000e+00
   1.2300000e+02   0.0000000e+00   7.8966700e-01   8.2133200e-01   2.6395975e+00   1.0000000e+00
   1.2400000e+02   0.0000000e+00   7.3074800e-01   8.2133200e-01   2.6395975e+00   0.0000000e+00
   1.2500000e+02   0.0000000e+00   8.8646500e-01   8.2133200e-01   2.6395975e+00   0.0000000e+00
   1.2600000e+02   0.0000000e+00   4.9980900e-01   8.2133200e-01   2.6395975e+00   0.0000000e+00
   1.2700000e+02   1.0000000e+00   8.3751000e-01   8.2133200e-01   2.6395975e+00   0.0000000e+00
   1.2800000e+02   0.0000000e+00   1.1468110e+00   8.2133200e-01   2.6395975e+00   0.0000000e+00
   1.2900000e+02   0.0000000e+00   7.2060000e-01   8.2133200e-01   2.6395975e+00   1.0000000e+00
   1.3000000e+02   0.0000000e+00   1.2075090e+00   8.2133200e-01   2.6395975e+00   0.0000000e+00
   1.3100000e+02   0.0000000e+00   2.0473350e+00   8.2133200e-01   2.6395975e+00   0.0000000e+00
   1.3200000e+02   1.0000000e+00   1.0112510e+00   8.2133200e-01   2.6395975e+00   1.0000000e+00
   1.3300000e+02   0.0000000e+00   4.4295800e-01   8.2133200e-01   2.6395975e+00   0.0000000e+00
   1.3400000e+02   0.0000000e+00   1.1590320e+00   8.2133200e-01   2.6395975e+00   1.0000000e+00
   1.3500000e+02   1.0000000e+00   8.4141500e-01   8.2133200e-01   2.6395975e+00   1.0000000e+00
   1.3600000e+02   1.0000000e+00   7.3275100e-01   8.2133200e-01   2.6395975e+00   0.0000000e+00
