   1.0000000e+00   0.0000000e+00   1.0331440e+00   8.2971400e-01   2.7701967e+00   0.0000000e+00
   2.0000000e+00   0.0000000e+00   7.9443200e-01   8.2971400e-01   2.7701967e+00   0.0000000e+00
   3.0000000e+00   1.0000000e+00   1.0083770e+00   8.2971400e-01   2.7701967e+00   0.0000000e+00
   4.0000000e+00   1.0000000e+00   1.1132460e+00   8.2971400e-01   2.7701967e+00   1.0000000e+00
   5.0000000e+00   0.0000000e+00   1.1852950e+00   8.2971400e-01   2.7701967e+00   1.0000000e+00
   6.0000000e+00   0.0000000e+00   6.5941000e-01   8.2971400e-01   2.7701967e+00   0.0000000e+00
   7.0000000e+00   0.0000000e+00   1.4021360e+00   8.2971400e-01   2.7701967e+00   0.0000000e+00
   8.0000000e+00   0.0000000e+00   6.0745800e-01   8.2971400e-01   2.7701967e+00   1.0000000e+00
   9.0000000e+00   0.0000000e+00   6.1835800e-01   8.2971400e-01   2.7701967e+00   0.0000000e+00
   1.0000000e+01   1.0000000e+00   1.1008530e+00   8.2971400e-01   2.7701967e+00   0.0000000e+00
   1.1000000e+01   0.0000000e+00   4.4589200e-01   8.2971400e-01   2.7701967e+00   0.0000000e+00
   1.2000000e+01   1.0000000e+00   5.4975900e-01   8.2971400e-01   2.7701967e+00   1.0000000e+00
   1.3000000e+01   0.0000000e+00   8.4889500e-01   8.2971400e-01   2.7701967e+00   0.0000000e+00
   1.4000000e+01   0.0000000e+00   5.9754900e-01   8.2971400e-01   2.7701967e+00   1.0000000e+00
   1.5000000e+01   0.0000000e+00   9.0292000e-01   8.2971400e-01   2.7701967e+00   0.0000000e+00
   1.6000000e+01   0.0000000e+00   4.7154900e-01   8.2971400e-01   2.7701967e+00   0.0000000e+00
   1.7000000e+01   0.0000000e+00   1.3646430e+00   8.2971400e-01   2.7701967e+00   1.0000000e+00
   1.8000000e+01   1.0000000e+00   4.8588300e-01   8.2971400e-01   2.7701967e+00   1.0000000e+00
   1.9000000e+01   0.0000000e+00   1.1528340e+00   8.2971400e-01   2.7701967e+00   0.0000000e+00
   2.0000000e+01   0.0000000e+00   5.1701000e-01   8.2971400e-01   2.7701967e+00   1.0000000e+00
   2.1000000e+01   0.0000000e+00   1.1748120e+00   8.2971400e-01   2.7701967e+00   1.0000000e+00
   2.2000000e+01   1.0000000e+00   6.8319900e-01   8.2971400e-01   2.7701967e+00   0.0000000e+00
   2.3000000e+01   0.0000000e+00   1.1711520e+00   8.2971400e-01   2.7701967e+00   0.0000000e+00
   2.4000000e+01   0.0000000e+00   1.0390620e+00   8.2971400e-01   2.7701967e+00   1.0000000e+00
   2.5000000e+01   1.0000000e+00   2.2971440e+00   8.2971400e-01   2.7701967e+00   1.0000000e+00
   2.6000000e+01   0.0000000e+00   1.1265630e+00   8.2971400e-01   2.7701967e+00   1.0000000e+00
   2.7000000e+01   0.0000000e+00   7.5657000e-01   8.2971400e-01   2.7701967e+00   1.0000000e+00
   2.8000000e+01   0.0000000e+00   9.0754700e-01   8.2971400e-01   2.7701967e+00   1.0000000e+00
   2.9000000e+01   0.0000000e+00   6.0815000e-01   8.2971400e-01   2.7701967e+00   1.0000000e+00
   3.0000000e+01   1.0000000e+00   1.0647410e+00   8.2971400e-01   2.7701967e+00   0.0000000e+00
   3.1000000e+01   0.0000000e+00   1.6202190e+00   8.2971400e-01   2.7701967e+00   0.0000000e+00
   3.2000000e+01   0.0000000e+00   8.3641500e-01   8.2971400e-01   2.7701967e+00   1.0000000e+00
   3.3000000e+01   1.0000000e+00   6.4947400e-01   8.2971400e-01   2.7701967e+00   1.0000000e+00
   3.4000000e+01   0.0000000e+00   5.4217800e-01   8.2971400e-01   2.7701967e+00   0.0000000e+00
   3.5000000e+01   0.0000000e+00   6.9486400e-01   8.2971400e-01   2.7701967e+00   1.0000000e+00
   3.6000000e+01   1.0000000e+00   1.6789020e+00   8.2971400e-01   2.7701967e+00   0.0000000e+00
   3.7000000e+01   1.0000000e+00   1.1729470e+00   8.2971400e-01   2.7701967e+00   0.0000000e+00
   3.8000000e+01   0.0000000e+00   8.5869200e-01   8.2971400e-01   2.7701967e+00   1.0000000e+00
   3.9000000e+01   0.0000000e+00   7.4089500e-01   8.2971400e-01   2.7701967e+00   0.0000000e+00
   4.0000000e+01   0.0000000e+00   2.1575900e+00   8.2971400e-01   2.7701967e+00   1.0000000e+00
   4.1000000e+01   1.0000000e+00   5.8394400e-01   8.2971400e-01   2.7701967e+00   1.0000000e+00
   4.2000000e+01   0.0000000e+00   1.2664740e+00   8.2971400e-01   2.7701967e+00   0.0000000e+00
   4.3000000e+01   0.0000000e+00   4.6875700e-01   8.2971400e-01   2.7701967e+00   1.0000000e+00
   4.4000000e+01   1.0000000e+00   1.0364770e+00   8.2971400e-01   2.7701967e+00   0.0000000e+00
   4.5000000e+01   0.0000000e+00   9.0326100e-01   8.2971400e-01   2.7701967e+00   1.0000000e+00
   4.6000000e+01   0.0000000e+00   5.6006200e-01   8.2971400e-01   2.7701967e+00   0.0000000e+00
   4.7000000e+01   0.0000000e+00   6.3666900e-01   8.2971400e-01   2.7701967e+00   1.0000000e+00
   4.8000000e+01   0.0000000e+00   5.5973200e-01   8.2971400e-01   2.7701967e+00   1.0000000e+00
   4.9000000e+01   0.0000000e+00   1.2439740e+00   8.2971400e-01   2.7701967e+00   0.0000000e+00
   5.0000000e+01   0.0000000e+00   8.1163800e-01   8.2971400e-01   2.7701967e+00   1.0000000e+00
   5.1000000e+01   0.0000000e+00   5.4163400e-01   8.2971400e-01   2.7701967e+00   0.0000000e+00
   5.2000000e+01   0.0000000e+00   6.7665500e-01   8.2971400e-01   2.7701967e+00   1.0000000e+00
   5.3000000e+01   0.0000000e+00   1.0005100e+00   8.2971400e-01   2.7701967e+00   0.0000000e+00
   5.4000000e+01   0.0000000e+00   4.9957700e-01   8.2971400e-01   2.7701967e+00   0.0000000e+00
   5.5000000e+01   1.0000000e+00   8.0102400e-01   8.2971400e-01   2.7701967e+00   1.0000000e+00
   5.6000000e+01   0.0000000e+00   9.4847000e-01   8.2971400e-01   2.7701967e+00   0.0000000e+00
   5.7000000e+01   0.0000000e+00   1.0094800e+00   8.2971400e-01   2.7701967e+00   0.0000000e+00
   5.8000000e+01   0.0000000e+00   7.3639300e-01   8.2971400e-01   2.7701967e+00   0.0000000e+00
   5.9000000e+01   1.0000000e+00   1.4300910e+00   8.2971400e-01   2.7701967e+00   1.0000000e+00
   6.0000000e+01   0.0000000e+00   2.3944280e+00   8.2971400e-01   2.7701967e+00   0.0000000e+00
   6.1000000e+01   1.0000000e+00   8.2145100e-01   8.2971400e-01   2.7701967e+00   0.0000000e+00
   6.2000000e+01   1.0000000e+00   4.7570200e-01   8.2971400e-01   2.7701967e+00   1.0000000e+00
   6.3000000e+01   0.0000000e+00   1.1413820e+00   8.2971400e-01   2.7701967e+00   1.0000000e+00
   6.4000000e+01   0.0000000e+00   1.6215930e+00   8.2971400e-01   2.7701967e+00   1.0000000e+00
   6.5000000e+01   0.0000000e+00   1.2179450e+00   8.2971400e-01   2.7701967e+00   1.0000000e+00
   6.6000000e+01   1.0000000e+00   8.0688100e-01   8.2971400e-01   2.7701967e+00   0.0000000e+00
   6.7000000e+01   0.0000000e+00   1.0521680e+00   8.2971400e-01   2.7701967e+00   0.0000000e+00
   6.8000000e+01   0.0000000e+00   7.5871300e-01   8.2971400e-01   2.7701967e+00   1.0000000e+00
   6.9000000e+01   0.0000000e+00   1.3614690e+00   8.2971400e-01   2.7701967e+00   0.0000000e+00
   7.0000000e+01   0.0000000e+00   7.5763200e-01   8.2971400e-01   2.7701967e+00   1.0000000e+00
   7.1000000e+01   0.0000000e+00   1.7147710e+00   8.2971400e-01   2.7701967e+00   0.0000000e+00
   7.2000000e+01   1.0000000e+00   5.8720100e-01   8.2971400e-01   2.7701967e+00   0.0000000e+00
   7.3000000e+01   0.0000000e+00   4.8767600e-01   8.2971400e-01   2.7701967e+00   0.0000000e+00
   7.4000000e+01   0.0000000e+00   1.3947670e+00   8.2971400e-01   2.7701967e+00   0.0000000e+00
   7.5000000e+01   1.0000000e+00   1.1374850e+00   8.2971400e-01   2.7701967e+00   1.0000000e+00
   7.6000000e+01   0.0000000e+00   4.5950400e-01   8.2971400e-01   2.7701967e+00   0.0000000e+00
   7.7000000e+01   1.0000000e+00   1.1721220e+00   8.2971400e-01   2.7701967e+00   1.0000000e+00
   7.8000000e+01   0.0000000e+00   8.9235900e-01   8.2971400e-01   2.7701967e+00   1.0000000e+00
   7.9000000e+01   0.0000000e+00   4.3592800e-01   8.2971400e-01   2.7701967e+00   0.0000000e+00
   8.0000000e+01   0.0000000e+00   9.9090400e-01   8.2971400e-01   2.7701967e+00   1.0000000e+00
   8.1000000e+01   1.0000000e+00   8.8581500e-01   8.2971400e-01   2.7701967e+00   0.0000000e+00
   8.2000000e+01   0.0000000e+00   5.5961100e-01   8.2971400e-01   2.7701967e+00   1.0000000e+00
   8.3000000e+01   1.0000000e+00   6.5320200e-01   8.2971400e-01   2.7701967e+00   1.0000000e+00
   8.4000000e+01   0.0000000e+00   4.8248500e-01   8.2971400e-01   2.7701967e+00   0.0000000e+00
   8.5000000e+01   1.0000000e+00   1.5509570e+00   8.2971400e-01   2.7701967e+00   0.0000000e+00
   8.6000000e+01   0.0000000e+00   5.6098600e-01   8.2971400e-01   2.7701967e+00   1.0000000e+00
   8.7000000e+01   0.0000000e+00   2.8738160e+00   8.2971400e-01   2.7701967e+00   0.0000000e+00
   8.8000000e+01   1.0000000e+00   5.5145000e-01   8.2971400e-01   2.7701967e+00   0.0000000e+00
   8.9000000e+01   0.0000000e+00   1.6032680e+00   8.2971400e-01   2.7701967e+00   1.0000000e+00
   9.0000000e+01   1.0000000e+00   5.6075800e-01   8.2971400e-01   2.7701967e+00   1.0000000e+00
   9.1000000e+01   0.0000000e+00   8.0315800e-01   8.2971400e-01   2.7701967e+00   0.0000000e+00
   9.2000000e+01   0.0000000e+00   1.9815650e+00   8.2971400e-01   2.7701967e+00   1.0000000e+00
   9.3000000e+01   0.0000000e+00   1.1645540e+00   8.2971400e-01   2.7701967e+00   0.0000000e+00
   9.4000000e+01   1.0000000e+00   7.2938200e-01   8.2971400e-01   2.7701967e+00   0.0000000e+00
   9.5000000e+01   0.0000000e+00   8.6024900e-01   8.2971400e-01   2.7701967e+00   1.0000000e+00
   9.6000000e+01   1.0000000e+00   4.6471800e-01   8.2971400e-01   2.7701967e+00   1.0000000e+00
   9.7000000e+01   0.0000000e+00   1.2411200e+00   8.2971400e-01   2.7701967e+00   1.0000000e+00
   9.8000000e+01   0.0000000e+00   8.7486700e-01   8.2971400e-01   2.7701967e+00   1.0000000e+00
   9.9000000e+01   0.0000000e+00   1.3309430e+00   8.2971400e-01   2.7701967e+00   1.0000000e+00
   1.0000000e+02   0.0000000e+00   4.4879100e-01   8.2971400e-01   2.7701967e+00   0.0000000e+00
   1.0100000e+02   0.0000000e+00   4.8784400e-01   8.2971400e-01   2.7701967e+00   1.0000000e+00
   1.0200000e+02   0.0000000e+00   8.0807900e-01   8.2971400e-01   2.7701967e+00   0.0000000e+00
   1.0300000e+02   0.0000000e+00   8.1004800e-01   8.2971400e-01   2.7701967e+00   1.0000000e+00
   1.0400000e+02   1.0000000e+00   1.7745600e+00   8.2971400e-01   2.7701967e+00   0.0000000e+00
   1.0500000e+02   0.0000000e+00   6.9960000e-01   8.2971400e-01   2.7701967e+00   1.0000000e+00
   1.0600000e+02   1.0000000e+00   6.8346400e-01   8.2971400e-01   2.7701967e+00   1.0000000e+00
   1.0700000e+02   0.0000000e+00   6.8465100e-01   8.2971400e-01   2.7701967e+00   0.0000000e+00
   1.0800000e+02   0.0000000e+00   1.2101800e+00   8.2971400e-01   2.7701967e+00   0.0000000e+00
   1.0900000e+02   0.0000000e+00   4.8891100e-01   8.2971400e-01   2.7701967e+00   0.0000000e+00
   1.1000000e+02   1.0000000e+00   8.3212600e-01   8.2971400e-01   2.7701967e+00   1.0000000e+00
   1.1100000e+02   0.0000000e+00   7.2411200e-01   8.2971400e-01   2.7701967e+00   1.0000000e+00
   1.1200000e+02   0.0000000e+00   6.1988300e-01   8.2971400e-01   2.7701967e+00   1.0000000e+00
   1.1300000e+02   1.0000000e+00   1.3576170e+00   8.2971400e-01   2.7701967e+00   0.0000000e+00
   1.1400000e+02   0.0000000e+00   6.0194500e-01   8.2971400e-01   2.7701967e+00   0.0000000e+00
   1.1500000e+02   1.0000000e+00   1.4407980e+00   8.2971400e-01   2.7701967e+00   1.0000000e+00
   1.1600000e+02   0.0000000e+00   4.8166100e-01   8.2971400e-01   2.7701967e+00   0.0000000e+00
   1.1700000e+02   1.0000000e+00   1.2127510e+00   8.2971400e-01   2.7701967e+00   0.0000000e+00
   1.1800000e+02   0.0000000e+00   8.0313900e-01   8.2971400e-01   2.7701967e+00   0.0000000e+00
   1.1900000e+02   0.0000000e+00   1.2156040e+00   8.2971400e-01   2.7701967e+00   1.0000000e+00
   1.2000000e+02   1.0000000e+00   4.7480400e-01   8.2971400e-01   2.7701967e+00   0.0000000e+00
   1.2100000e+02   0.0000000e+00   1.0194320e+00   8.2971400e-01   2.7701967e+00   0.0000000e+00
   1.2200000e+02   0.0000000e+00   4.4097700e-01   8.2971400e-01   2.7701967e+00   0.0000000e+00
   1.2300000e+02   0.0000000e+00   1.1208710e+00   8.2971400e-01   2.7701967e+00   0.0000000e+00
   1.2400000e+02   0.0000000e+00   8.8795300e-01   8.2971400e-01   2.7701967e+00   0.0000000e+00
   1.2500000e+02   0.0000000e+00   5.7043200e-01   8.2971400e-01   2.7701967e+00   1.0000000e+00
   1.2600000e+02   0.0000000e+00   5.8568200e-01   8.2971400e-01   2.7701967e+00   1.0000000e+00
   1.2700000e+02   1.0000000e+00   1.2516550e+00   8.2971400e-01   2.7701967e+00   1.0000000e+00
   1.2800000e+02   0.0000000e+00   5.3585600e-01   8.2971400e-01   2.7701967e+00   1.0000000e+00
   1.2900000e+02   1.0000000e+00   5.4205200e-01   8.2971400e-01   2.7701967e+00   0.0000000e+00
   1.3000000e+02   0.0000000e+00   4.9788200e-01   8.2971400e-01   2.7701967e+00   1.0000000e+00
   1.3100000e+02   0.0000000e+00   2.2059560e+00   8.2971400e-01   2.7701967e+00   1.0000000e+00
   1.3200000e+02   1.0000000e+00   5.7623000e-01   8.2971400e-01   2.7701967e+00   1.0000000e+00
   1.3300000e+02   0.0000000e+00   1.0918570e+00   8.2971400e-01   2.7701967e+00   0.0000000e+00
   1.3400000e+02   0.0000000e+00   1.2176650e+00   8.2971400e-01   2.7701967e+00   1.0000000e+00
   1.3500000e+02   1.0000000e+00   5.4565600e-01   8.2971400e-01   2.7701967e+00   1.0000000e+00
   1.3600000e+02   1.0000000e+00   4.3870100e-01   8.2971400e-01   2.7701967e+00   0.0000000e+00
