   1.0000000e+00   0.0000000e+00   1.0948130e+00   8.2032600e-01   3.2489297e+00   1.0000000e+00
   2.0000000e+00   0.0000000e+00   1.2140000e+00   8.2032600e-01   3.2489297e+00   0.0000000e+00
   3.0000000e+00   1.0000000e+00   5.8851200e-01   8.2032600e-01   3.2489297e+00   0.0000000e+00
   4.0000000e+00   0.0000000e+00   6.0995000e-01   8.2032600e-01   3.2489297e+00   0.0000000e+00
   5.0000000e+00   0.0000000e+00   4.6818200e-01   8.2032600e-01   3.2489297e+00   1.0000000e+00
   6.0000000e+00   0.0000000e+00   1.1381310e+00   8.2032600e-01   3.2489297e+00   1.0000000e+00
   7.0000000e+00   0.0000000e+00   1.8855960e+00   8.2032600e-01   3.2489297e+00   1.0000000e+00
   8.0000000e+00   0.0000000e+00   4.5561000e-01   8.2032600e-01   3.2489297e+00   1.0000000e+00
   9.0000000e+00   0.0000000e+00   4.8177400e-01   8.2032600e-01   3.2489297e+00   0.0000000e+00
   1.0000000e+01   0.0000000e+00   4.7890800e-01   8.2032600e-01   3.2489297e+00   1.0000000e+00
   1.1000000e+01   1.0000000e+00   1.3927730e+00   8.2032600e-01   3.2489297e+00   1.0000000e+00
   1.2000000e+01   0.0000000e+00   7.4399500e-01   8.2032600e-01   3.2489297e+00   1.0000000e+00
   1.3000000e+01   1.0000000e+00   4.5135500e-01   8.2032600e-01   3.2489297e+00   0.0000000e+00
   1.4000000e+01   0.0000000e+00   1.3559190e+00   8.2032600e-01   3.2489297e+00   1.0000000e+00
   1.5000000e+01   0.0000000e+00   1.2432420e+00   8.2032600e-01   3.2489297e+00   0.0000000e+00
   1.6000000e+01   0.0000000e+00   6.5821800e-01   8.2032600e-01   3.2489297e+00   0.0000000e+00
   1.7000000e+01   1.0000000e+00   1.4142760e+00   8.2032600e-01   3.2489297e+00   1.0000000e+00
   1.8000000e+01   0.0000000e+00   1.5686210e+00   8.2032600e-01   3.2489297e+00   0.0000000e+00
   1.9000000e+01   1.0000000e+00   9.3683600e-01   8.2032600e-01   3.2489297e+00   1.0000000e+00
   2.0000000e+01   0.0000000e+00   7.2922600e-01   8.2032600e-01   3.2489297e+00   1.0000000e+00
   2.1000000e+01   1.0000000e+00   1.1161650e+00   8.2032600e-01   3.2489297e+00   0.0000000e+00
   2.2000000e+01   0.0000000e+00   1.5052540e+00   8.2032600e-01   3.2489297e+00   0.0000000e+00
   2.3000000e+01   0.0000000e+00   1.0595180e+00   8.2032600e-01   3.2489297e+00   0.0000000e+00
   2.4000000e+01   1.0000000e+00   7.7768800e-01   8.2032600e-01   3.2489297e+00   1.0000000e+00
   2.5000000e+01   0.0000000e+00   9.0184900e-01   8.2032600e-01   3.2489297e+00   0.0000000e+00
   2.6000000e+01   1.0000000e+00   1.3908440e+00   8.2032600e-01   3.2489297e+00   0.0000000e+00
   2.7000000e+01   0.0000000e+00   9.5280000e-01   8.2032600e-01   3.2489297e+00   0.0000000e+00
   2.8000000e+01   0.0000000e+00   6.1661000e-01   8.2032600e-01   3.2489297e+00   1.0000000e+00
   2.9000000e+01   0.0000000e+00   5.5806400e-01   8.2032600e-01   3.2489297e+00   1.0000000e+00
   3.0000000e+01   0.0000000e+00   5.0508900e-01   8.2032600e-01   3.2489297e+00   1.0000000e+00
   3.1000000e+01   0.0000000e+00   8.3339600e-01   8.2032600e-01   3.2489297e+00   0.0000000e+00
   3.2000000e+01   1.0000000e+00   7.6937300e-01   8.2032600e-01   3.2489297e+00   1.0000000e+00
   3.3000000e+01   0.0000000e+00   6.0382200e-01   8.2032600e-01   3.2489297e+00   0.0000000e+00
   3.4000000e+01   1.0000000e+00   1.0703650e+00   8.2032600e-01   3.2489297e+00   0.0000000e+00
   3.5000000e+01   0.0000000e+00   5.9212100e-01   8.2032600e-01   3.2489297e+00   1.0000000e+00
   3.6000000e+01   1.0000000e+00   1.0083380e+00   8.2032600e-01   3.2489297e+00   0.0000000e+00
   3.7000000e+01   1.0000000e+00   1.7990380e+00   8.2032600e-01   3.2489297e+00   1.0000000e+00
   3.8000000e+01   0.0000000e+00   1.0610800e+00   8.2032600e-01   3.2489297e+00   0.0000000e+00
   3.9000000e+01   0.0000000e+00   8.0391100e-01   8.2032600e-01   3.2489297e+00   1.0000000e+00
   4.0000000e+01   0.0000000e+00   2.1290440e+00   8.2032600e-01   3.2489297e+00   1.0000000e+00
   4.1000000e+01   1.0000000e+00   1.7338510e+00   8.2032600e-01   3.2489297e+00   0.0000000e+00
   4.2000000e+01   0.0000000e+00   8.1479700e-01   8.2032600e-01   3.2489297e+00   1.0000000e+00
   4.3000000e+01   0.0000000e+00   7.9318700e-01   8.2032600e-01   3.2489297e+00   0.0000000e+00
   4.4000000e+01   0.0000000e+00   5.0172800e-01   8.2032600e-01   3.2489297e+00   1.0000000e+00
   4.5000000e+01   1.0000000e+00   1.5283440e+00   8.2032600e-01   3.2489297e+00   1.0000000e+00
   4.6000000e+01   0.0000000e+00   4.9214900e-01   8.2032600e-01   3.2489297e+00   0.0000000e+00
   4.7000000e+01   0.0000000e+00   5.9296900e-01   8.2032600e-01   3.2489297e+00   1.0000000e+00
   4.8000000e+01   0.0000000e+00   7.1406600e-01   8.2032600e-01   3.2489297e+00   0.0000000e+00
   4.9000000e+01   0.0000000e+00   1.9147450e+00   8.2032600e-01   3.2489297e+00   1.0000000e+00
   5.0000000e+01   1.0000000e+00   8.9448500e-01   8.2032600e-01   3.2489297e+00   1.0000000e+00
   5.1000000e+01   0.0000000e+00   6.4889900e-01   8.2032600e-01   3.2489297e+00   0.0000000e+00
   5.2000000e+01   0.0000000e+00   1.0044070e+00   8.2032600e-01   3.2489297e+00   1.0000000e+00
   5.3000000e+01   1.0000000e+00   7.9759800e-01   8.2032600e-01   3.2489297e+00   0.0000000e+00
   5.4000000e+01   0.0000000e+00   8.3835700e-01   8.2032600e-01   3.2489297e+00   0.0000000e+00
   5.5000000e+01   1.0000000e+00   8.2663100e-01   8.2032600e-01   3.2489297e+00   1.0000000e+00
   5.6000000e+01   0.0000000e+00   5.0079600e-01   8.2032600e-01   3.2489297e+00   0.0000000e+00
   5.7000000e+01   0.0000000e+00   2.6133630e+00   8.2032600e-01   3.2489297e+00   0.0000000e+00
   5.8000000e+01   1.0000000e+00   9.4872700e-01   8.2032600e-01   3.2489297e+00   0.0000000e+00
   5.9000000e+01   0.0000000e+00   6.4279200e-01   8.2032600e-01   3.2489297e+00   1.0000000e+00
   6.0000000e+01   0.0000000e+00   1.2970130e+00   8.2032600e-01   3.2489297e+00   1.0000000e+00
   6.1000000e+01   0.0000000e+00   9.4312000e-01   8.2032600e-01   3.2489297e+00   1.0000000e+00
   6.2000000e+01   0.0000000e+00   1.2374060e+00   8.2032600e-01   3.2489297e+00   1.0000000e+00
   6.3000000e+01   0.0000000e+00   8.8478800e-01   8.2032600e-01   3.2489297e+00   1.0000000e+00
   6.4000000e+01   0.0000000e+00   9.1745500e-01   8.2032600e-01   3.2489297e+00   0.0000000e+00
   6.5000000e+01   1.0000000e+00   5.5010900e-01   8.2032600e-01   3.2489297e+00   0.0000000e+00
   6.6000000e+01   0.0000000e+00   1.4098870e+00   8.2032600e-01   3.2489297e+00   0.0000000e+00
   6.7000000e+01   0.0000000e+00   9.0222500e-01   8.2032600e-01   3.2489297e+00   0.0000000e+00
   6.8000000e+01   0.0000000e+00   5.4245400e-01   8.2032600e-01   3.2489297e+00   0.0000000e+00
   6.9000000e+01   1.0000000e+00   5.5697400e-01   8.2032600e-01   3.2489297e+00   1.0000000e+00
   7.0000000e+01   0.0000000e+00   7.8708800e-01   8.2032600e-01   3.2489297e+00   1.0000000e+00
   7.1000000e+01   0.0000000e+00   1.2990460e+00   8.2032600e-01   3.2489297e+00   0.0000000e+00
   7.2000000e+01   1.0000000e+00   6.1338700e-01   8.2032600e-01   3.2489297e+00   1.0000000e+00
   7.3000000e+01   0.0000000e+00   6.0964900e-01   8.2032600e-01   3.2489297e+00   0.0000000e+00
   7.4000000e+01   0.0000000e+00   7.5348300e-01   8.2032600e-01   3.2489297e+00   0.0000000e+00
   7.5000000e+01   0.0000000e+00   9.0798300e-01   8.2032600e-01   3.2489297e+00   1.0000000e+00
   7.6000000e+01   0.0000000e+00   5.0734400e-01   8.2032600e-01   3.2489297e+00   1.0000000e+00
   7.7000000e+01   0.0000000e+00   7.0746000e-01   8.2032600e-01   3.2489297e+00   0.0000000e+00
   7.8000000e+01   0.0000000e+00   6.1192300e-01   8.2032600e-01   3.2489297e+00   0.0000000e+00
   7.9000000e+01   0.0000000e+00   5.7767400e-01   8.2032600e-01   3.2489297e+00   0.0000000e+00
   8.0000000e+01   0.0000000e+00   1.0678290e+00   8.2032600e-01   3.2489297e+00   1.0000000e+00
   8.1000000e+01   1.0000000e+00   4.5569600e-01   8.2032600e-01   3.2489297e+00   0.0000000e+00
   8.2000000e+01   0.0000000e+00   1.4580190e+00   8.2032600e-01   3.2489297e+00   0.0000000e+00
   8.3000000e+01   0.0000000e+00   5.1726100e-01   8.2032600e-01   3.2489297e+00   1.0000000e+00
   8.4000000e+01   1.0000000e+00   9.8941700e-01   8.2032600e-01   3.2489297e+00   1.0000000e+00
   8.5000000e+01   0.0000000e+00   7.2003200e-01   8.2032600e-01   3.2489297e+00   0.0000000e+00
   8.6000000e+01   0.0000000e+00   4.6871600e-01   8.2032600e-01   3.2489297e+00   0.0000000e+00
   8.7000000e+01   0.0000000e+00   6.1004600e-01   8.2032600e-01   3.2489297e+00   1.0000000e+00
   8.8000000e+01   1.0000000e+00   1.9630000e+00   8.2032600e-01   3.2489297e+00   0.0000000e+00
   8.9000000e+01   0.0000000e+00   9.1269300e-01   8.2032600e-01   3.2489297e+00   1.0000000e+00
   9.0000000e+01   1.0000000e+00   6.4331800e-01   8.2032600e-01   3.2489297e+00   0.0000000e+00
   9.1000000e+01   0.0000000e+00   5.2931300e-01   8.2032600e-01   3.2489297e+00   1.0000000e+00
   9.2000000e+01   1.0000000e+00   8.0553500e-01   8.2032600e-01   3.2489297e+00   1.0000000e+00
   9.3000000e+01   0.0000000e+00   1.8873280e+00   8.2032600e-01   3.2489297e+00   1.0000000e+00
   9.4000000e+01   0.0000000e+00   1.4806730e+00   8.2032600e-01   3.2489297e+00   1.0000000e+00
   9.5000000e+01   1.0000000e+00   6.6671600e-01   8.2032600e-01   3.2489297e+00   0.0000000e+00
   9.6000000e+01   1.0000000e+00   9.9140900e-01   8.2032600e-01   3.2489297e+00   1.0000000e+00
   9.7000000e+01   0.0000000e+00   4.6063100e-01   8.2032600e-01   3.2489297e+00   0.0000000e+00
   9.8000000e+01   0.0000000e+00   6.3996600e-01   8.2032600e-01   3.2489297e+00   0.0000000e+00
   9.9000000e+01   0.0000000e+00   9.6184400e-01   8.2032600e-01   3.2489297e+00   1.0000000e+00
   1.0000000e+02   0.0000000e+00   1.6676900e+00   8.2032600e-01   3.2489297e+00   0.0000000e+00
   1.0100000e+02   1.0000000e+00   1.1407800e+00   8.2032600e-01   3.2489297e+00   0.0000000e+00
   1.0200000e+02   1.0000000e+00   7.7412200e-01   8.2032600e-01   3.2489297e+00   1.0000000e+00
   1.0300000e+02   0.0000000e+00   4.7081000e-01   8.2032600e-01   3.2489297e+00   1.0000000e+00
   1.0400000e+02   1.0000000e+00   8.0357700e-01   8.2032600e-01   3.2489297e+00   1.0000000e+00
   1.0500000e+02   0.0000000e+00   4.9386300e-01   8.2032600e-01   3.2489297e+00   1.0000000e+00
   1.0600000e+02   0.0000000e+00   5.1941300e-01   8.2032600e-01   3.2489297e+00   1.0000000e+00
   1.0700000e+02   0.0000000e+00   1.0682980e+00   8.2032600e-01   3.2489297e+00   0.0000000e+00
   1.0800000e+02   0.0000000e+00   7.7433500e-01   8.2032600e-01   3.2489297e+00   0.0000000e+00
   1.0900000e+02   0.0000000e+00   1.7933590e+00   8.2032600e-01   3.2489297e+00   0.0000000e+00
   1.1000000e+02   0.0000000e+00   4.8509300e-01   8.2032600e-01   3.2489297e+00   0.0000000e+00
   1.1100000e+02   0.0000000e+00   4.9907200e-01   8.2032600e-01   3.2489297e+00   1.0000000e+00
   1.1200000e+02   1.0000000e+00   5.2122300e-01   8.2032600e-01   3.2489297e+00   0.0000000e+00
   1.1300000e+02   0.0000000e+00   8.6292800e-01   8.2032600e-01   3.2489297e+00   1.0000000e+00
   1.1400000e+02   1.0000000e+00   2.2395570e+00   8.2032600e-01   3.2489297e+00   1.0000000e+00
   1.1500000e+02   0.0000000e+00   1.5673740e+00   8.2032600e-01   3.2489297e+00   0.0000000e+00
   1.1600000e+02   0.0000000e+00   1.0317320e+00   8.2032600e-01   3.2489297e+00   0.0000000e+00
   1.1700000e+02   1.0000000e+00   6.2339200e-01   8.2032600e-01   3.2489297e+00   0.0000000e+00
   1.1800000e+02   0.0000000e+00   1.2028450e+00   8.2032600e-01   3.2489297e+00   1.0000000e+00
   1.1900000e+02   1.0000000e+00   1.0466720e+00   8.2032600e-01   3.2489297e+00   0.0000000e+00
   1.2000000e+02   0.0000000e+00   8.0517400e-01   8.2032600e-01   3.2489297e+00   1.0000000e+00
   1.2100000e+02   0.0000000e+00   1.1316260e+00   8.2032600e-01   3.2489297e+00   0.0000000e+00
   1.2200000e+02   0.0000000e+00   4.4084200e-01   8.2032600e-01   3.2489297e+00   0.0000000e+00
   1.2300000e+02   1.0000000e+00   6.0234900e-01   8.2032600e-01   3.2489297e+00   1.0000000e+00
   1.2400000e+02   0.0000000e+00   5.1469700e-01   8.2032600e-01   3.2489297e+00   1.0000000e+00
   1.2500000e+02   0.0000000e+00   6.6165600e-01   8.2032600e-01   3.2489297e+00   1.0000000e+00
   1.2600000e+02   0.0000000e+00   1.0602710e+00   8.2032600e-01   3.2489297e+00   1.0000000e+00
   1.2700000e+02   1.0000000e+00   7.6695600e-01   8.2032600e-01   3.2489297e+00   0.0000000e+00
   1.2800000e+02   0.0000000e+00   7.2483500e-01   8.2032600e-01   3.2489297e+00   0.0000000e+00
   1.2900000e+02   1.0000000e+00   1.3047790e+00   8.2032600e-01   3.2489297e+00   1.0000000e+00
   1.3000000e+02   0.0000000e+00   1.4582060e+00   8.2032600e-01   3.2489297e+00   0.0000000e+00
   1.3100000e+02   0.0000000e+00   5.2293800e-01   8.2032600e-01   3.2489297e+00   0.0000000e+00
   1.3200000e+02   0.0000000e+00   1.7791530e+00   8.2032600e-01   3.2489297e+00   0.0000000e+00
   1.3300000e+02   0.0000000e+00   5.0753500e-01   8.2032600e-01   3.2489297e+00   1.0000000e+00
   1.3400000e+02   0.0000000e+00   1.4034510e+00   8.2032600e-01   3.2489297e+00   1.0000000e+00
   1.3500000e+02   1.0000000e+00   5.4330900e-01   8.2032600e-01   3.2489297e+00   1.0000000e+00
   1.3600000e+02   1.0000000e+00   7.3398200e-01   8.2032600e-01   3.2489297e+00   0.0000000e+00
