   1.0000000e+00   0.0000000e+00   3.1674600e+00   8.1914600e-01   3.1136759e+00   0.0000000e+00
   2.0000000e+00   0.0000000e+00   5.1498500e-01   8.1914600e-01   3.1136759e+00   1.0000000e+00
   3.0000000e+00   0.0000000e+00   5.4534900e-01   8.1914600e-01   3.1136759e+00   0.0000000e+00
   4.0000000e+00   1.0000000e+00   1.9783750e+00   8.1914600e-01   3.1136759e+00   1.0000000e+00
   5.0000000e+00   0.0000000e+00   1.0272300e+00   8.1914600e-01   3.1136759e+00   0.0000000e+00
   6.0000000e+00   0.0000000e+00   9.0258600e-01   8.1914600e-01   3.1136759e+00   0.0000000e+00
   7.0000000e+00   0.0000000e+00   5.7466200e-01   8.1914600e-01   3.1136759e+00   1.0000000e+00
   8.0000000e+00   1.0000000e+00   8.3958200e-01   8.1914600e-01   3.1136759e+00   0.0000000e+00
   9.0000000e+00   0.0000000e+00   5.1684800e-01   8.1914600e-01   3.1136759e+00   0.0000000e+00
   1.0000000e+01   0.0000000e+00   6.4890600e-01   8.1914600e-01   3.1136759e+00   1.0000000e+00
   1.1000000e+01   1.0000000e+00   7.2588200e-01   8.1914600e-01   3.1136759e+00   1.0000000e+00
   1.2000000e+01   1.0000000e+00   4.9013900e-01   8.1914600e-01   3.1136759e+00   0.0000000e+00
   1.3000000e+01   0.0000000e+00   7.2082000e-01   8.1914600e-01   3.1136759e+00   0.0000000e+00
   1.4000000e+01   0.0000000e+00   1.2352690e+00   8.1914600e-01   3.1136759e+00   1.0000000e+00
   1.5000000e+01   0.0000000e+00   8.8315800e-01   8.1914600e-01   3.1136759e+00   1.0000000e+00
   1.6000000e+01   0.0000000e+00   1.5467230e+00   8.1914600e-01   3.1136759e+00   0.0000000e+00
   1.7000000e+01   1.0000000e+00   7.8748800e-01   8.1914600e-01   3.1136759e+00   0.0000000e+00
   1.8000000e+01   0.0000000e+00   7.4185800e-01   8.1914600e-01   3.1136759e+00   1.0000000e+00
   1.9000000e+01   0.0000000e+00   1.3643450e+00   8.1914600e-01   3.1136759e+00   0.0000000e+00
   2.0000000e+01   0.0000000e+00   1.1722000e+00   8.1914600e-01   3.1136759e+00   1.0000000e+00
   2.1000000e+01   1.0000000e+00   9.8707100e-01   8.1914600e-01   3.1136759e+00   1.0000000e+00
   2.2000000e+01   0.0000000e+00   7.2926300e-01   8.1914600e-01   3.1136759e+00   1.0000000e+00
   2.3000000e+01   1.0000000e+00   2.0217800e+00   8.1914600e-01   3.1136759e+00   0.0000000e+00
   2.4000000e+01   0.0000000e+00   1.2421970e+00   8.1914600e-01   3.1136759e+00   0.0000000e+00
   2.5000000e+01   1.0000000e+00   5.7638300e-01   8.1914600e-01   3.1136759e+00   1.0000000e+00
   2.6000000e+01   0.0000000e+00   9.5864700e-01   8.1914600e-01   3.1136759e+00   1.0000000e+00
   2.7000000e+01   0.0000000e+00   1.3789430e+00   8.1914600e-01   3.1136759e+00   1.0000000e+00
   2.8000000e+01   1.0000000e+00   1.5044650e+00   8.1914600e-01   3.1136759e+00   0.0000000e+00
   2.9000000e+01   0.0000000e+00   1.0297370e+00   8.1914600e-01   3.1136759e+00   1.0000000e+00
   3.0000000e+01   0.0000000e+00   5.9191100e-01   8.1914600e-01   3.1136759e+00   0.0000000e+00
   3.1000000e+01   0.0000000e+00   5.8832100e-01   8.1914600e-01   3.1136759e+00   1.0000000e+00
   3.2000000e+01   0.0000000e+00   4.6073600e-01   8.1914600e-01   3.1136759e+00   0.0000000e+00
   3.3000000e+01   0.0000000e+00   1.4918550e+00   8.1914600e-01   3.1136759e+00   0.0000000e+00
   3.4000000e+01   1.0000000e+00   8.6284200e-01   8.1914600e-01   3.1136759e+00   1.0000000e+00
   3.5000000e+01   0.0000000e+00   7.8372800e-01   8.1914600e-01   3.1136759e+00   1.0000000e+00
   3.6000000e+01   1.0000000e+00   8.6430500e-01   8.1914600e-01   3.1136759e+00   1.0000000e+00
   3.7000000e+01   0.0000000e+00   1.4930380e+00   8.1914600e-01   3.1136759e+00   1.0000000e+00
   3.8000000e+01   1.0000000e+00   5.0926700e-01   8.1914600e-01   3.1136759e+00   0.0000000e+00
   3.9000000e+01   0.0000000e+00   7.0373800e-01   8.1914600e-01   3.1136759e+00   0.0000000e+00
   4.0000000e+01   1.0000000e+00   6.1173900e-01   8.1914600e-01   3.1136759e+00   1.0000000e+00
   4.1000000e+01   0.0000000e+00   4.9901100e-01   8.1914600e-01   3.1136759e+00   0.0000000e+00
   4.2000000e+01   0.0000000e+00   6.1392800e-01   8.1914600e-01   3.1136759e+00   1.0000000e+00
   4.3000000e+01   0.0000000e+00   4.8096300e-01   8.1914600e-01   3.1136759e+00   0.0000000e+00
   4.4000000e+01   0.0000000e+00   1.0983800e+00   8.1914600e-01   3.1136759e+00   0.0000000e+00
   4.5000000e+01   0.0000000e+00   2.3632670e+00   8.1914600e-01   3.1136759e+00   0.0000000e+00
   4.6000000e+01   0.0000000e+00   9.4410100e-01   8.1914600e-01   3.1136759e+00   1.0000000e+00
   4.7000000e+01   0.0000000e+00   7.9610400e-01   8.1914600e-01   3.1136759e+00   0.0000000e+00
   4.8000000e+01   0.0000000e+00   4.6453000e-01   8.1914600e-01   3.1136759e+00   1.0000000e+00
   4.9000000e+01   1.0000000e+00   5.0826900e-01   8.1914600e-01   3.1136759e+00   0.0000000e+00
   5.0000000e+01   0.0000000e+00   8.7205000e-01   8.1914600e-01   3.1136759e+00   0.0000000e+00
   5.1000000e+01   0.0000000e+00   8.6030200e-01   8.1914600e-01   3.1136759e+00   1.0000000e+00
   5.2000000e+01   1.0000000e+00   4.9343900e-01   8.1914600e-01   3.1136759e+00   0.0000000e+00
   5.3000000e+01   0.0000000e+00   1.1679890e+00   8.1914600e-01   3.1136759e+00   0.0000000e+00
   5.4000000e+01   1.0000000e+00   9.6656600e-01   8.1914600e-01   3.1136759e+00   1.0000000e+00
   5.5000000e+01   0.0000000e+00   5.8105200e-01   8.1914600e-01   3.1136759e+00   1.0000000e+00
   5.6000000e+01   0.0000000e+00   8.4322600e-01   8.1914600e-01   3.1136759e+00   0.0000000e+00
   5.7000000e+01   0.0000000e+00   1.9462170e+00   8.1914600e-01   3.1136759e+00   1.0000000e+00
   5.8000000e+01   1.0000000e+00   8.1230200e-01   8.1914600e-01   3.1136759e+00   0.0000000e+00
   5.9000000e+01   0.0000000e+00   9.8239300e-01   8.1914600e-01   3.1136759e+00   1.0000000e+00
   6.0000000e+01   0.0000000e+00   5.8223800e-01   8.1914600e-01   3.1136759e+00   0.0000000e+00
   6.1000000e+01   0.0000000e+00   7.8628600e-01   8.1914600e-01   3.1136759e+00   1.0000000e+00
   6.2000000e+01   1.0000000e+00   6.2656800e-01   8.1914600e-01   3.1136759e+00   1.0000000e+00
   6.3000000e+01   0.0000000e+00   1.1074860e+00   8.1914600e-01   3.1136759e+00   0.0000000e+00
   6.4000000e+01   0.0000000e+00   1.1703540e+00   8.1914600e-01   3.1136759e+00   0.0000000e+00
   6.5000000e+01   0.0000000e+00   7.4742800e-01   8.1914600e-01   3.1136759e+00   1.0000000e+00
   6.6000000e+01   1.0000000e+00   5.1363700e-01   8.1914600e-01   3.1136759e+00   1.0000000e+00
   6.7000000e+01   0.0000000e+00   6.5829600e-01   8.1914600e-01   3.1136759e+00   1.0000000e+00
   6.8000000e+01   0.0000000e+00   6.1679700e-01   8.1914600e-01   3.1136759e+00   0.0000000e+00
   6.9000000e+01   0.0000000e+00   7.6190800e-01   8.1914600e-01   3.1136759e+00   1.0000000e+00
   7.0000000e+01   0.0000000e+00   3.5316600e+00   8.1914600e-01   3.1136759e+00   1.0000000e+00
   7.1000000e+01   1.0000000e+00   1.0120240e+00   8.1914600e-01   3.1136759e+00   0.0000000e+00
   7.2000000e+01   0.0000000e+00   1.1635730e+00   8.1914600e-01   3.1136759e+00   0.0000000e+00
   7.3000000e+01   1.0000000e+00   7.1639900e-01   8.1914600e-01   3.1136759e+00   0.0000000e+00
   7.4000000e+01   0.0000000e+00   6.9439600e-01   8.1914600e-01   3.1136759e+00   1.0000000e+00
   7.5000000e+01   0.0000000e+00   1.0657830e+00   8.1914600e-01   3.1136759e+00   1.0000000e+00
   7.6000000e+01   0.0000000e+00   9.5516100e-01   8.1914600e-01   3.1136759e+00   1.0000000e+00
   7.7000000e+01   0.0000000e+00   7.3278600e-01   8.1914600e-01   3.1136759e+00   0.0000000e+00
   7.8000000e+01   1.0000000e+00   2.3223120e+00   8.1914600e-01   3.1136759e+00   1.0000000e+00
   7.9000000e+01   0.0000000e+00   6.2509500e-01   8.1914600e-01   3.1136759e+00   0.0000000e+00
   8.0000000e+01   0.0000000e+00   5.7111000e-01   8.1914600e-01   3.1136759e+00   1.0000000e+00
   8.1000000e+01   1.0000000e+00   4.6207300e-01   8.1914600e-01   3.1136759e+00   0.0000000e+00
   8.2000000e+01   0.0000000e+00   4.6900600e-01   8.1914600e-01   3.1136759e+00   0.0000000e+00
   8.3000000e+01   0.0000000e+00   5.1455800e-01   8.1914600e-01   3.1136759e+00   0.0000000e+00
   8.4000000e+01   0.0000000e+00   5.3007700e-01   8.1914600e-01   3.1136759e+00   0.0000000e+00
   8.5000000e+01   1.0000000e+00   2.9579040e+00   8.1914600e-01   3.1136759e+00   1.0000000e+00
   8.6000000e+01   0.0000000e+00   8.6949800e-01   8.1914600e-01   3.1136759e+00   0.0000000e+00
   8.7000000e+01   0.0000000e+00   5.4275500e-01   8.1914600e-01   3.1136759e+00   1.0000000e+00
   8.8000000e+01   0.0000000e+00   7.9592300e-01   8.1914600e-01   3.1136759e+00   0.0000000e+00
   8.9000000e+01   1.0000000e+00   1.0633010e+00   8.1914600e-01   3.1136759e+00   1.0000000e+00
   9.0000000e+01   1.0000000e+00   5.2332200e-01   8.1914600e-01   3.1136759e+00   0.0000000e+00
   9.1000000e+01   0.0000000e+00   1.6061000e+00   8.1914600e-01   3.1136759e+00   1.0000000e+00
   9.2000000e+01   0.0000000e+00   4.3591700e-01   8.1914600e-01   3.1136759e+00   1.0000000e+00
   9.3000000e+01   0.0000000e+00   5.4798200e-01   8.1914600e-01   3.1136759e+00   0.0000000e+00
   9.4000000e+01   0.0000000e+00   9.2025600e-01   8.1914600e-01   3.1136759e+00   1.0000000e+00
   9.5000000e+01   0.0000000e+00   7.5659600e-01   8.1914600e-01   3.1136759e+00   1.0000000e+00
   9.6000000e+01   0.0000000e+00   1.6004670e+00   8.1914600e-01   3.1136759e+00   0.0000000e+00
   9.7000000e+01   0.0000000e+00   8.3468500e-01   8.1914600e-01   3.1136759e+00   0.0000000e+00
   9.8000000e+01   1.0000000e+00   1.1965410e+00   8.1914600e-01   3.1136759e+00   1.0000000e+00
   9.9000000e+01   0.0000000e+00   1.8289050e+00   8.1914600e-01   3.1136759e+00   1.0000000e+00
   1.0000000e+02   1.0000000e+00   4.7692800e-01   8.1914600e-01   3.1136759e+00   0.0000000e+00
   1.0100000e+02   0.0000000e+00   6.5790700e-01   8.1914600e-01   3.1136759e+00   0.0000000e+00
   1.0200000e+02   0.0000000e+00   8.9501000e-01   8.1914600e-01   3.1136759e+00   1.0000000e+00
   1.0300000e+02   1.0000000e+00   8.6271700e-01   8.1914600e-01   3.1136759e+00   1.0000000e+00
   1.0400000e+02   0.0000000e+00   5.1392600e-01   8.1914600e-01   3.1136759e+00   1.0000000e+00
   1.0500000e+02   0.0000000e+00   6.0247700e-01   8.1914600e-01   3.1136759e+00   0.0000000e+00
   1.0600000e+02   1.0000000e+00   4.4305100e-01   8.1914600e-01   3.1136759e+00   0.0000000e+00
   1.0700000e+02   1.0000000e+00   5.2548200e-01   8.1914600e-01   3.1136759e+00   0.0000000e+00
   1.0800000e+02   0.0000000e+00   5.0113500e-01   8.1914600e-01   3.1136759e+00   1.0000000e+00
   1.0900000e+02   0.0000000e+00   6.3160600e-01   8.1914600e-01   3.1136759e+00   1.0000000e+00
   1.1000000e+02   0.0000000e+00   1.0866720e+00   8.1914600e-01   3.1136759e+00   1.0000000e+00
   1.1100000e+02   0.0000000e+00   6.6525100e-01   8.1914600e-01   3.1136759e+00   0.0000000e+00
   1.1200000e+02   1.0000000e+00   5.5748100e-01   8.1914600e-01   3.1136759e+00   1.0000000e+00
   1.1300000e+02   0.0000000e+00   7.6752700e-01   8.1914600e-01   3.1136759e+00   0.0000000e+00
   1.1400000e+02   1.0000000e+00   5.6207300e-01   8.1914600e-01   3.1136759e+00   0.0000000e+00
   1.1500000e+02   0.0000000e+00   8.0083100e-01   8.1914600e-01   3.1136759e+00   0.0000000e+00
   1.1600000e+02   1.0000000e+00   5.1607800e-01   8.1914600e-01   3.1136759e+00   1.0000000e+00
   1.1700000e+02   0.0000000e+00   1.2802470e+00   8.1914600e-01   3.1136759e+00   1.0000000e+00
   1.1800000e+02   0.0000000e+00   5.9129500e-01   8.1914600e-01   3.1136759e+00   0.0000000e+00
   1.1900000e+02   0.0000000e+00   5.9859300e-01   8.1914600e-01   3.1136759e+00   1.0000000e+00
   1.2000000e+02   0.0000000e+00   1.5617780e+00   8.1914600e-01   3.1136759e+00   1.0000000e+00
   1.2100000e+02   0.0000000e+00   1.2604730e+00   8.1914600e-01   3.1136759e+00   0.0000000e+00
   1.2200000e+02   1.0000000e+00   1.3948370e+00   8.1914600e-01   3.1136759e+00   1.0000000e+00
   1.2300000e+02   0.0000000e+00   9.1031400e-01   8.1914600e-01   3.1136759e+00   0.0000000e+00
   1.2400000e+02   0.0000000e+00   1.4816610e+00   8.1914600e-01   3.1136759e+00   1.0000000e+00
   1.2500000e+02   0.0000000e+00   1.2757380e+00   8.1914600e-01   3.1136759e+00   0.0000000e+00
   1.2600000e+02   1.0000000e+00   5.3248900e-01   8.1914600e-01   3.1136759e+00   0.0000000e+00
   1.2700000e+02   0.0000000e+00   7.9991200e-01   8.1914600e-01   3.1136759e+00   1.0000000e+00
   1.2800000e+02   0.0000000e+00   2.7909990e+00   8.1914600e-01   3.1136759e+00   1.0000000e+00
   1.2900000e+02   1.0000000e+00   5.8002200e-01   8.1914600e-01   3.1136759e+00   1.0000000e+00
   1.3000000e+02   0.0000000e+00   6.8204800e-01   8.1914600e-01   3.1136759e+00   1.0000000e+00
   1.3100000e+02   1.0000000e+00   5.1474800e-01   8.1914600e-01   3.1136759e+00   0.0000000e+00
   1.3200000e+02   0.0000000e+00   6.3806200e-01   8.1914600e-01   3.1136759e+00   0.0000000e+00
   1.3300000e+02   0.0000000e+00   5.5784000e-01   8.1914600e-01   3.1136759e+00   0.0000000e+00
   1.3400000e+02   0.0000000e+00   6.2219800e-01   8.1914600e-01   3.1136759e+00   0.0000000e+00
   1.3500000e+02   1.0000000e+00   6.8028100e-01   8.1914600e-01   3.1136759e+00   0.0000000e+00
   1.3600000e+02   1.0000000e+00   8.5523400e-01   8.1914600e-01   3.1136759e+00   1.0000000e+00
