   1.0000000e+00   0.0000000e+00   1.2010530e+00   8.1923900e-01   2.8057042e+00   0.0000000e+00
   2.0000000e+00   0.0000000e+00   5.5067500e-01   8.1923900e-01   2.8057042e+00   0.0000000e+00
   3.0000000e+00   0.0000000e+00   6.1315700e-01   8.1923900e-01   2.8057042e+00   0.0000000e+00
   4.0000000e+00   1.0000000e+00   1.3304070e+00   8.1923900e-01   2.8057042e+00   1.0000000e+00
   5.0000000e+00   0.0000000e+00   6.2270700e-01   8.1923900e-01   2.8057042e+00   0.0000000e+00
   6.0000000e+00   0.0000000e+00   8.5342500e-01   8.1923900e-01   2.8057042e+00   0.0000000e+00
   7.0000000e+00   1.0000000e+00   9.6882600e-01   8.1923900e-01   2.8057042e+00   0.0000000e+00
   8.0000000e+00   0.0000000e+00   6.9837400e-01   8.1923900e-01   2.8057042e+00   0.0000000e+00
   9.0000000e+00   0.0000000e+00   5.5561800e-01   8.1923900e-01   2.8057042e+00   1.0000000e+00
   1.0000000e+01   1.0000000e+00   1.4097980e+00   8.1923900e-01   2.8057042e+00   1.0000000e+00
   1.1000000e+01   0.0000000e+00   1.0179470e+00   8.1923900e-01   2.8057042e+00   1.0000000e+00
   1.2000000e+01   0.0000000e+00   3.0828830e+00   8.1923900e-01   2.8057042e+00   1.0000000e+00
   1.3000000e+01   1.0000000e+00   6.8892100e-01   8.1923900e-01   2.8057042e+00   0.0000000e+00
   1.4000000e+01   0.0000000e+00   8.7670200e-01   8.1923900e-01   2.8057042e+00   1.0000000e+00
   1.5000000e+01   1.0000000e+00   4.5476200e-01   8.1923900e-01   2.8057042e+00   0.0000000e+00
   1.6000000e+01   0.0000000e+00   8.7357600e-01   8.1923900e-01   2.8057042e+00   0.0000000e+00
   1.7000000e+01   1.0000000e+00   8.2320300e-01   8.1923900e-01   2.8057042e+00   1.0000000e+00
   1.8000000e+01   0.0000000e+00   4.4802100e-01   8.1923900e-01   2.8057042e+00   1.0000000e+00
   1.9000000e+01   0.0000000e+00   6.1205500e-01   8.1923900e-01   2.8057042e+00   1.0000000e+00
   2.0000000e+01   1.0000000e+00   1.4163410e+00   8.1923900e-01   2.8057042e+00   0.0000000e+00
   2.1000000e+01   0.0000000e+00   1.0955320e+00   8.1923900e-01   2.8057042e+00   0.0000000e+00
   2.2000000e+01   0.0000000e+00   1.2356730e+00   8.1923900e-01   2.8057042e+00   0.0000000e+00
   2.3000000e+01   0.0000000e+00   7.4799100e-01   8.1923900e-01   2.8057042e+00   0.0000000e+00
   2.4000000e+01   1.0000000e+00   6.4758900e-01   8.1923900e-01   2.8057042e+00   1.0000000e+00
   2.5000000e+01   0.0000000e+00   4.9586000e-01   8.1923900e-01   2.8057042e+00   0.0000000e+00
   2.6000000e+01   0.0000000e+00   4.6024500e-01   8.1923900e-01   2.8057042e+00   1.0000000e+00
   2.7000000e+01   0.0000000e+00   7.1084900e-01   8.1923900e-01   2.8057042e+00   1.0000000e+00
   2.8000000e+01   1.0000000e+00   2.4574130e+00   8.1923900e-01   2.8057042e+00   0.0000000e+00
   2.9000000e+01   0.0000000e+00   6.7285300e-01   8.1923900e-01   2.8057042e+00   1.0000000e+00
   3.0000000e+01   1.0000000e+00   4.8346800e-01   8.1923900e-01   2.8057042e+00   1.0000000e+00
   3.1000000e+01   0.0000000e+00   5.7747200e-01   8.1923900e-01   2.8057042e+00   1.0000000e+00
   3.2000000e+01   1.0000000e+00   1.1790570e+00   8.1923900e-01   2.8057042e+00   1.0000000e+00
   3.3000000e+01   0.0000000e+00   8.9472300e-01   8.1923900e-01   2.8057042e+00   0.0000000e+00
   3.4000000e+01   0.0000000e+00   3.7632820e+00   8.1923900e-01   2.8057042e+00   1.0000000e+00
   3.5000000e+01   0.0000000e+00   1.0089540e+00   8.1923900e-01   2.8057042e+00   0.0000000e+00
   3.6000000e+01   1.0000000e+00   6.8972600e-01   8.1923900e-01   2.8057042e+00   0.0000000e+00
   3.7000000e+01   0.0000000e+00   7.4816400e-01   8.1923900e-01   2.8057042e+00   1.0000000e+00
   3.8000000e+01   1.0000000e+00   1.3432480e+00   8.1923900e-01   2.8057042e+00   1.0000000e+00
   3.9000000e+01   0.0000000e+00   6.5815400e-01   8.1923900e-01   2.8057042e+00   1.0000000e+00
   4.0000000e+01   0.0000000e+00   9.5788200e-01   8.1923900e-01   2.8057042e+00   1.0000000e+00
   4.1000000e+01   1.0000000e+00   8.4390700e-01   8.1923900e-01   2.8057042e+00   0.0000000e+00
   4.2000000e+01   1.0000000e+00   1.4636070e+00   8.1923900e-01   2.8057042e+00   0.0000000e+00
   4.3000000e+01   0.0000000e+00   7.3249900e-01   8.1923900e-01   2.8057042e+00   0.0000000e+00
   4.4000000e+01   0.0000000e+00   5.0384400e-01   8.1923900e-01   2.8057042e+00   0.0000000e+00
   4.5000000e+01   0.0000000e+00   9.7834700e-01   8.1923900e-01   2.8057042e+00   0.0000000e+00
   4.6000000e+01   0.0000000e+00   5.0452100e-01   8.1923900e-01   2.8057042e+00   0.0000000e+00
   4.7000000e+01   1.0000000e+00   1.9110180e+00   8.1923900e-01   2.8057042e+00   1.0000000e+00
   4.8000000e+01   0.0000000e+00   7.4919000e-01   8.1923900e-01   2.8057042e+00   1.0000000e+00
   4.9000000e+01   0.0000000e+00   1.1634170e+00   8.1923900e-01   2.8057042e+00   0.0000000e+00
   5.0000000e+01   0.0000000e+00   7.6976900e-01   8.1923900e-01   2.8057042e+00   0.0000000e+00
   5.1000000e+01   1.0000000e+00   1.1769540e+00   8.1923900e-01   2.8057042e+00   0.0000000e+00
   5.2000000e+01   0.0000000e+00   5.0131200e-01   8.1923900e-01   2.8057042e+00   1.0000000e+00
   5.3000000e+01   0.0000000e+00   7.0458800e-01   8.1923900e-01   2.8057042e+00   1.0000000e+00
   5.4000000e+01   1.0000000e+00   9.5491800e-01   8.1923900e-01   2.8057042e+00   1.0000000e+00
   5.5000000e+01   0.0000000e+00   5.6477200e-01   8.1923900e-01   2.8057042e+00   1.0000000e+00
   5.6000000e+01   1.0000000e+00   4.6168900e-01   8.1923900e-01   2.8057042e+00   1.0000000e+00
   5.7000000e+01   0.0000000e+00   1.6980020e+00   8.1923900e-01   2.8057042e+00   1.0000000e+00
   5.8000000e+01   0.0000000e+00   7.7884200e-01   8.1923900e-01   2.8057042e+00   0.0000000e+00
   5.9000000e+01   0.0000000e+00   7.7926800e-01   8.1923900e-01   2.8057042e+00   1.0000000e+00
   6.0000000e+01   0.0000000e+00   8.1562300e-01   8.1923900e-01   2.8057042e+00   1.0000000e+00
   6.1000000e+01   0.0000000e+00   5.0272400e-01   8.1923900e-01   2.8057042e+00   1.0000000e+00
   6.2000000e+01   0.0000000e+00   7.3825500e-01   8.1923900e-01   2.8057042e+00   1.0000000e+00
   6.3000000e+01   1.0000000e+00   5.0191100e-01   8.1923900e-01   2.8057042e+00   0.0000000e+00
   6.4000000e+01   0.0000000e+00   5.6063500e-01   8.1923900e-01   2.8057042e+00   0.0000000e+00
   6.5000000e+01   0.0000000e+00   1.3126360e+00   8.1923900e-01   2.8057042e+00   0.0000000e+00
   6.6000000e+01   0.0000000e+00   5.5037800e-01   8.1923900e-01   2.8057042e+00   0.0000000e+00
   6.7000000e+01   0.0000000e+00   4.3595100e-01   8.1923900e-01   2.8057042e+00   1.0000000e+00
   6.8000000e+01   1.0000000e+00   6.7953700e-01   8.1923900e-01   2.8057042e+00   0.0000000e+00
   6.9000000e+01   0.0000000e+00   8.8667700e-01   8.1923900e-01   2.8057042e+00   1.0000000e+00
   7.0000000e+01   0.0000000e+00   1.7258380e+00   8.1923900e-01   2.8057042e+00   0.0000000e+00
   7.1000000e+01   1.0000000e+00   7.7369300e-01   8.1923900e-01   2.8057042e+00   1.0000000e+00
   7.2000000e+01   0.0000000e+00   1.1066300e+00   8.1923900e-01   2.8057042e+00   1.0000000e+00
   7.3000000e+01   1.0000000e+00   1.2606730e+00   8.1923900e-01   2.8057042e+00   0.0000000e+00
   7.4000000e+01   0.0000000e+00   9.6387500e-01   8.1923900e-01   2.8057042e+00   1.0000000e+00
   7.5000000e+01   0.0000000e+00   5.5070900e-01   8.1923900e-01   2.8057042e+00   0.0000000e+00
   7.6000000e+01   0.0000000e+00   5.8700600e-01   8.1923900e-01   2.8057042e+00   0.0000000e+00
   7.7000000e+01   0.0000000e+00   9.1512700e-01   8.1923900e-01   2.8057042e+00   0.0000000e+00
   7.8000000e+01   0.0000000e+00   7.4080600e-01   8.1923900e-01   2.8057042e+00   1.0000000e+00
   7.9000000e+01   1.0000000e+00   4.8426500e-01   8.1923900e-01   2.8057042e+00   1.0000000e+00
   8.0000000e+01   0.0000000e+00   5.8744300e-01   8.1923900e-01   2.8057042e+00   0.0000000e+00
   8.1000000e+01   0.0000000e+00   7.7227200e-01   8.1923900e-01   2.8057042e+00   1.0000000e+00
   8.2000000e+01   1.0000000e+00   6.7094700e-01   8.1923900e-01   2.8057042e+00   1.0000000e+00
   8.3000000e+01   0.0000000e+00   1.0613610e+00   8.1923900e-01   2.8057042e+00   0.0000000e+00
   8.4000000e+01   1.0000000e+00   1.1758570e+00   8.1923900e-01   2.8057042e+00   0.0000000e+00
   8.5000000e+01   0.0000000e+00   8.4093800e-01   8.1923900e-01   2.8057042e+00   1.0000000e+00
   8.6000000e+01   0.0000000e+00   6.2772300e-01   8.1923900e-01   2.8057042e+00   0.0000000e+00
   8.7000000e+01   1.0000000e+00   1.1092720e+00   8.1923900e-01   2.8057042e+00   1.0000000e+00
   8.8000000e+01   0.0000000e+00   7.2136700e-01   8.1923900e-01   2.8057042e+00   0.0000000e+00
   8.9000000e+01   1.0000000e+00   4.5927100e-01   8.1923900e-01   2.8057042e+00   0.0000000e+00
   9.0000000e+01   0.0000000e+00   1.5344390e+00   8.1923900e-01   2.8057042e+00   0.0000000e+00
   9.1000000e+01   0.0000000e+00   1.1375690e+00   8.1923900e-01   2.8057042e+00   0.0000000e+00
   9.2000000e+01   0.0000000e+00   7.3372100e-01   8.1923900e-01   2.8057042e+00   1.0000000e+00
   9.3000000e+01   0.0000000e+00   1.7157210e+00   8.1923900e-01   2.8057042e+00   1.0000000e+00
   9.4000000e+01   1.0000000e+00   5.3089700e-01   8.1923900e-01   2.8057042e+00   1.0000000e+00
   9.5000000e+01   0.0000000e+00   2.0212390e+00   8.1923900e-01   2.8057042e+00   0.0000000e+00
   9.6000000e+01   0.0000000e+00   1.1730720e+00   8.1923900e-01   2.8057042e+00   1.0000000e+00
   9.7000000e+01   0.0000000e+00   4.4344700e-01   8.1923900e-01   2.8057042e+00   1.0000000e+00
   9.8000000e+01   1.0000000e+00   7.1111600e-01   8.1923900e-01   2.8057042e+00   0.0000000e+00
   9.9000000e+01   1.0000000e+00   8.7491000e-01   8.1923900e-01   2.8057042e+00   0.0000000e+00
   1.0000000e+02   0.0000000e+00   5.9237100e-01   8.1923900e-01   2.8057042e+00   1.0000000e+00
   1.0100000e+02   0.0000000e+00   1.1195000e+00   8.1923900e-01   2.8057042e+00   1.0000000e+00
   1.0200000e+02   0.0000000e+00   1.5803590e+00   8.1923900e-01   2.8057042e+00   0.0000000e+00
   1.0300000e+02   0.0000000e+00   1.2387810e+00   8.1923900e-01   2.8057042e+00   1.0000000e+00
   1.0400000e+02   0.0000000e+00   1.0549460e+00   8.1923900e-01   2.8057042e+00   1.0000000e+00
   1.0500000e+02   1.0000000e+00   8.0391800e-01   8.1923900e-01   2.8057042e+00   1.0000000e+00
   1.0600000e+02   0.0000000e+00   6.8130900e-01   8.1923900e-01   2.8057042e+00   1.0000000e+00
   1.0700000e+02   0.0000000e+00   5.2441800e-01   8.1923900e-01   2.8057042e+00   0.0000000e+00
   1.0800000e+02   1.0000000e+00   4.8728000e-01   8.1923900e-01   2.8057042e+00   0.0000000e+00
   1.0900000e+02   0.0000000e+00   1.5824530e+00   8.1923900e-01   2.8057042e+00   1.0000000e+00
   1.1000000e+02   0.0000000e+00   4.5637200e-01   8.1923900e-01   2.8057042e+00   0.0000000e+00
   1.1100000e+02   0.0000000e+00   1.5252720e+00   8.1923900e-01   2.8057042e+00   0.0000000e+00
   1.1200000e+02   0.0000000e+00   1.6154680e+00   8.1923900e-01   2.8057042e+00   0.0000000e+00
   1.1300000e+02   1.0000000e+00   1.5013170e+00   8.1923900e-01   2.8057042e+00   1.0000000e+00
   1.1400000e+02   0.0000000e+00   6.3927900e-01   8.1923900e-01   2.8057042e+00   1.0000000e+00
   1.1500000e+02   0.0000000e+00   5.7524900e-01   8.1923900e-01   2.8057042e+00   1.0000000e+00
   1.1600000e+02   0.0000000e+00   4.7179600e-01   8.1923900e-01   2.8057042e+00   0.0000000e+00
   1.1700000e+02   0.0000000e+00   1.6360720e+00   8.1923900e-01   2.8057042e+00   0.0000000e+00
   1.1800000e+02   0.0000000e+00   8.1376000e-01   8.1923900e-01   2.8057042e+00   1.0000000e+00
   1.1900000e+02   0.0000000e+00   8.3878100e-01   8.1923900e-01   2.8057042e+00   1.0000000e+00
   1.2000000e+02   0.0000000e+00   1.8055390e+00   8.1923900e-01   2.8057042e+00   1.0000000e+00
   1.2100000e+02   1.0000000e+00   2.3303830e+00   8.1923900e-01   2.8057042e+00   1.0000000e+00
   1.2200000e+02   0.0000000e+00   4.7388700e-01   8.1923900e-01   2.8057042e+00   0.0000000e+00
   1.2300000e+02   0.0000000e+00   4.8485900e-01   8.1923900e-01   2.8057042e+00   0.0000000e+00
   1.2400000e+02   0.0000000e+00   4.7815700e-01   8.1923900e-01   2.8057042e+00   1.0000000e+00
   1.2500000e+02   0.0000000e+00   6.3142000e-01   8.1923900e-01   2.8057042e+00   0.0000000e+00
   1.2600000e+02   0.0000000e+00   9.1301500e-01   8.1923900e-01   2.8057042e+00   0.0000000e+00
   1.2700000e+02   0.0000000e+00   5.8531900e-01   8.1923900e-01   2.8057042e+00   0.0000000e+00
   1.2800000e+02   1.0000000e+00   7.7246600e-01   8.1923900e-01   2.8057042e+00   0.0000000e+00
   1.2900000e+02   1.0000000e+00   1.1222870e+00   8.1923900e-01   2.8057042e+00   1.0000000e+00
   1.3000000e+02   0.0000000e+00   4.3586800e-01   8.1923900e-01   2.8057042e+00   0.0000000e+00
   1.3100000e+02   1.0000000e+00   1.3494850e+00   8.1923900e-01   2.8057042e+00   0.0000000e+00
   1.3200000e+02   0.0000000e+00   8.5366500e-01   8.1923900e-01   2.8057042e+00   0.0000000e+00
   1.3300000e+02   0.0000000e+00   1.0796950e+00   8.1923900e-01   2.8057042e+00   1.0000000e+00
   1.3400000e+02   0.0000000e+00   4.6668000e-01   8.1923900e-01   2.8057042e+00   1.0000000e+00
   1.3500000e+02   1.0000000e+00   8.2303700e-01   8.1923900e-01   2.8057042e+00   0.0000000e+00
   1.3600000e+02   1.0000000e+00   6.5295300e-01   8.1923900e-01   2.8057042e+00   1.0000000e+00
