   1.0000000e+00   0.0000000e+00   1.6933400e+00   8.2672100e-01   3.1105317e+00   0.0000000e+00
   2.0000000e+00   0.0000000e+00   1.1047360e+00   8.2672100e-01   3.1105317e+00   0.0000000e+00
   3.0000000e+00   1.0000000e+00   1.0116380e+00   8.2672100e-01   3.1105317e+00   1.0000000e+00
   4.0000000e+00   0.0000000e+00   1.1155860e+00   8.2672100e-01   3.1105317e+00   0.0000000e+00
   5.0000000e+00   0.0000000e+00   1.0528650e+00   8.2672100e-01   3.1105317e+00   0.0000000e+00
   6.0000000e+00   1.0000000e+00   1.2658920e+00   8.2672100e-01   3.1105317e+00   0.0000000e+00
   7.0000000e+00   0.0000000e+00   1.0634970e+00   8.2672100e-01   3.1105317e+00   1.0000000e+00
   8.0000000e+00   1.0000000e+00   4.7692000e-01   8.2672100e-01   3.1105317e+00   1.0000000e+00
   9.0000000e+00   0.0000000e+00   1.0043150e+00   8.2672100e-01   3.1105317e+00   1.0000000e+00
   1.0000000e+01   0.0000000e+00   6.3712500e-01   8.2672100e-01   3.1105317e+00   0.0000000e+00
   1.1000000e+01   0.0000000e+00   4.9441700e-01   8.2672100e-01   3.1105317e+00   0.0000000e+00
   1.2000000e+01   0.0000000e+00   1.8058070e+00   8.2672100e-01   3.1105317e+00   1.0000000e+00
   1.3000000e+01   0.0000000e+00   8.5831800e-01   8.2672100e-01   3.1105317e+00   0.0000000e+00
   1.4000000e+01   0.0000000e+00   1.8016110e+00   8.2672100e-01   3.1105317e+00   1.0000000e+00
   1.5000000e+01   1.0000000e+00   4.6283900e-01   8.2672100e-01   3.1105317e+00   0.0000000e+00
   1.6000000e+01   0.0000000e+00   8.0791300e-01   8.2672100e-01   3.1105317e+00   0.0000000e+00
   1.7000000e+01   0.0000000e+00   8.6912700e-01   8.2672100e-01   3.1105317e+00   0.0000000e+00
   1.8000000e+01   1.0000000e+00   1.5147240e+00   8.2672100e-01   3.1105317e+00   0.0000000e+00
   1.9000000e+01   0.0000000e+00   1.2850510e+00   8.2672100e-01   3.1105317e+00   1.0000000e+00
   2.0000000e+01   0.0000000e+00   7.1255400e-01   8.2672100e-01   3.1105317e+00   1.0000000e+00
   2.1000000e+01   0.0000000e+00   5.9102800e-01   8.2672100e-01   3.1105317e+00   0.0000000e+00
   2.2000000e+01   1.0000000e+00   1.0059460e+00   8.2672100e-01   3.1105317e+00   1.0000000e+00
   2.3000000e+01   1.0000000e+00   6.0644700e-01   8.2672100e-01   3.1105317e+00   0.0000000e+00
   2.4000000e+01   0.0000000e+00   1.8852900e+00   8.2672100e-01   3.1105317e+00   1.0000000e+00
   2.5000000e+01   0.0000000e+00   4.8509700e-01   8.2672100e-01   3.1105317e+00   0.0000000e+00
   2.6000000e+01   0.0000000e+00   8.9880400e-01   8.2672100e-01   3.1105317e+00   1.0000000e+00
   2.7000000e+01   0.0000000e+00   4.5434400e-01   8.2672100e-01   3.1105317e+00   1.0000000e+00
   2.8000000e+01   1.0000000e+00   1.3003840e+00   8.2672100e-01   3.1105317e+00   1.0000000e+00
   2.9000000e+01   0.0000000e+00   7.0424600e-01   8.2672100e-01   3.1105317e+00   1.0000000e+00
   3.0000000e+01   1.0000000e+00   9.3258400e-01   8.2672100e-01   3.1105317e+00   0.0000000e+00
   3.1000000e+01   0.0000000e+00   9.0367200e-01   8.2672100e-01   3.1105317e+00   1.0000000e+00
   3.2000000e+01   0.0000000e+00   9.1318900e-01   8.2672100e-01   3.1105317e+00   1.0000000e+00
   3.3000000e+01   0.0000000e+00   1.0636480e+00   8.2672100e-01   3.1105317e+00   1.0000000e+00
   3.4000000e+01   0.0000000e+00   6.1594500e-01   8.2672100e-01   3.1105317e+00   0.0000000e+00
   3.5000000e+01   0.0000000e+00   4.3616900e-01   8.2672100e-01   3.1105317e+00   1.0000000e+00
   3.6000000e+01   1.0000000e+00   1.6701160e+00   8.2672100e-01   3.1105317e+00   1.0000000e+00
   3.7000000e+01   0.0000000e+00   5.4902300e-01   8.2672100e-01   3.1105317e+00   1.0000000e+00
   3.8000000e+01   1.0000000e+00   4.6999100e-01   8.2672100e-01   3.1105317e+00   1.0000000e+00
   3.9000000e+01   0.0000000e+00   6.6267300e-01   8.2672100e-01   3.1105317e+00   0.0000000e+00
   4.0000000e+01   1.0000000e+00   9.3479000e-01   8.2672100e-01   3.1105317e+00   0.0000000e+00
   4.1000000e+01   0.0000000e+00   5.4421900e-01   8.2672100e-01   3.1105317e+00   0.0000000e+00
   4.2000000e+01   0.0000000e+00   7.6277200e-01   8.2672100e-01   3.1105317e+00   0.0000000e+00
   4.3000000e+01   1.0000000e+00   4.6776200e-01   8.2672100e-01   3.1105317e+00   1.0000000e+00
   4.4000000e+01   0.0000000e+00   2.9685660e+00   8.2672100e-01   3.1105317e+00   1.0000000e+00
   4.5000000e+01   1.0000000e+00   6.1785900e-01   8.2672100e-01   3.1105317e+00   0.0000000e+00
   4.6000000e+01   0.0000000e+00   5.3872900e-01   8.2672100e-01   3.1105317e+00   1.0000000e+00
   4.7000000e+01   0.0000000e+00   2.0250550e+00   8.2672100e-01   3.1105317e+00   1.0000000e+00
   4.8000000e+01   0.0000000e+00   1.4094400e+00   8.2672100e-01   3.1105317e+00   1.0000000e+00
   4.9000000e+01   0.0000000e+00   6.4468200e-01   8.2672100e-01   3.1105317e+00   0.0000000e+00
   5.0000000e+01   1.0000000e+00   5.6454000e-01   8.2672100e-01   3.1105317e+00   0.0000000e+00
   5.1000000e+01   0.0000000e+00   7.7885700e-01   8.2672100e-01   3.1105317e+00   0.0000000e+00
   5.2000000e+01   0.0000000e+00   5.8762500e-01   8.2672100e-01   3.1105317e+00   1.0000000e+00
   5.3000000e+01   1.0000000e+00   4.5127700e-01   8.2672100e-01   3.1105317e+00   1.0000000e+00
   5.4000000e+01   0.0000000e+00   5.7311800e-01   8.2672100e-01   3.1105317e+00   0.0000000e+00
   5.5000000e+01   0.0000000e+00   5.4209300e-01   8.2672100e-01   3.1105317e+00   0.0000000e+00
   5.6000000e+01   0.0000000e+00   7.9354900e-01   8.2672100e-01   3.1105317e+00   1.0000000e+00
   5.7000000e+01   1.0000000e+00   5.2076600e-01   8.2672100e-01   3.1105317e+00   0.0000000e+00
   5.8000000e+01   0.0000000e+00   4.9366300e-01   8.2672100e-01   3.1105317e+00   1.0000000e+00
   5.9000000e+01   1.0000000e+00   4.5589900e-01   8.2672100e-01   3.1105317e+00   1.0000000e+00
   6.0000000e+01   0.0000000e+00   1.5999560e+00   8.2672100e-01   3.1105317e+00   0.0000000e+00
   6.1000000e+01   0.0000000e+00   1.5054460e+00   8.2672100e-01   3.1105317e+00   0.0000000e+00
   6.2000000e+01   1.0000000e+00   5.2824500e-01   8.2672100e-01   3.1105317e+00   1.0000000e+00
   6.3000000e+01   0.0000000e+00   7.3984600e-01   8.2672100e-01   3.1105317e+00   1.0000000e+00
   6.4000000e+01   0.0000000e+00   1.9931670e+00   8.2672100e-01   3.1105317e+00   0.0000000e+00
   6.5000000e+01   0.0000000e+00   6.4240400e-01   8.2672100e-01   3.1105317e+00   0.0000000e+00
   6.6000000e+01   0.0000000e+00   8.7794600e-01   8.2672100e-01   3.1105317e+00   0.0000000e+00
   6.7000000e+01   0.0000000e+00   6.8882900e-01   8.2672100e-01   3.1105317e+00   1.0000000e+00
   6.8000000e+01   0.0000000e+00   6.2565900e-01   8.2672100e-01   3.1105317e+00   0.0000000e+00
   6.9000000e+01   1.0000000e+00   1.4459450e+00   8.2672100e-01   3.1105317e+00   0.0000000e+00
   7.0000000e+01   0.0000000e+00   2.8967460e+00   8.2672100e-01   3.1105317e+00   0.0000000e+00
   7.1000000e+01   0.0000000e+00   4.5358000e-01   8.2672100e-01   3.1105317e+00   1.0000000e+00
   7.2000000e+01   0.0000000e+00   9.9930300e-01   8.2672100e-01   3.1105317e+00   0.0000000e+00
   7.3000000e+01   0.0000000e+00   7.4405600e-01   8.2672100e-01   3.1105317e+00   0.0000000e+00
   7.4000000e+01   0.0000000e+00   1.1581970e+00   8.2672100e-01   3.1105317e+00   1.0000000e+00
   7.5000000e+01   0.0000000e+00   5.9641700e-01   8.2672100e-01   3.1105317e+00   1.0000000e+00
   7.6000000e+01   1.0000000e+00   1.2667980e+00   8.2672100e-01   3.1105317e+00   0.0000000e+00
   7.7000000e+01   0.0000000e+00   6.0188600e-01   8.2672100e-01   3.1105317e+00   0.0000000e+00
   7.8000000e+01   1.0000000e+00   5.2339200e-01   8.2672100e-01   3.1105317e+00   1.0000000e+00
   7.9000000e+01   0.0000000e+00   9.2117600e-01   8.2672100e-01   3.1105317e+00   1.0000000e+00
   8.0000000e+01   0.0000000e+00   8.5557900e-01   8.2672100e-01   3.1105317e+00   0.0000000e+00
   8.1000000e+01   0.0000000e+00   9.8385700e-01   8.2672100e-01   3.1105317e+00   1.0000000e+00
   8.2000000e+01   0.0000000e+00   4.7474600e-01   8.2672100e-01   3.1105317e+00   0.0000000e+00
   8.3000000e+01   0.0000000e+00   5.5184000e-01   8.2672100e-01   3.1105317e+00   0.0000000e+00
   8.4000000e+01   1.0000000e+00   1.5084050e+00   8.2672100e-01   3.1105317e+00   0.0000000e+00
   8.5000000e+01   0.0000000e+00   1.2178670e+00   8.2672100e-01   3.1105317e+00   1.0000000e+00
   8.6000000e+01   0.0000000e+00   9.5860900e-01   8.2672100e-01   3.1105317e+00   1.0000000e+00
   8.7000000e+01   0.0000000e+00   1.1664920e+00   8.2672100e-01   3.1105317e+00   1.0000000e+00
   8.8000000e+01   1.0000000e+00   5.2490400e-01   8.2672100e-01   3.1105317e+00   1.0000000e+00
   8.9000000e+01   0.0000000e+00   9.5567500e-01   8.2672100e-01   3.1105317e+00   0.0000000e+00
   9.0000000e+01   1.0000000e+00   6.3752500e-01   8.2672100e-01   3.1105317e+00   1.0000000e+00
   9.1000000e+01   0.0000000e+00   8.1514700e-01   8.2672100e-01   3.1105317e+00   0.0000000e+00
   9.2000000e+01   0.0000000e+00   4.7789900e-01   8.2672100e-01   3.1105317e+00   0.0000000e+00
   9.3000000e+01   0.0000000e+00   8.9976400e-01   8.2672100e-01   3.1105317e+00   1.0000000e+00
   9.4000000e+01   1.0000000e+00   5.9740000e-01   8.2672100e-01   3.1105317e+00   0.0000000e+00
   9.5000000e+01   0.0000000e+00   7.8711500e-01   8.2672100e-01   3.1105317e+00   0.0000000e+00
   9.6000000e+01   0.0000000e+00   9.0881000e-01   8.2672100e-01   3.1105317e+00   1.0000000e+00
   9.7000000e+01   1.0000000e+00   8.5451400e-01   8.2672100e-01   3.1105317e+00   1.0000000e+00
   9.8000000e+01   1.0000000e+00   5.4994900e-01   8.2672100e-01   3.1105317e+00   0.0000000e+00
   9.9000000e+01   0.0000000e+00   8.5536900e-01   8.2672100e-01   3.1105317e+00   0.0000000e+00
   1.0000000e+02   0.0000000e+00   7.2623700e-01   8.2672100e-01   3.1105317e+00   1.0000000e+00
   1.0100000e+02   0.0000000e+00   9.5668300e-01   8.2672100e-01   3.1105317e+00   1.0000000e+00
   1.0200000e+02   0.0000000e+00   6.0828600e-01   8.2672100e-01   3.1105317e+00   1.0000000e+00
   1.0300000e+02   1.0000000e+00   1.2775120e+00   8.2672100e-01   3.1105317e+00   1.0000000e+00
   1.0400000e+02   0.0000000e+00   6.3921700e-01   8.2672100e-01   3.1105317e+00   0.0000000e+00
   1.0500000e+02   0.0000000e+00   1.1752440e+00   8.2672100e-01   3.1105317e+00   1.0000000e+00
   1.0600000e+02   0.0000000e+00   9.5466000e-01   8.2672100e-01   3.1105317e+00   0.0000000e+00
   1.0700000e+02   0.0000000e+00   4.6549100e-01   8.2672100e-01   3.1105317e+00   0.0000000e+00
   1.0800000e+02   0.0000000e+00   9.8366400e-01   8.2672100e-01   3.1105317e+00   0.0000000e+00
   1.0900000e+02   1.0000000e+00   5.8982100e-01   8.2672100e-01   3.1105317e+00   0.0000000e+00
   1.1000000e+02   0.0000000e+00   6.9239600e-01   8.2672100e-01   3.1105317e+00   1.0000000e+00
   1.1100000e+02   1.0000000e+00   4.5400900e-01   8.2672100e-01   3.1105317e+00   0.0000000e+00
   1.1200000e+02   0.0000000e+00   4.4146800e-01   8.2672100e-01   3.1105317e+00   0.0000000e+00
   1.1300000e+02   0.0000000e+00   1.1650930e+00   8.2672100e-01   3.1105317e+00   1.0000000e+00
   1.1400000e+02   0.0000000e+00   5.3329800e-01   8.2672100e-01   3.1105317e+00   1.0000000e+00
   1.1500000e+02   0.0000000e+00   9.5448400e-01   8.2672100e-01   3.1105317e+00   1.0000000e+00
   1.1600000e+02   0.0000000e+00   5.5131300e-01   8.2672100e-01   3.1105317e+00   0.0000000e+00
   1.1700000e+02   0.0000000e+00   4.9790400e-01   8.2672100e-01   3.1105317e+00   1.0000000e+00
   1.1800000e+02   0.0000000e+00   5.7167900e-01   8.2672100e-01   3.1105317e+00   1.0000000e+00
   1.1900000e+02   1.0000000e+00   5.1935200e-01   8.2672100e-01   3.1105317e+00   1.0000000e+00
   1.2000000e+02   1.0000000e+00   1.3566920e+00   8.2672100e-01   3.1105317e+00   0.0000000e+00
   1.2100000e+02   0.0000000e+00   1.0491550e+00   8.2672100e-01   3.1105317e+00   0.0000000e+00
   1.2200000e+02   0.0000000e+00   7.7767500e-01   8.2672100e-01   3.1105317e+00   0.0000000e+00
   1.2300000e+02   1.0000000e+00   2.4281300e+00   8.2672100e-01   3.1105317e+00   1.0000000e+00
   1.2400000e+02   0.0000000e+00   1.3249800e+00   8.2672100e-01   3.1105317e+00   1.0000000e+00
   1.2500000e+02   0.0000000e+00   9.4217800e-01   8.2672100e-01   3.1105317e+00   1.0000000e+00
   1.2600000e+02   0.0000000e+00   1.4760620e+00   8.2672100e-01   3.1105317e+00   0.0000000e+00
   1.2700000e+02   1.0000000e+00   7.1383800e-01   8.2672100e-01   3.1105317e+00   1.0000000e+00
   1.2800000e+02   0.0000000e+00   7.4082600e-01   8.2672100e-01   3.1105317e+00   1.0000000e+00
   1.2900000e+02   1.0000000e+00   1.3337700e+00   8.2672100e-01   3.1105317e+00   0.0000000e+00
   1.3000000e+02   0.0000000e+00   8.0840700e-01   8.2672100e-01   3.1105317e+00   0.0000000e+00
   1.3100000e+02   1.0000000e+00   1.9733690e+00   8.2672100e-01   3.1105317e+00   1.0000000e+00
   1.3200000e+02   0.0000000e+00   4.6043500e-01   8.2672100e-01   3.1105317e+00   0.0000000e+00
   1.3300000e+02   1.0000000e+00   7.4863800e-01   8.2672100e-01   3.1105317e+00   0.0000000e+00
   1.3400000e+02   0.0000000e+00   2.8700450e+00   8.2672100e-01   3.1105317e+00   1.0000000e+00
   1.3500000e+02   1.0000000e+00   4.6083400e-01   8.2672100e-01   3.1105317e+00   0.0000000e+00
   1.3600000e+02   1.0000000e+00   1.6845660e+00   8.2672100e-01   3.1105317e+00   1.0000000e+00
