   1.0000000e+00   0.0000000e+00   1.7984440e+00   8.4919100e-01   3.0445089e+00   0.0000000e+00
   2.0000000e+00   0.0000000e+00   6.7135300e-01   8.4919100e-01   3.0445089e+00   0.0000000e+00
   3.0000000e+00   1.0000000e+00   5.5957400e-01   8.4919100e-01   3.0445089e+00   1.0000000e+00
   4.0000000e+00   0.0000000e+00   5.4535200e-01   8.4919100e-01   3.0445089e+00   0.0000000e+00
   5.0000000e+00   1.0000000e+00   1.4698960e+00   8.4919100e-01   3.0445089e+00   0.0000000e+00
   6.0000000e+00   0.0000000e+00   9.4670600e-01   8.4919100e-01   3.0445089e+00   0.0000000e+00
   7.0000000e+00   0.0000000e+00   1.4610580e+00   8.4919100e-01   3.0445089e+00   1.0000000e+00
   8.0000000e+00   0.0000000e+00   2.4482360e+00   8.4919100e-01   3.0445089e+00   0.0000000e+00
   9.0000000e+00   1.0000000e+00   7.2268400e-01   8.4919100e-01   3.0445089e+00   1.0000000e+00
   1.0000000e+01   0.0000000e+00   5.5393800e-01   8.4919100e-01   3.0445089e+00   1.0000000e+00
   1.1000000e+01   1.0000000e+00   1.5954400e+00   8.4919100e-01   3.0445089e+00   0.0000000e+00
   1.2000000e+01   0.0000000e+00   6.3133100e-01   8.4919100e-01   3.0445089e+00   1.0000000e+00
   1.3000000e+01   1.0000000e+00   4.7733900e-01   8.4919100e-01   3.0445089e+00   0.0000000e+00
   1.4000000e+01   0.0000000e+00   1.4874080e+00   8.4919100e-01   3.0445089e+00   0.0000000e+00
   1.5000000e+01   0.0000000e+00   6.8056200e-01   8.4919100e-01   3.0445089e+00   1.0000000e+00
   1.6000000e+01   0.0000000e+00   8.5195100e-01   8.4919100e-01   3.0445089e+00   1.0000000e+00
   1.7000000e+01   1.0000000e+00   5.6946800e-01   8.4919100e-01   3.0445089e+00   1.0000000e+00
   1.8000000e+01   0.0000000e+00   4.4928400e-01   8.4919100e-01   3.0445089e+00   0.0000000e+00
   1.9000000e+01   0.0000000e+00   4.9211300e-01   8.4919100e-01   3.0445089e+00   0.0000000e+00
   2.0000000e+01   0.0000000e+00   8.8740100e-01   8.4919100e-01   3.0445089e+00   0.0000000e+00
   2.1000000e+01   0.0000000e+00   7.0252800e-01   8.4919100e-01   3.0445089e+00   0.0000000e+00
   2.2000000e+01   0.0000000e+00   1.0497550e+00   8.4919100e-01   3.0445089e+00   1.0000000e+00
   2.3000000e+01   0.0000000e+00   5.2403700e-01   8.4919100e-01   3.0445089e+00   1.0000000e+00
   2.4000000e+01   0.0000000e+00   5.1778100e-01   8.4919100e-01   3.0445089e+00   1.0000000e+00
   2.5000000e+01   1.0000000e+00   4.5916300e-01   8.4919100e-01   3.0445089e+00   0.0000000e+00
   2.6000000e+01   0.0000000e+00   7.4065100e-01   8.4919100e-01   3.0445089e+00   1.0000000e+00
   2.7000000e+01   1.0000000e+00   5.3900800e-01   8.4919100e-01   3.0445089e+00   1.0000000e+00
   2.8000000e+01   0.0000000e+00   5.1148600e-01   8.4919100e-01   3.0445089e+00   1.0000000e+00
   2.9000000e+01   1.0000000e+00   5.8362600e-01   8.4919100e-01   3.0445089e+00   0.0000000e+00
   3.0000000e+01   0.0000000e+00   9.4909500e-01   8.4919100e-01   3.0445089e+00   0.0000000e+00
   3.1000000e+01   0.0000000e+00   8.4289800e-01   8.4919100e-01   3.0445089e+00   0.0000000e+00
   3.2000000e+01   1.0000000e+00   1.2911580e+00   8.4919100e-01   3.0445089e+00   1.0000000e+00
   3.3000000e+01   0.0000000e+00   8.4685100e-01   8.4919100e-01   3.0445089e+00   1.0000000e+00
   3.4000000e+01   0.0000000e+00   1.5775520e+00   8.4919100e-01   3.0445089e+00   1.0000000e+00
   3.5000000e+01   0.0000000e+00   4.7289400e-01   8.4919100e-01   3.0445089e+00   0.0000000e+00
   3.6000000e+01   1.0000000e+00   1.8618570e+00   8.4919100e-01   3.0445089e+00   1.0000000e+00
   3.7000000e+01   0.0000000e+00   5.9221100e-01   8.4919100e-01   3.0445089e+00   0.0000000e+00
   3.8000000e+01   0.0000000e+00   6.5092400e-01   8.4919100e-01   3.0445089e+00   0.0000000e+00
   3.9000000e+01   0.0000000e+00   1.0290700e+00   8.4919100e-01   3.0445089e+00   1.0000000e+00
   4.0000000e+01   0.0000000e+00   4.5546300e-01   8.4919100e-01   3.0445089e+00   1.0000000e+00
   4.1000000e+01   0.0000000e+00   5.5327200e-01   8.4919100e-01   3.0445089e+00   0.0000000e+00
   4.2000000e+01   1.0000000e+00   5.8016500e-01   8.4919100e-01   3.0445089e+00   0.0000000e+00
   4.3000000e+01   0.0000000e+00   4.7159000e-01   8.4919100e-01   3.0445089e+00   0.0000000e+00
   4.4000000e+01   1.0000000e+00   4.9133100e-01   8.4919100e-01   3.0445089e+00   1.0000000e+00
   4.5000000e+01   0.0000000e+00   8.3547500e-01   8.4919100e-01   3.0445089e+00   1.0000000e+00
   4.6000000e+01   1.0000000e+00   7.1063300e-01   8.4919100e-01   3.0445089e+00   0.0000000e+00
   4.7000000e+01   0.0000000e+00   6.7123200e-01   8.4919100e-01   3.0445089e+00   1.0000000e+00
   4.8000000e+01   0.0000000e+00   4.5870700e-01   8.4919100e-01   3.0445089e+00   0.0000000e+00
   4.9000000e+01   0.0000000e+00   6.2527600e-01   8.4919100e-01   3.0445089e+00   0.0000000e+00
   5.0000000e+01   1.0000000e+00   1.2127410e+00   8.4919100e-01   3.0445089e+00   0.0000000e+00
   5.1000000e+01   0.0000000e+00   1.0009530e+00   8.4919100e-01   3.0445089e+00   0.0000000e+00
   5.2000000e+01   0.0000000e+00   6.6266400e-01   8.4919100e-01   3.0445089e+00   1.0000000e+00
   5.3000000e+01   1.0000000e+00   1.1057180e+00   8.4919100e-01   3.0445089e+00   1.0000000e+00
   5.4000000e+01   0.0000000e+00   5.9378000e-01   8.4919100e-01   3.0445089e+00   1.0000000e+00
   5.5000000e+01   0.0000000e+00   1.0318820e+00   8.4919100e-01   3.0445089e+00   1.0000000e+00
   5.6000000e+01   0.0000000e+00   1.3671950e+00   8.4919100e-01   3.0445089e+00   0.0000000e+00
   5.7000000e+01   0.0000000e+00   1.0859430e+00   8.4919100e-01   3.0445089e+00   0.0000000e+00
   5.8000000e+01   0.0000000e+00   5.2731100e-01   8.4919100e-01   3.0445089e+00   1.0000000e+00
   5.9000000e+01   0.0000000e+00   8.6304400e-01   8.4919100e-01   3.0445089e+00   0.0000000e+00
   6.0000000e+01   1.0000000e+00   8.6124400e-01   8.4919100e-01   3.0445089e+00   0.0000000e+00
   6.1000000e+01   0.0000000e+00   4.8802700e-01   8.4919100e-01   3.0445089e+00   0.0000000e+00
   6.2000000e+01   0.0000000e+00   4.9073000e-01   8.4919100e-01   3.0445089e+00   1.0000000e+00
   6.3000000e+01   1.0000000e+00   8.8706500e-01   8.4919100e-01   3.0445089e+00   1.0000000e+00
   6.4000000e+01   0.0000000e+00   1.4506530e+00   8.4919100e-01   3.0445089e+00   1.0000000e+00
   6.5000000e+01   0.0000000e+00   7.1929600e-01   8.4919100e-01   3.0445089e+00   1.0000000e+00
   6.6000000e+01   0.0000000e+00   5.8106400e-01   8.4919100e-01   3.0445089e+00   1.0000000e+00
   6.7000000e+01   0.0000000e+00   8.6332700e-01   8.4919100e-01   3.0445089e+00   0.0000000e+00
   6.8000000e+01   1.0000000e+00   1.3920050e+00   8.4919100e-01   3.0445089e+00   1.0000000e+00
   6.9000000e+01   0.0000000e+00   6.1162700e-01   8.4919100e-01   3.0445089e+00   1.0000000e+00
   7.0000000e+01   0.0000000e+00   9.8284400e-01   8.4919100e-01   3.0445089e+00   1.0000000e+00
   7.1000000e+01   0.0000000e+00   1.1903230e+00   8.4919100e-01   3.0445089e+00   0.0000000e+00
   7.2000000e+01   1.0000000e+00   5.5739400e-01   8.4919100e-01   3.0445089e+00   0.0000000e+00
   7.3000000e+01   0.0000000e+00   1.3573230e+00   8.4919100e-01   3.0445089e+00   0.0000000e+00
   7.4000000e+01   0.0000000e+00   1.7633310e+00   8.4919100e-01   3.0445089e+00   0.0000000e+00
   7.5000000e+01   0.0000000e+00   1.3002530e+00   8.4919100e-01   3.0445089e+00   0.0000000e+00
   7.6000000e+01   0.0000000e+00   1.2472200e+00   8.4919100e-01   3.0445089e+00   0.0000000e+00
   7.7000000e+01   1.0000000e+00   4.5730200e-01   8.4919100e-01   3.0445089e+00   0.0000000e+00
   7.8000000e+01   0.0000000e+00   4.7472900e-01   8.4919100e-01   3.0445089e+00   0.0000000e+00
   7.9000000e+01   1.0000000e+00   1.0790260e+00   8.4919100e-01   3.0445089e+00   1.0000000e+00
   8.0000000e+01   0.0000000e+00   6.2948800e-01   8.4919100e-01   3.0445089e+00   1.0000000e+00
   8.1000000e+01   0.0000000e+00   1.1570440e+00   8.4919100e-01   3.0445089e+00   1.0000000e+00
   8.2000000e+01   0.0000000e+00   1.4845550e+00   8.4919100e-01   3.0445089e+00   1.0000000e+00
   8.3000000e+01   1.0000000e+00   2.5742710e+00   8.4919100e-01   3.0445089e+00   0.0000000e+00
   8.4000000e+01   0.0000000e+00   1.7048100e+00   8.4919100e-01   3.0445089e+00   0.0000000e+00
   8.5000000e+01   1.0000000e+00   6.5686900e-01   8.4919100e-01   3.0445089e+00   1.0000000e+00
   8.6000000e+01   0.0000000e+00   6.2695300e-01   8.4919100e-01   3.0445089e+00   0.0000000e+00
   8.7000000e+01   0.0000000e+00   1.4258690e+00   8.4919100e-01   3.0445089e+00   1.0000000e+00
   8.8000000e+01   1.0000000e+00   5.0302600e-01   8.4919100e-01   3.0445089e+00   1.0000000e+00
   8.9000000e+01   0.0000000e+00   7.8116800e-01   8.4919100e-01   3.0445089e+00   1.0000000e+00
   9.0000000e+01   1.0000000e+00   9.7674700e-01   8.4919100e-01   3.0445089e+00   0.0000000e+00
   9.1000000e+01   0.0000000e+00   9.2316100e-01   8.4919100e-01   3.0445089e+00   0.0000000e+00
   9.2000000e+01   0.0000000e+00   5.7376900e-01   8.4919100e-01   3.0445089e+00   1.0000000e+00
   9.3000000e+01   1.0000000e+00   8.8251000e-01   8.4919100e-01   3.0445089e+00   1.0000000e+00
   9.4000000e+01   1.0000000e+00   8.8609600e-01   8.4919100e-01   3.0445089e+00   0.0000000e+00
   9.5000000e+01   0.0000000e+00   9.9091300e-01   8.4919100e-01   3.0445089e+00   0.0000000e+00
   9.6000000e+01   0.0000000e+00   1.5714110e+00   8.4919100e-01   3.0445089e+00   1.0000000e+00
   9.7000000e+01   0.0000000e+00   1.4895980e+00   8.4919100e-01   3.0445089e+00   1.0000000e+00
   9.8000000e+01   1.0000000e+00   8.5213800e-01   8.4919100e-01   3.0445089e+00   1.0000000e+00
   9.9000000e+01   0.0000000e+00   8.3677000e-01   8.4919100e-01   3.0445089e+00   1.0000000e+00
   1.0000000e+02   0.0000000e+00   9.4908700e-01   8.4919100e-01   3.0445089e+00   0.0000000e+00
   1.0100000e+02   0.0000000e+00   5.6857600e-01   8.4919100e-01   3.0445089e+00   1.0000000e+00
   1.0200000e+02   1.0000000e+00   1.2692860e+00   8.4919100e-01   3.0445089e+00   0.0000000e+00
   1.0300000e+02   1.0000000e+00   7.8267900e-01   8.4919100e-01   3.0445089e+00   0.0000000e+00
   1.0400000e+02   0.0000000e+00   1.8222550e+00   8.4919100e-01   3.0445089e+00   1.0000000e+00
   1.0500000e+02   0.0000000e+00   1.6802850e+00   8.4919100e-01   3.0445089e+00   1.0000000e+00
   1.0600000e+02   0.0000000e+00   2.0411710e+00   8.4919100e-01   3.0445089e+00   0.0000000e+00
   1.0700000e+02   0.0000000e+00   9.0427600e-01   8.4919100e-01   3.0445089e+00   0.0000000e+00
   1.0800000e+02   1.0000000e+00   8.6212200e-01   8.4919100e-01   3.0445089e+00   1.0000000e+00
   1.0900000e+02   0.0000000e+00   6.7305500e-01   8.4919100e-01   3.0445089e+00   0.0000000e+00
   1.1000000e+02   0.0000000e+00   1.0687510e+00   8.4919100e-01   3.0445089e+00   1.0000000e+00
   1.1100000e+02   0.0000000e+00   7.7899300e-01   8.4919100e-01   3.0445089e+00   0.0000000e+00
   1.1200000e+02   1.0000000e+00   8.3233600e-01   8.4919100e-01   3.0445089e+00   0.0000000e+00
   1.1300000e+02   0.0000000e+00   5.3427600e-01   8.4919100e-01   3.0445089e+00   0.0000000e+00
   1.1400000e+02   0.0000000e+00   4.8715700e-01   8.4919100e-01   3.0445089e+00   0.0000000e+00
   1.1500000e+02   0.0000000e+00   5.9648700e-01   8.4919100e-01   3.0445089e+00   1.0000000e+00
   1.1600000e+02   0.0000000e+00   1.5313410e+00   8.4919100e-01   3.0445089e+00   1.0000000e+00
   1.1700000e+02   0.0000000e+00   1.1187120e+00   8.4919100e-01   3.0445089e+00   1.0000000e+00
   1.1800000e+02   1.0000000e+00   5.9019400e-01   8.4919100e-01   3.0445089e+00   1.0000000e+00
   1.1900000e+02   1.0000000e+00   9.0275400e-01   8.4919100e-01   3.0445089e+00   1.0000000e+00
   1.2000000e+02   0.0000000e+00   5.8431300e-01   8.4919100e-01   3.0445089e+00   0.0000000e+00
   1.2100000e+02   0.0000000e+00   4.3981900e-01   8.4919100e-01   3.0445089e+00   1.0000000e+00
   1.2200000e+02   0.0000000e+00   8.2727900e-01   8.4919100e-01   3.0445089e+00   1.0000000e+00
   1.2300000e+02   0.0000000e+00   2.3762870e+00   8.4919100e-01   3.0445089e+00   0.0000000e+00
   1.2400000e+02   0.0000000e+00   1.6505460e+00   8.4919100e-01   3.0445089e+00   1.0000000e+00
   1.2500000e+02   0.0000000e+00   6.7843700e-01   8.4919100e-01   3.0445089e+00   0.0000000e+00
   1.2600000e+02   0.0000000e+00   2.5745360e+00   8.4919100e-01   3.0445089e+00   1.0000000e+00
   1.2700000e+02   1.0000000e+00   5.3702700e-01   8.4919100e-01   3.0445089e+00   0.0000000e+00
   1.2800000e+02   0.0000000e+00   1.1186370e+00   8.4919100e-01   3.0445089e+00   1.0000000e+00
   1.2900000e+02   1.0000000e+00   1.2585850e+00   8.4919100e-01   3.0445089e+00   1.0000000e+00
   1.3000000e+02   0.0000000e+00   5.0231100e-01   8.4919100e-01   3.0445089e+00   1.0000000e+00
   1.3100000e+02   1.0000000e+00   5.4914400e-01   8.4919100e-01   3.0445089e+00   0.0000000e+00
   1.3200000e+02   0.0000000e+00   5.2640100e-01   8.4919100e-01   3.0445089e+00   0.0000000e+00
   1.3300000e+02   0.0000000e+00   6.6385100e-01   8.4919100e-01   3.0445089e+00   0.0000000e+00
   1.3400000e+02   1.0000000e+00   5.9989100e-01   8.4919100e-01   3.0445089e+00   0.0000000e+00
   1.3500000e+02   0.0000000e+00   5.9128800e-01   8.4919100e-01   3.0445089e+00   0.0000000e+00
   1.3600000e+02   1.0000000e+00   1.0594470e+00   8.4919100e-01   3.0445089e+00   1.0000000e+00
