   1.0000000e+00   0.0000000e+00   6.0286400e-01   8.2260100e-01   2.5402419e+00   0.0000000e+00
   2.0000000e+00   0.0000000e+00   1.0395160e+00   8.2260100e-01   2.5402419e+00   0.0000000e+00
   3.0000000e+00   1.0000000e+00   2.2949670e+00   8.2260100e-01   2.5402419e+00   1.0000000e+00
   4.0000000e+00   0.0000000e+00   5.5657900e-01   8.2260100e-01   2.5402419e+00   1.0000000e+00
   5.0000000e+00   0.0000000e+00   8.0629000e-01   8.2260100e-01   2.5402419e+00   1.0000000e+00
   6.0000000e+00   0.0000000e+00   5.6927100e-01   8.2260100e-01   2.5402419e+00   1.0000000e+00
   7.0000000e+00   0.0000000e+00   1.1421100e+00   8.2260100e-01   2.5402419e+00   0.0000000e+00
   8.0000000e+00   1.0000000e+00   5.4780100e-01   8.2260100e-01   2.5402419e+00   0.0000000e+00
   9.0000000e+00   1.0000000e+00   7.6738200e-01   8.2260100e-01   2.5402419e+00   1.0000000e+00
   1.0000000e+01   0.0000000e+00   6.8253100e-01   8.2260100e-01   2.5402419e+00   0.0000000e+00
   1.1000000e+01   0.0000000e+00   2.5198450e+00   8.2260100e-01   2.5402419e+00   1.0000000e+00
   1.2000000e+01   0.0000000e+00   1.1583800e+00   8.2260100e-01   2.5402419e+00   1.0000000e+00
   1.3000000e+01   0.0000000e+00   1.0745720e+00   8.2260100e-01   2.5402419e+00   0.0000000e+00
   1.4000000e+01   1.0000000e+00   6.2009500e-01   8.2260100e-01   2.5402419e+00   0.0000000e+00
   1.5000000e+01   1.0000000e+00   1.6566230e+00   8.2260100e-01   2.5402419e+00   0.0000000e+00
   1.6000000e+01   0.0000000e+00   8.0358700e-01   8.2260100e-01   2.5402419e+00   0.0000000e+00
   1.7000000e+01   0.0000000e+00   9.6948500e-01   8.2260100e-01   2.5402419e+00   1.0000000e+00
   1.8000000e+01   0.0000000e+00   5.5927400e-01   8.2260100e-01   2.5402419e+00   1.0000000e+00
   1.9000000e+01   1.0000000e+00   2.0688390e+00   8.2260100e-01   2.5402419e+00   1.0000000e+00
   2.0000000e+01   0.0000000e+00   8.0177400e-01   8.2260100e-01   2.5402419e+00   1.0000000e+00
   2.1000000e+01   0.0000000e+00   6.5014200e-01   8.2260100e-01   2.5402419e+00   0.0000000e+00
   2.2000000e+01   0.0000000e+00   4.8514600e-01   8.2260100e-01   2.5402419e+00   1.0000000e+00
   2.3000000e+01   1.0000000e+00   1.3123090e+00   8.2260100e-01   2.5402419e+00   0.0000000e+00
   2.4000000e+01   0.0000000e+00   1.5372350e+00   8.2260100e-01   2.5402419e+00   0.0000000e+00
   2.5000000e+01   0.0000000e+00   9.5396600e-01   8.2260100e-01   2.5402419e+00   0.0000000e+00
   2.6000000e+01   0.0000000e+00   1.7898190e+00   8.2260100e-01   2.5402419e+00   0.0000000e+00
   2.7000000e+01   1.0000000e+00   1.1957730e+00   8.2260100e-01   2.5402419e+00   1.0000000e+00
   2.8000000e+01   0.0000000e+00   7.9044500e-01   8.2260100e-01   2.5402419e+00   0.0000000e+00
   2.9000000e+01   0.0000000e+00   7.1239300e-01   8.2260100e-01   2.5402419e+00   1.0000000e+00
   3.0000000e+01   1.0000000e+00   1.4277520e+00   8.2260100e-01   2.5402419e+00   0.0000000e+00
   3.1000000e+01   0.0000000e+00   9.1246500e-01   8.2260100e-01   2.5402419e+00   1.0000000e+00
   3.2000000e+01   1.0000000e+00   7.2826700e-01   8.2260100e-01   2.5402419e+00   1.0000000e+00
   3.3000000e+01   0.0000000e+00   6.0154400e-01   8.2260100e-01   2.5402419e+00   0.0000000e+00
   3.4000000e+01   1.0000000e+00   5.9658400e-01   8.2260100e-01   2.5402419e+00   1.0000000e+00
   3.5000000e+01   0.0000000e+00   1.4940220e+00   8.2260100e-01   2.5402419e+00   0.0000000e+00
   3.6000000e+01   0.0000000e+00   5.7105300e-01   8.2260100e-01   2.5402419e+00   1.0000000e+00
   3.7000000e+01   0.0000000e+00   1.4149330e+00   8.2260100e-01   2.5402419e+00   0.0000000e+00
   3.8000000e+01   0.0000000e+00   1.0169360e+00   8.2260100e-01   2.5402419e+00   1.0000000e+00
   3.9000000e+01   1.0000000e+00   2.5254610e+00   8.2260100e-01   2.5402419e+00   0.0000000e+00
   4.0000000e+01   1.0000000e+00   5.7912900e-01   8.2260100e-01   2.5402419e+00   1.0000000e+00
   4.1000000e+01   0.0000000e+00   7.2918100e-01   8.2260100e-01   2.5402419e+00   0.0000000e+00
   4.2000000e+01   1.0000000e+00   1.5741460e+00   8.2260100e-01   2.5402419e+00   0.0000000e+00
   4.3000000e+01   0.0000000e+00   6.1913500e-01   8.2260100e-01   2.5402419e+00   0.0000000e+00
   4.4000000e+01   0.0000000e+00   2.1757370e+00   8.2260100e-01   2.5402419e+00   0.0000000e+00
   4.5000000e+01   1.0000000e+00   7.3655600e-01   8.2260100e-01   2.5402419e+00   0.0000000e+00
   4.6000000e+01   0.0000000e+00   4.8985600e-01   8.2260100e-01   2.5402419e+00   1.0000000e+00
   4.7000000e+01   1.0000000e+00   1.6377680e+00   8.2260100e-01   2.5402419e+00   1.0000000e+00
   4.8000000e+01   0.0000000e+00   6.7101500e-01   8.2260100e-01   2.5402419e+00   1.0000000e+00
   4.9000000e+01   0.0000000e+00   5.3601200e-01   8.2260100e-01   2.5402419e+00   1.0000000e+00
   5.0000000e+01   0.0000000e+00   9.1129400e-01   8.2260100e-01   2.5402419e+00   1.0000000e+00
   5.1000000e+01   0.0000000e+00   7.3952000e-01   8.2260100e-01   2.5402419e+00   0.0000000e+00
   5.2000000e+01   0.0000000e+00   4.6052300e-01   8.2260100e-01   2.5402419e+00   1.0000000e+00
   5.3000000e+01   1.0000000e+00   6.0764400e-01   8.2260100e-01   2.5402419e+00   0.0000000e+00
   5.4000000e+01   0.0000000e+00   1.1036010e+00   8.2260100e-01   2.5402419e+00   1.0000000e+00
   5.5000000e+01   0.0000000e+00   1.1950500e+00   8.2260100e-01   2.5402419e+00   0.0000000e+00
   5.6000000e+01   0.0000000e+00   6.9987100e-01   8.2260100e-01   2.5402419e+00   1.0000000e+00
   5.7000000e+01   1.0000000e+00   1.3872160e+00   8.2260100e-01   2.5402419e+00   1.0000000e+00
   5.8000000e+01   0.0000000e+00   5.0317500e-01   8.2260100e-01   2.5402419e+00   0.0000000e+00
   5.9000000e+01   1.0000000e+00   9.4625600e-01   8.2260100e-01   2.5402419e+00   1.0000000e+00
   6.0000000e+01   0.0000000e+00   1.4861310e+00   8.2260100e-01   2.5402419e+00   0.0000000e+00
   6.1000000e+01   0.0000000e+00   7.1467300e-01   8.2260100e-01   2.5402419e+00   0.0000000e+00
   6.2000000e+01   1.0000000e+00   4.4489000e-01   8.2260100e-01   2.5402419e+00   0.0000000e+00
   6.3000000e+01   0.0000000e+00   5.0722200e-01   8.2260100e-01   2.5402419e+00   0.0000000e+00
   6.4000000e+01   0.0000000e+00   5.5279300e-01   8.2260100e-01   2.5402419e+00   1.0000000e+00
   6.5000000e+01   0.0000000e+00   5.9182200e-01   8.2260100e-01   2.5402419e+00   1.0000000e+00
   6.6000000e+01   0.0000000e+00   8.4966500e-01   8.2260100e-01   2.5402419e+00   1.0000000e+00
   6.7000000e+01   1.0000000e+00   4.6959400e-01   8.2260100e-01   2.5402419e+00   0.0000000e+00
   6.8000000e+01   0.0000000e+00   5.1166200e-01   8.2260100e-01   2.5402419e+00   1.0000000e+00
   6.9000000e+01   1.0000000e+00   6.9130100e-01   8.2260100e-01   2.5402419e+00   1.0000000e+00
   7.0000000e+01   0.0000000e+00   1.0106300e+00   8.2260100e-01   2.5402419e+00   1.0000000e+00
   7.1000000e+01   0.0000000e+00   6.5885200e-01   8.2260100e-01   2.5402419e+00   0.0000000e+00
   7.2000000e+01   0.0000000e+00   1.4707940e+00   8.2260100e-01   2.5402419e+00   1.0000000e+00
   7.3000000e+01   1.0000000e+00   5.6618000e-01   8.2260100e-01   2.5402419e+00   0.0000000e+00
   7.4000000e+01   0.0000000e+00   7.0499000e-01   8.2260100e-01   2.5402419e+00   0.0000000e+00
   7.5000000e+01   0.0000000e+00   1.0677790e+00   8.2260100e-01   2.5402419e+00   1.0000000e+00
   7.6000000e+01   1.0000000e+00   1.3046480e+00   8.2260100e-01   2.5402419e+00   1.0000000e+00
   7.7000000e+01   0.0000000e+00   5.1665600e-01   8.2260100e-01   2.5402419e+00   0.0000000e+00
   7.8000000e+01   0.0000000e+00   8.4976300e-01   8.2260100e-01   2.5402419e+00   1.0000000e+00
   7.9000000e+01   0.0000000e+00   6.8435800e-01   8.2260100e-01   2.5402419e+00   1.0000000e+00
   8.0000000e+01   0.0000000e+00   1.0257710e+00   8.2260100e-01   2.5402419e+00   1.0000000e+00
   8.1000000e+01   0.0000000e+00   8.5459300e-01   8.2260100e-01   2.5402419e+00   0.0000000e+00
   8.2000000e+01   0.0000000e+00   1.4398620e+00   8.2260100e-01   2.5402419e+00   0.0000000e+00
   8.3000000e+01   1.0000000e+00   7.3276300e-01   8.2260100e-01   2.5402419e+00   1.0000000e+00
   8.4000000e+01   0.0000000e+00   9.6849200e-01   8.2260100e-01   2.5402419e+00   0.0000000e+00
   8.5000000e+01   0.0000000e+00   6.9968300e-01   8.2260100e-01   2.5402419e+00   0.0000000e+00
   8.6000000e+01   0.0000000e+00   4.8473800e-01   8.2260100e-01   2.5402419e+00   0.0000000e+00
   8.7000000e+01   1.0000000e+00   2.2283160e+00   8.2260100e-01   2.5402419e+00   0.0000000e+00
   8.8000000e+01   0.0000000e+00   6.4740300e-01   8.2260100e-01   2.5402419e+00   0.0000000e+00
   8.9000000e+01   0.0000000e+00   5.0266400e-01   8.2260100e-01   2.5402419e+00   1.0000000e+00
   9.0000000e+01   0.0000000e+00   9.4197100e-01   8.2260100e-01   2.5402419e+00   0.0000000e+00
   9.1000000e+01   1.0000000e+00   1.3029520e+00   8.2260100e-01   2.5402419e+00   1.0000000e+00
   9.2000000e+01   0.0000000e+00   5.6682900e-01   8.2260100e-01   2.5402419e+00   1.0000000e+00
   9.3000000e+01   0.0000000e+00   5.1657500e-01   8.2260100e-01   2.5402419e+00   1.0000000e+00
   9.4000000e+01   1.0000000e+00   5.3714600e-01   8.2260100e-01   2.5402419e+00   0.0000000e+00
   9.5000000e+01   0.0000000e+00   4.8873400e-01   8.2260100e-01   2.5402419e+00   1.0000000e+00
   9.6000000e+01   0.0000000e+00   4.9116700e-01   8.2260100e-01   2.5402419e+00   0.0000000e+00
   9.7000000e+01   0.0000000e+00   4.8239400e-01   8.2260100e-01   2.5402419e+00   1.0000000e+00
   9.8000000e+01   1.0000000e+00   9.4786500e-01   8.2260100e-01   2.5402419e+00   1.0000000e+00
   9.9000000e+01   0.0000000e+00   7.4787400e-01   8.2260100e-01   2.5402419e+00   0.0000000e+00
   1.0000000e+02   1.0000000e+00   9.0480400e-01   8.2260100e-01   2.5402419e+00   0.0000000e+00
   1.0100000e+02   0.0000000e+00   2.3258130e+00   8.2260100e-01   2.5402419e+00   1.0000000e+00
   1.0200000e+02   0.0000000e+00   1.1976860e+00   8.2260100e-01   2.5402419e+00   0.0000000e+00
   1.0300000e+02   1.0000000e+00   7.9466800e-01   8.2260100e-01   2.5402419e+00   0.0000000e+00
   1.0400000e+02   0.0000000e+00   7.1026600e-01   8.2260100e-01   2.5402419e+00   0.0000000e+00
   1.0500000e+02   0.0000000e+00   1.3253930e+00   8.2260100e-01   2.5402419e+00   1.0000000e+00
   1.0600000e+02   1.0000000e+00   4.5892100e-01   8.2260100e-01   2.5402419e+00   1.0000000e+00
   1.0700000e+02   0.0000000e+00   1.9155220e+00   8.2260100e-01   2.5402419e+00   0.0000000e+00
   1.0800000e+02   0.0000000e+00   1.8033470e+00   8.2260100e-01   2.5402419e+00   1.0000000e+00
   1.0900000e+02   0.0000000e+00   6.7614800e-01   8.2260100e-01   2.5402419e+00   1.0000000e+00
   1.1000000e+02   0.0000000e+00   7.6395300e-01   8.2260100e-01   2.5402419e+00   1.0000000e+00
   1.1100000e+02   1.0000000e+00   2.1360620e+00   8.2260100e-01   2.5402419e+00   0.0000000e+00
   1.1200000e+02   0.0000000e+00   1.2459440e+00   8.2260100e-01   2.5402419e+00   0.0000000e+00
   1.1300000e+02   0.0000000e+00   6.7706700e-01   8.2260100e-01   2.5402419e+00   1.0000000e+00
   1.1400000e+02   0.0000000e+00   7.1060000e-01   8.2260100e-01   2.5402419e+00   0.0000000e+00
   1.1500000e+02   1.0000000e+00   1.0771950e+00   8.2260100e-01   2.5402419e+00   1.0000000e+00
   1.1600000e+02   0.0000000e+00   1.0154890e+00   8.2260100e-01   2.5402419e+00   0.0000000e+00
   1.1700000e+02   1.0000000e+00   7.7963800e-01   8.2260100e-01   2.5402419e+00   1.0000000e+00
   1.1800000e+02   0.0000000e+00   5.1618600e-01   8.2260100e-01   2.5402419e+00   1.0000000e+00
   1.1900000e+02   0.0000000e+00   6.2757100e-01   8.2260100e-01   2.5402419e+00   1.0000000e+00
   1.2000000e+02   0.0000000e+00   9.6195400e-01   8.2260100e-01   2.5402419e+00   0.0000000e+00
   1.2100000e+02   0.0000000e+00   4.4216800e-01   8.2260100e-01   2.5402419e+00   0.0000000e+00
   1.2200000e+02   0.0000000e+00   4.8616600e-01   8.2260100e-01   2.5402419e+00   1.0000000e+00
   1.2300000e+02   0.0000000e+00   6.1125600e-01   8.2260100e-01   2.5402419e+00   1.0000000e+00
   1.2400000e+02   0.0000000e+00   4.5360400e-01   8.2260100e-01   2.5402419e+00   0.0000000e+00
   1.2500000e+02   1.0000000e+00   5.3249000e-01   8.2260100e-01   2.5402419e+00   0.0000000e+00
   1.2600000e+02   0.0000000e+00   6.5945800e-01   8.2260100e-01   2.5402419e+00   0.0000000e+00
   1.2700000e+02   1.0000000e+00   6.8851400e-01   8.2260100e-01   2.5402419e+00   1.0000000e+00
   1.2800000e+02   0.0000000e+00   5.4911000e-01   8.2260100e-01   2.5402419e+00   1.0000000e+00
   1.2900000e+02   1.0000000e+00   6.3458700e-01   8.2260100e-01   2.5402419e+00   0.0000000e+00
   1.3000000e+02   0.0000000e+00   7.7913000e-01   8.2260100e-01   2.5402419e+00   1.0000000e+00
   1.3100000e+02   1.0000000e+00   6.6646600e-01   8.2260100e-01   2.5402419e+00   0.0000000e+00
   1.3200000e+02   0.0000000e+00   1.7126580e+00   8.2260100e-01   2.5402419e+00   0.0000000e+00
   1.3300000e+02   0.0000000e+00   9.1894900e-01   8.2260100e-01   2.5402419e+00   0.0000000e+00
   1.3400000e+02   0.0000000e+00   9.6591000e-01   8.2260100e-01   2.5402419e+00   0.0000000e+00
   1.3500000e+02   0.0000000e+00   9.9915800e-01   8.2260100e-01   2.5402419e+00   1.0000000e+00
   1.3600000e+02   1.0000000e+00   9.1323400e-01   8.2260100e-01   2.5402419e+00   1.0000000e+00
