   1.0000000e+00   0.0000000e+00   2.1557240e+00   8.2844500e-01   2.6874675e+00   0.0000000e+00
   2.0000000e+00   0.0000000e+00   4.4075100e-01   8.2844500e-01   2.6874675e+00   1.0000000e+00
   3.0000000e+00   0.0000000e+00   5.8855300e-01   8.2844500e-01   2.6874675e+00   1.0000000e+00
   4.0000000e+00   1.0000000e+00   5.0224400e-01   8.2844500e-01   2.6874675e+00   1.0000000e+00
   5.0000000e+00   0.0000000e+00   1.5932620e+00   8.2844500e-01   2.6874675e+00   0.0000000e+00
   6.0000000e+00   0.0000000e+00   8.6166300e-01   8.2844500e-01   2.6874675e+00   0.0000000e+00
   7.0000000e+00   0.0000000e+00   6.2557200e-01   8.2844500e-01   2.6874675e+00   1.0000000e+00
   8.0000000e+00   1.0000000e+00   6.0961800e-01   8.2844500e-01   2.6874675e+00   0.0000000e+00
   9.0000000e+00   1.0000000e+00   5.4978600e-01   8.2844500e-01   2.6874675e+00   1.0000000e+00
   1.0000000e+01   0.0000000e+00   5.0087100e-01   8.2844500e-01   2.6874675e+00   1.0000000e+00
   1.1000000e+01   0.0000000e+00   5.7273600e-01   8.2844500e-01   2.6874675e+00   0.0000000e+00
   1.2000000e+01   1.0000000e+00   1.2716430e+00   8.2844500e-01   2.6874675e+00   0.0000000e+00
   1.3000000e+01   0.0000000e+00   5.2984000e-01   8.2844500e-01   2.6874675e+00   0.0000000e+00
   1.4000000e+01   1.0000000e+00   2.1137480e+00   8.2844500e-01   2.6874675e+00   0.0000000e+00
   1.5000000e+01   0.0000000e+00   4.6170500e-01   8.2844500e-01   2.6874675e+00   1.0000000e+00
   1.6000000e+01   0.0000000e+00   2.5521310e+00   8.2844500e-01   2.6874675e+00   1.0000000e+00
   1.7000000e+01   0.0000000e+00   6.2620100e-01   8.2844500e-01   2.6874675e+00   0.0000000e+00
   1.8000000e+01   1.0000000e+00   5.2702600e-01   8.2844500e-01   2.6874675e+00   1.0000000e+00
   1.9000000e+01   0.0000000e+00   1.2397380e+00   8.2844500e-01   2.6874675e+00   1.0000000e+00
   2.0000000e+01   0.0000000e+00   6.3263800e-01   8.2844500e-01   2.6874675e+00   0.0000000e+00
   2.1000000e+01   0.0000000e+00   5.9255600e-01   8.2844500e-01   2.6874675e+00   0.0000000e+00
   2.2000000e+01   0.0000000e+00   4.8778200e-01   8.2844500e-01   2.6874675e+00   0.0000000e+00
   2.3000000e+01   0.0000000e+00   4.8251300e-01   8.2844500e-01   2.6874675e+00   1.0000000e+00
   2.4000000e+01   1.0000000e+00   1.2879640e+00   8.2844500e-01   2.6874675e+00   0.0000000e+00
   2.5000000e+01   0.0000000e+00   4.8038700e-01   8.2844500e-01   2.6874675e+00   0.0000000e+00
   2.6000000e+01   1.0000000e+00   1.0827130e+00   8.2844500e-01   2.6874675e+00   1.0000000e+00
   2.7000000e+01   0.0000000e+00   9.5214900e-01   8.2844500e-01   2.6874675e+00   1.0000000e+00
   2.8000000e+01   0.0000000e+00   8.9867400e-01   8.2844500e-01   2.6874675e+00   1.0000000e+00
   2.9000000e+01   0.0000000e+00   8.5039300e-01   8.2844500e-01   2.6874675e+00   1.0000000e+00
   3.0000000e+01   0.0000000e+00   8.0074800e-01   8.2844500e-01   2.6874675e+00   0.0000000e+00
   3.1000000e+01   1.0000000e+00   4.4006600e-01   8.2844500e-01   2.6874675e+00   0.0000000e+00
   3.2000000e+01   0.0000000e+00   9.4039000e-01   8.2844500e-01   2.6874675e+00   1.0000000e+00
   3.3000000e+01   0.0000000e+00   5.9143700e-01   8.2844500e-01   2.6874675e+00   1.0000000e+00
   3.4000000e+01   0.0000000e+00   7.3702900e-01   8.2844500e-01   2.6874675e+00   0.0000000e+00
   3.5000000e+01   1.0000000e+00   7.4529500e-01   8.2844500e-01   2.6874675e+00   1.0000000e+00
   3.6000000e+01   0.0000000e+00   1.9809770e+00   8.2844500e-01   2.6874675e+00   1.0000000e+00
   3.7000000e+01   1.0000000e+00   1.3706520e+00   8.2844500e-01   2.6874675e+00   1.0000000e+00
   3.8000000e+01   0.0000000e+00   2.0165160e+00   8.2844500e-01   2.6874675e+00   0.0000000e+00
   3.9000000e+01   0.0000000e+00   5.2857900e-01   8.2844500e-01   2.6874675e+00   0.0000000e+00
   4.0000000e+01   0.0000000e+00   9.4720600e-01   8.2844500e-01   2.6874675e+00   1.0000000e+00
   4.1000000e+01   0.0000000e+00   5.2346300e-01   8.2844500e-01   2.6874675e+00   0.0000000e+00
   4.2000000e+01   0.0000000e+00   1.1563010e+00   8.2844500e-01   2.6874675e+00   1.0000000e+00
   4.3000000e+01   1.0000000e+00   4.9268000e-01   8.2844500e-01   2.6874675e+00   0.0000000e+00
   4.4000000e+01   0.0000000e+00   5.2433500e-01   8.2844500e-01   2.6874675e+00   0.0000000e+00
   4.5000000e+01   1.0000000e+00   1.5623100e+00   8.2844500e-01   2.6874675e+00   1.0000000e+00
   4.6000000e+01   0.0000000e+00   5.1865500e-01   8.2844500e-01   2.6874675e+00   0.0000000e+00
   4.7000000e+01   0.0000000e+00   5.7283900e-01   8.2844500e-01   2.6874675e+00   0.0000000e+00
   4.8000000e+01   1.0000000e+00   8.0325000e-01   8.2844500e-01   2.6874675e+00   0.0000000e+00
   4.9000000e+01   0.0000000e+00   9.1634900e-01   8.2844500e-01   2.6874675e+00   1.0000000e+00
   5.0000000e+01   1.0000000e+00   1.1454960e+00   8.2844500e-01   2.6874675e+00   0.0000000e+00
   5.1000000e+01   0.0000000e+00   1.5475640e+00   8.2844500e-01   2.6874675e+00   1.0000000e+00
   5.2000000e+01   1.0000000e+00   9.9279500e-01   8.2844500e-01   2.6874675e+00   1.0000000e+00
   5.3000000e+01   0.0000000e+00   1.0857270e+00   8.2844500e-01   2.6874675e+00   0.0000000e+00
   5.4000000e+01   1.0000000e+00   6.1391200e-01   8.2844500e-01   2.6874675e+00   0.0000000e+00
   5.5000000e+01   0.0000000e+00   1.0182250e+00   8.2844500e-01   2.6874675e+00   1.0000000e+00
   5.6000000e+01   0.0000000e+00   9.1413600e-01   8.2844500e-01   2.6874675e+00   1.0000000e+00
   5.7000000e+01   0.0000000e+00   6.6965600e-01   8.2844500e-01   2.6874675e+00   0.0000000e+00
   5.8000000e+01   1.0000000e+00   9.2711500e-01   8.2844500e-01   2.6874675e+00   1.0000000e+00
   5.9000000e+01   0.0000000e+00   5.4502900e-01   8.2844500e-01   2.6874675e+00   1.0000000e+00
   6.0000000e+01   1.0000000e+00   1.1998240e+00   8.2844500e-01   2.6874675e+00   1.0000000e+00
   6.1000000e+01   0.0000000e+00   9.5055900e-01   8.2844500e-01   2.6874675e+00   1.0000000e+00
   6.2000000e+01   0.0000000e+00   1.1782710e+00   8.2844500e-01   2.6874675e+00   1.0000000e+00
   6.3000000e+01   0.0000000e+00   1.2111140e+00   8.2844500e-01   2.6874675e+00   0.0000000e+00
   6.4000000e+01   0.0000000e+00   8.8236700e-01   8.2844500e-01   2.6874675e+00   0.0000000e+00
   6.5000000e+01   0.0000000e+00   1.2027650e+00   8.2844500e-01   2.6874675e+00   0.0000000e+00
   6.6000000e+01   0.0000000e+00   6.4398400e-01   8.2844500e-01   2.6874675e+00   0.0000000e+00
   6.7000000e+01   1.0000000e+00   1.3472310e+00   8.2844500e-01   2.6874675e+00   0.0000000e+00
   6.8000000e+01   0.0000000e+00   1.8325020e+00   8.2844500e-01   2.6874675e+00   1.0000000e+00
   6.9000000e+01   1.0000000e+00   8.8178100e-01   8.2844500e-01   2.6874675e+00   0.0000000e+00
   7.0000000e+01   0.0000000e+00   6.0977500e-01   8.2844500e-01   2.6874675e+00   0.0000000e+00
   7.1000000e+01   1.0000000e+00   6.0687800e-01   8.2844500e-01   2.6874675e+00   1.0000000e+00
   7.2000000e+01   0.0000000e+00   1.6119050e+00   8.2844500e-01   2.6874675e+00   1.0000000e+00
   7.3000000e+01   0.0000000e+00   2.0941630e+00   8.2844500e-01   2.6874675e+00   1.0000000e+00
   7.4000000e+01   0.0000000e+00   1.6912630e+00   8.2844500e-01   2.6874675e+00   0.0000000e+00
   7.5000000e+01   0.0000000e+00   8.4899100e-01   8.2844500e-01   2.6874675e+00   0.0000000e+00
   7.6000000e+01   1.0000000e+00   2.3055000e+00   8.2844500e-01   2.6874675e+00   0.0000000e+00
   7.7000000e+01   0.0000000e+00   1.0565600e+00   8.2844500e-01   2.6874675e+00   1.0000000e+00
   7.8000000e+01   0.0000000e+00   4.6819200e-01   8.2844500e-01   2.6874675e+00   0.0000000e+00
   7.9000000e+01   0.0000000e+00   6.5181100e-01   8.2844500e-01   2.6874675e+00   1.0000000e+00
   8.0000000e+01   0.0000000e+00   5.4109700e-01   8.2844500e-01   2.6874675e+00   0.0000000e+00
   8.1000000e+01   0.0000000e+00   5.8560800e-01   8.2844500e-01   2.6874675e+00   1.0000000e+00
   8.2000000e+01   0.0000000e+00   5.3074200e-01   8.2844500e-01   2.6874675e+00   1.0000000e+00
   8.3000000e+01   0.0000000e+00   1.2958590e+00   8.2844500e-01   2.6874675e+00   1.0000000e+00
   8.4000000e+01   0.0000000e+00   8.1492200e-01   8.2844500e-01   2.6874675e+00   0.0000000e+00
   8.5000000e+01   1.0000000e+00   4.9249500e-01   8.2844500e-01   2.6874675e+00   1.0000000e+00
   8.6000000e+01   1.0000000e+00   9.9140400e-01   8.2844500e-01   2.6874675e+00   1.0000000e+00
   8.7000000e+01   0.0000000e+00   9.5610900e-01   8.2844500e-01   2.6874675e+00   0.0000000e+00
   8.8000000e+01   1.0000000e+00   5.1446400e-01   8.2844500e-01   2.6874675e+00   0.0000000e+00
   8.9000000e+01   0.0000000e+00   4.5851800e-01   8.2844500e-01   2.6874675e+00   1.0000000e+00
   9.0000000e+01   1.0000000e+00   5.5043300e-01   8.2844500e-01   2.6874675e+00   1.0000000e+00
   9.1000000e+01   0.0000000e+00   9.4037000e-01   8.2844500e-01   2.6874675e+00   0.0000000e+00
   9.2000000e+01   1.0000000e+00   1.3550480e+00   8.2844500e-01   2.6874675e+00   0.0000000e+00
   9.3000000e+01   0.0000000e+00   1.4666390e+00   8.2844500e-01   2.6874675e+00   0.0000000e+00
   9.4000000e+01   1.0000000e+00   1.2589380e+00   8.2844500e-01   2.6874675e+00   1.0000000e+00
   9.5000000e+01   0.0000000e+00   6.7503500e-01   8.2844500e-01   2.6874675e+00   1.0000000e+00
   9.6000000e+01   0.0000000e+00   5.9262200e-01   8.2844500e-01   2.6874675e+00   1.0000000e+00
   9.7000000e+01   0.0000000e+00   8.3984900e-01   8.2844500e-01   2.6874675e+00   1.0000000e+00
   9.8000000e+01   0.0000000e+00   6.9110000e-01   8.2844500e-01   2.6874675e+00   0.0000000e+00
   9.9000000e+01   1.0000000e+00   1.1156140e+00   8.2844500e-01   2.6874675e+00   0.0000000e+00
   1.0000000e+02   0.0000000e+00   5.3268300e-01   8.2844500e-01   2.6874675e+00   1.0000000e+00
   1.0100000e+02   1.0000000e+00   5.9801800e-01   8.2844500e-01   2.6874675e+00   0.0000000e+00
   1.0200000e+02   0.0000000e+00   1.0334090e+00   8.2844500e-01   2.6874675e+00   0.0000000e+00
   1.0300000e+02   0.0000000e+00   5.0865700e-01   8.2844500e-01   2.6874675e+00   1.0000000e+00
   1.0400000e+02   0.0000000e+00   1.5809730e+00   8.2844500e-01   2.6874675e+00   1.0000000e+00
   1.0500000e+02   0.0000000e+00   9.7363600e-01   8.2844500e-01   2.6874675e+00   1.0000000e+00
   1.0600000e+02   1.0000000e+00   4.4417600e-01   8.2844500e-01   2.6874675e+00   1.0000000e+00
   1.0700000e+02   0.0000000e+00   8.4627100e-01   8.2844500e-01   2.6874675e+00   0.0000000e+00
   1.0800000e+02   0.0000000e+00   5.9654500e-01   8.2844500e-01   2.6874675e+00   0.0000000e+00
   1.0900000e+02   1.0000000e+00   4.6282000e-01   8.2844500e-01   2.6874675e+00   0.0000000e+00
   1.1000000e+02   1.0000000e+00   9.5493000e-01   8.2844500e-01   2.6874675e+00   1.0000000e+00
   1.1100000e+02   0.0000000e+00   6.1146500e-01   8.2844500e-01   2.6874675e+00   0.0000000e+00
   1.1200000e+02   0.0000000e+00   1.0842980e+00   8.2844500e-01   2.6874675e+00   0.0000000e+00
   1.1300000e+02   0.0000000e+00   1.9119790e+00   8.2844500e-01   2.6874675e+00   1.0000000e+00
   1.1400000e+02   0.0000000e+00   1.4607860e+00   8.2844500e-01   2.6874675e+00   1.0000000e+00
   1.1500000e+02   0.0000000e+00   7.6700600e-01   8.2844500e-01   2.6874675e+00   1.0000000e+00
   1.1600000e+02   0.0000000e+00   4.3774700e-01   8.2844500e-01   2.6874675e+00   0.0000000e+00
   1.1700000e+02   1.0000000e+00   7.1929900e-01   8.2844500e-01   2.6874675e+00   1.0000000e+00
   1.1800000e+02   0.0000000e+00   5.9271500e-01   8.2844500e-01   2.6874675e+00   1.0000000e+00
   1.1900000e+02   0.0000000e+00   5.2437900e-01   8.2844500e-01   2.6874675e+00   0.0000000e+00
   1.2000000e+02   0.0000000e+00   1.7985320e+00   8.2844500e-01   2.6874675e+00   1.0000000e+00
   1.2100000e+02   1.0000000e+00   7.0981700e-01   8.2844500e-01   2.6874675e+00   0.0000000e+00
   1.2200000e+02   0.0000000e+00   4.6765600e-01   8.2844500e-01   2.6874675e+00   0.0000000e+00
   1.2300000e+02   1.0000000e+00   4.8640300e-01   8.2844500e-01   2.6874675e+00   1.0000000e+00
   1.2400000e+02   0.0000000e+00   1.0512650e+00   8.2844500e-01   2.6874675e+00   0.0000000e+00
   1.2500000e+02   0.0000000e+00   6.4203800e-01   8.2844500e-01   2.6874675e+00   1.0000000e+00
   1.2600000e+02   0.0000000e+00   1.3706820e+00   8.2844500e-01   2.6874675e+00   1.0000000e+00
   1.2700000e+02   0.0000000e+00   1.9311410e+00   8.2844500e-01   2.6874675e+00   0.0000000e+00
   1.2800000e+02   0.0000000e+00   7.6297400e-01   8.2844500e-01   2.6874675e+00   1.0000000e+00
   1.2900000e+02   0.0000000e+00   6.0065700e-01   8.2844500e-01   2.6874675e+00   0.0000000e+00
   1.3000000e+02   0.0000000e+00   1.1444300e+00   8.2844500e-01   2.6874675e+00   0.0000000e+00
   1.3100000e+02   1.0000000e+00   1.0952050e+00   8.2844500e-01   2.6874675e+00   0.0000000e+00
   1.3200000e+02   0.0000000e+00   1.2775920e+00   8.2844500e-01   2.6874675e+00   0.0000000e+00
   1.3300000e+02   0.0000000e+00   4.6488900e-01   8.2844500e-01   2.6874675e+00   0.0000000e+00
   1.3400000e+02   0.0000000e+00   8.0290900e-01   8.2844500e-01   2.6874675e+00   1.0000000e+00
   1.3500000e+02   1.0000000e+00   1.0487400e+00   8.2844500e-01   2.6874675e+00   0.0000000e+00
   1.3600000e+02   1.0000000e+00   1.2216630e+00   8.2844500e-01   2.6874675e+00   1.0000000e+00
