   1.0000000e+00   0.0000000e+00   3.7175920e+00   8.3116700e-01   3.0454285e+00   1.0000000e+00
   2.0000000e+00   0.0000000e+00   8.2197800e-01   8.3116700e-01   3.0454285e+00   0.0000000e+00
   3.0000000e+00   0.0000000e+00   2.4949740e+00   8.3116700e-01   3.0454285e+00   1.0000000e+00
   4.0000000e+00   1.0000000e+00   8.3255400e-01   8.3116700e-01   3.0454285e+00   1.0000000e+00
   5.0000000e+00   0.0000000e+00   1.1613800e+00   8.3116700e-01   3.0454285e+00   1.0000000e+00
   6.0000000e+00   0.0000000e+00   6.0326100e-01   8.3116700e-01   3.0454285e+00   1.0000000e+00
   7.0000000e+00   0.0000000e+00   5.4146500e-01   8.3116700e-01   3.0454285e+00   1.0000000e+00
   8.0000000e+00   1.0000000e+00   1.0176900e+00   8.3116700e-01   3.0454285e+00   0.0000000e+00
   9.0000000e+00   0.0000000e+00   1.0254360e+00   8.3116700e-01   3.0454285e+00   0.0000000e+00
   1.0000000e+01   0.0000000e+00   6.0748900e-01   8.3116700e-01   3.0454285e+00   0.0000000e+00
   1.1000000e+01   1.0000000e+00   1.5064240e+00   8.3116700e-01   3.0454285e+00   1.0000000e+00
   1.2000000e+01   0.0000000e+00   4.5766300e-01   8.3116700e-01   3.0454285e+00   1.0000000e+00
   1.3000000e+01   0.0000000e+00   1.7064560e+00   8.3116700e-01   3.0454285e+00   1.0000000e+00
   1.4000000e+01   0.0000000e+00   8.1405900e-01   8.3116700e-01   3.0454285e+00   0.0000000e+00
   1.5000000e+01   1.0000000e+00   1.4466940e+00   8.3116700e-01   3.0454285e+00   0.0000000e+00
   1.6000000e+01   0.0000000e+00   1.1458640e+00   8.3116700e-01   3.0454285e+00   1.0000000e+00
   1.7000000e+01   1.0000000e+00   1.2343100e+00   8.3116700e-01   3.0454285e+00   0.0000000e+00
   1.8000000e+01   0.0000000e+00   9.6236200e-01   8.3116700e-01   3.0454285e+00   1.0000000e+00
   1.9000000e+01   1.0000000e+00   1.4384640e+00   8.3116700e-01   3.0454285e+00   1.0000000e+00
   2.0000000e+01   0.0000000e+00   5.0389200e-01   8.3116700e-01   3.0454285e+00   0.0000000e+00
   2.1000000e+01   0.0000000e+00   6.0904500e-01   8.3116700e-01   3.0454285e+00   1.0000000e+00
   2.2000000e+01   0.0000000e+00   6.1041500e-01   8.3116700e-01   3.0454285e+00   0.0000000e+00
   2.3000000e+01   0.0000000e+00   2.7914790e+00   8.3116700e-01   3.0454285e+00   0.0000000e+00
   2.4000000e+01   0.0000000e+00   1.3407140e+00   8.3116700e-01   3.0454285e+00   0.0000000e+00
   2.5000000e+01   0.0000000e+00   1.6490230e+00   8.3116700e-01   3.0454285e+00   0.0000000e+00
   2.6000000e+01   1.0000000e+00   6.4602600e-01   8.3116700e-01   3.0454285e+00   0.0000000e+00
   2.7000000e+01   0.0000000e+00   6.3168500e-01   8.3116700e-01   3.0454285e+00   0.0000000e+00
   2.8000000e+01   0.0000000e+00   6.4244000e-01   8.3116700e-01   3.0454285e+00   0.0000000e+00
   2.9000000e+01   1.0000000e+00   5.9610800e-01   8.3116700e-01   3.0454285e+00   1.0000000e+00
   3.0000000e+01   0.0000000e+00   2.4149660e+00   8.3116700e-01   3.0454285e+00   1.0000000e+00
   3.1000000e+01   1.0000000e+00   9.3694600e-01   8.3116700e-01   3.0454285e+00   0.0000000e+00
   3.2000000e+01   0.0000000e+00   6.4861600e-01   8.3116700e-01   3.0454285e+00   0.0000000e+00
   3.3000000e+01   0.0000000e+00   5.2806300e-01   8.3116700e-01   3.0454285e+00   1.0000000e+00
   3.4000000e+01   0.0000000e+00   9.2516300e-01   8.3116700e-01   3.0454285e+00   1.0000000e+00
   3.5000000e+01   1.0000000e+00   8.0931500e-01   8.3116700e-01   3.0454285e+00   1.0000000e+00
   3.6000000e+01   0.0000000e+00   1.3905530e+00   8.3116700e-01   3.0454285e+00   0.0000000e+00
   3.7000000e+01   0.0000000e+00   1.3564770e+00   8.3116700e-01   3.0454285e+00   1.0000000e+00
   3.8000000e+01   0.0000000e+00   6.1127500e-01   8.3116700e-01   3.0454285e+00   0.0000000e+00
   3.9000000e+01   0.0000000e+00   6.2272900e-01   8.3116700e-01   3.0454285e+00   1.0000000e+00
   4.0000000e+01   0.0000000e+00   1.5128390e+00   8.3116700e-01   3.0454285e+00   1.0000000e+00
   4.1000000e+01   1.0000000e+00   6.5618100e-01   8.3116700e-01   3.0454285e+00   1.0000000e+00
   4.2000000e+01   0.0000000e+00   6.6572700e-01   8.3116700e-01   3.0454285e+00   1.0000000e+00
   4.3000000e+01   0.0000000e+00   1.5383740e+00   8.3116700e-01   3.0454285e+00   0.0000000e+00
   4.4000000e+01   0.0000000e+00   1.3505000e+00   8.3116700e-01   3.0454285e+00   1.0000000e+00
   4.5000000e+01   0.0000000e+00   8.8515600e-01   8.3116700e-01   3.0454285e+00   1.0000000e+00
   4.6000000e+01   1.0000000e+00   8.6850900e-01   8.3116700e-01   3.0454285e+00   0.0000000e+00
   4.7000000e+01   0.0000000e+00   5.8397700e-01   8.3116700e-01   3.0454285e+00   0.0000000e+00
   4.8000000e+01   0.0000000e+00   7.1184800e-01   8.3116700e-01   3.0454285e+00   0.0000000e+00
   4.9000000e+01   0.0000000e+00   4.9973700e-01   8.3116700e-01   3.0454285e+00   1.0000000e+00
   5.0000000e+01   0.0000000e+00   6.2375500e-01   8.3116700e-01   3.0454285e+00   1.0000000e+00
   5.1000000e+01   0.0000000e+00   5.5840000e-01   8.3116700e-01   3.0454285e+00   0.0000000e+00
   5.2000000e+01   1.0000000e+00   8.8556200e-01   8.3116700e-01   3.0454285e+00   1.0000000e+00
   5.3000000e+01   0.0000000e+00   5.6273900e-01   8.3116700e-01   3.0454285e+00   0.0000000e+00
   5.4000000e+01   0.0000000e+00   9.9205600e-01   8.3116700e-01   3.0454285e+00   1.0000000e+00
   5.5000000e+01   1.0000000e+00   1.1468280e+00   8.3116700e-01   3.0454285e+00   0.0000000e+00
   5.6000000e+01   0.0000000e+00   6.3072300e-01   8.3116700e-01   3.0454285e+00   0.0000000e+00
   5.7000000e+01   1.0000000e+00   8.2160500e-01   8.3116700e-01   3.0454285e+00   0.0000000e+00
   5.8000000e+01   0.0000000e+00   7.9159200e-01   8.3116700e-01   3.0454285e+00   1.0000000e+00
   5.9000000e+01   0.0000000e+00   7.9757300e-01   8.3116700e-01   3.0454285e+00   0.0000000e+00
   6.0000000e+01   0.0000000e+00   7.8654700e-01   8.3116700e-01   3.0454285e+00   0.0000000e+00
   6.1000000e+01   1.0000000e+00   7.6769700e-01   8.3116700e-01   3.0454285e+00   1.0000000e+00
   6.2000000e+01   1.0000000e+00   4.3838300e-01   8.3116700e-01   3.0454285e+00   0.0000000e+00
   6.3000000e+01   0.0000000e+00   7.9684800e-01   8.3116700e-01   3.0454285e+00   0.0000000e+00
   6.4000000e+01   1.0000000e+00   1.2898820e+00   8.3116700e-01   3.0454285e+00   1.0000000e+00
   6.5000000e+01   0.0000000e+00   1.1540210e+00   8.3116700e-01   3.0454285e+00   0.0000000e+00
   6.6000000e+01   0.0000000e+00   5.0164500e-01   8.3116700e-01   3.0454285e+00   0.0000000e+00
   6.7000000e+01   0.0000000e+00   6.9737900e-01   8.3116700e-01   3.0454285e+00   1.0000000e+00
   6.8000000e+01   1.0000000e+00   5.3084900e-01   8.3116700e-01   3.0454285e+00   1.0000000e+00
   6.9000000e+01   0.0000000e+00   4.9170300e-01   8.3116700e-01   3.0454285e+00   0.0000000e+00
   7.0000000e+01   1.0000000e+00   4.9050100e-01   8.3116700e-01   3.0454285e+00   0.0000000e+00
   7.1000000e+01   0.0000000e+00   9.2149700e-01   8.3116700e-01   3.0454285e+00   1.0000000e+00
   7.2000000e+01   0.0000000e+00   8.6068400e-01   8.3116700e-01   3.0454285e+00   0.0000000e+00
   7.3000000e+01   0.0000000e+00   1.0831550e+00   8.3116700e-01   3.0454285e+00   0.0000000e+00
   7.4000000e+01   1.0000000e+00   1.1963760e+00   8.3116700e-01   3.0454285e+00   0.0000000e+00
   7.5000000e+01   0.0000000e+00   1.6557100e+00   8.3116700e-01   3.0454285e+00   1.0000000e+00
   7.6000000e+01   0.0000000e+00   1.4872540e+00   8.3116700e-01   3.0454285e+00   0.0000000e+00
   7.7000000e+01   0.0000000e+00   9.2351500e-01   8.3116700e-01   3.0454285e+00   1.0000000e+00
   7.8000000e+01   1.0000000e+00   5.8305900e-01   8.3116700e-01   3.0454285e+00   1.0000000e+00
   7.9000000e+01   0.0000000e+00   1.4615770e+00   8.3116700e-01   3.0454285e+00   1.0000000e+00
   8.0000000e+01   0.0000000e+00   4.9316300e-01   8.3116700e-01   3.0454285e+00   0.0000000e+00
   8.1000000e+01   1.0000000e+00   6.9475500e-01   8.3116700e-01   3.0454285e+00   0.0000000e+00
   8.2000000e+01   1.0000000e+00   7.3581000e-01   8.3116700e-01   3.0454285e+00   1.0000000e+00
   8.3000000e+01   0.0000000e+00   4.8828600e-01   8.3116700e-01   3.0454285e+00   1.0000000e+00
   8.4000000e+01   1.0000000e+00   1.0471130e+00   8.3116700e-01   3.0454285e+00   1.0000000e+00
   8.5000000e+01   0.0000000e+00   4.3826700e-01   8.3116700e-01   3.0454285e+00   1.0000000e+00
   8.6000000e+01   0.0000000e+00   1.2094220e+00   8.3116700e-01   3.0454285e+00   1.0000000e+00
   8.7000000e+01   0.0000000e+00   8.8246200e-01   8.3116700e-01   3.0454285e+00   0.0000000e+00
   8.8000000e+01   0.0000000e+00   5.1882800e-01   8.3116700e-01   3.0454285e+00   1.0000000e+00
   8.9000000e+01   1.0000000e+00   5.5681700e-01   8.3116700e-01   3.0454285e+00   0.0000000e+00
   9.0000000e+01   0.0000000e+00   6.6346200e-01   8.3116700e-01   3.0454285e+00   1.0000000e+00
   9.1000000e+01   0.0000000e+00   6.8060800e-01   8.3116700e-01   3.0454285e+00   1.0000000e+00
   9.2000000e+01   0.0000000e+00   1.4834240e+00   8.3116700e-01   3.0454285e+00   1.0000000e+00
   9.3000000e+01   0.0000000e+00   1.3184260e+00   8.3116700e-01   3.0454285e+00   0.0000000e+00
   9.4000000e+01   0.0000000e+00   7.7556500e-01   8.3116700e-01   3.0454285e+00   1.0000000e+00
   9.5000000e+01   0.0000000e+00   1.3063170e+00   8.3116700e-01   3.0454285e+00   0.0000000e+00
   9.6000000e+01   1.0000000e+00   5.6274100e-01   8.3116700e-01   3.0454285e+00   1.0000000e+00
   9.7000000e+01   0.0000000e+00   5.8212900e-01   8.3116700e-01   3.0454285e+00   0.0000000e+00
   9.8000000e+01   0.0000000e+00   1.3396920e+00   8.3116700e-01   3.0454285e+00   1.0000000e+00
   9.9000000e+01   1.0000000e+00   7.4003500e-01   8.3116700e-01   3.0454285e+00   0.0000000e+00
   1.0000000e+02   0.0000000e+00   7.5501100e-01   8.3116700e-01   3.0454285e+00   0.0000000e+00
   1.0100000e+02   0.0000000e+00   6.3869400e-01   8.3116700e-01   3.0454285e+00   0.0000000e+00
   1.0200000e+02   0.0000000e+00   7.3105100e-01   8.3116700e-01   3.0454285e+00   0.0000000e+00
   1.0300000e+02   1.0000000e+00   1.3855070e+00   8.3116700e-01   3.0454285e+00   1.0000000e+00
   1.0400000e+02   0.0000000e+00   1.2217340e+00   8.3116700e-01   3.0454285e+00   0.0000000e+00
   1.0500000e+02   1.0000000e+00   8.7823100e-01   8.3116700e-01   3.0454285e+00   0.0000000e+00
   1.0600000e+02   0.0000000e+00   1.6634770e+00   8.3116700e-01   3.0454285e+00   1.0000000e+00
   1.0700000e+02   0.0000000e+00   4.7930300e-01   8.3116700e-01   3.0454285e+00   0.0000000e+00
   1.0800000e+02   0.0000000e+00   1.4306650e+00   8.3116700e-01   3.0454285e+00   1.0000000e+00
   1.0900000e+02   0.0000000e+00   6.1450300e-01   8.3116700e-01   3.0454285e+00   0.0000000e+00
   1.1000000e+02   1.0000000e+00   1.0549870e+00   8.3116700e-01   3.0454285e+00   0.0000000e+00
   1.1100000e+02   0.0000000e+00   6.5517500e-01   8.3116700e-01   3.0454285e+00   1.0000000e+00
   1.1200000e+02   1.0000000e+00   6.2617000e-01   8.3116700e-01   3.0454285e+00   1.0000000e+00
   1.1300000e+02   0.0000000e+00   1.0569570e+00   8.3116700e-01   3.0454285e+00   1.0000000e+00
   1.1400000e+02   0.0000000e+00   4.9643600e-01   8.3116700e-01   3.0454285e+00   1.0000000e+00
   1.1500000e+02   0.0000000e+00   4.6500800e-01   8.3116700e-01   3.0454285e+00   0.0000000e+00
   1.1600000e+02   1.0000000e+00   5.0320500e-01   8.3116700e-01   3.0454285e+00   0.0000000e+00
   1.1700000e+02   0.0000000e+00   5.5330300e-01   8.3116700e-01   3.0454285e+00   1.0000000e+00
   1.1800000e+02   0.0000000e+00   4.3705500e-01   8.3116700e-01   3.0454285e+00   1.0000000e+00
   1.1900000e+02   0.0000000e+00   1.1884020e+00   8.3116700e-01   3.0454285e+00   1.0000000e+00
   1.2000000e+02   1.0000000e+00   9.7087200e-01   8.3116700e-01   3.0454285e+00   1.0000000e+00
   1.2100000e+02   0.0000000e+00   5.4297400e-01   8.3116700e-01   3.0454285e+00   0.0000000e+00
   1.2200000e+02   1.0000000e+00   9.1401300e-01   8.3116700e-01   3.0454285e+00   1.0000000e+00
   1.2300000e+02   0.0000000e+00   8.2609500e-01   8.3116700e-01   3.0454285e+00   1.0000000e+00
   1.2400000e+02   0.0000000e+00   7.7847700e-01   8.3116700e-01   3.0454285e+00   0.0000000e+00
   1.2500000e+02   0.0000000e+00   9.2005700e-01   8.3116700e-01   3.0454285e+00   1.0000000e+00
   1.2600000e+02   0.0000000e+00   5.2359600e-01   8.3116700e-01   3.0454285e+00   0.0000000e+00
   1.2700000e+02   1.0000000e+00   1.4543190e+00   8.3116700e-01   3.0454285e+00   0.0000000e+00
   1.2800000e+02   1.0000000e+00   6.9062300e-01   8.3116700e-01   3.0454285e+00   1.0000000e+00
   1.2900000e+02   0.0000000e+00   8.1952500e-01   8.3116700e-01   3.0454285e+00   0.0000000e+00
   1.3000000e+02   0.0000000e+00   2.1311120e+00   8.3116700e-01   3.0454285e+00   0.0000000e+00
   1.3100000e+02   0.0000000e+00   6.9707700e-01   8.3116700e-01   3.0454285e+00   0.0000000e+00
   1.3200000e+02   0.0000000e+00   4.7410200e-01   8.3116700e-01   3.0454285e+00   1.0000000e+00
   1.3300000e+02   1.0000000e+00   7.5744900e-01   8.3116700e-01   3.0454285e+00   0.0000000e+00
   1.3400000e+02   0.0000000e+00   8.6379300e-01   8.3116700e-01   3.0454285e+00   0.0000000e+00
   1.3500000e+02   1.0000000e+00   5.9279000e-01   8.3116700e-01   3.0454285e+00   0.0000000e+00
   1.3600000e+02   1.0000000e+00   8.4792200e-01   8.3116700e-01   3.0454285e+00   1.0000000e+00
