   1.0000000e+00   0.0000000e+00   2.0464850e+00   8.1991300e-01   3.0229428e+00   0.0000000e+00
   2.0000000e+00   0.0000000e+00   5.8597600e-01   8.1991300e-01   3.0229428e+00   0.0000000e+00
   3.0000000e+00   0.0000000e+00   1.0356530e+00   8.1991300e-01   3.0229428e+00   1.0000000e+00
   4.0000000e+00   1.0000000e+00   6.6910100e-01   8.1991300e-01   3.0229428e+00   1.0000000e+00
   5.0000000e+00   0.0000000e+00   1.2382040e+00   8.1991300e-01   3.0229428e+00   0.0000000e+00
   6.0000000e+00   0.0000000e+00   5.4263100e-01   8.1991300e-01   3.0229428e+00   1.0000000e+00
   7.0000000e+00   0.0000000e+00   7.1799400e-01   8.1991300e-01   3.0229428e+00   1.0000000e+00
   8.0000000e+00   0.0000000e+00   4.5509200e-01   8.1991300e-01   3.0229428e+00   0.0000000e+00
   9.0000000e+00   0.0000000e+00   9.5057700e-01   8.1991300e-01   3.0229428e+00   1.0000000e+00
   1.0000000e+01   0.0000000e+00   4.4341500e-01   8.1991300e-01   3.0229428e+00   0.0000000e+00
   1.1000000e+01   1.0000000e+00   6.9185900e-01   8.1991300e-01   3.0229428e+00   0.0000000e+00
   1.2000000e+01   1.0000000e+00   7.4198300e-01   8.1991300e-01   3.0229428e+00   1.0000000e+00
   1.3000000e+01   0.0000000e+00   7.5616600e-01   8.1991300e-01   3.0229428e+00   0.0000000e+00
   1.4000000e+01   0.0000000e+00   1.1137070e+00   8.1991300e-01   3.0229428e+00   0.0000000e+00
   1.5000000e+01   0.0000000e+00   5.0351800e-01   8.1991300e-01   3.0229428e+00   0.0000000e+00
   1.6000000e+01   1.0000000e+00   4.7916200e-01   8.1991300e-01   3.0229428e+00   0.0000000e+00
   1.7000000e+01   0.0000000e+00   6.3246900e-01   8.1991300e-01   3.0229428e+00   1.0000000e+00
   1.8000000e+01   1.0000000e+00   8.4665600e-01   8.1991300e-01   3.0229428e+00   0.0000000e+00
   1.9000000e+01   0.0000000e+00   9.8249300e-01   8.1991300e-01   3.0229428e+00   1.0000000e+00
   2.0000000e+01   0.0000000e+00   4.5871600e-01   8.1991300e-01   3.0229428e+00   1.0000000e+00
   2.1000000e+01   0.0000000e+00   7.3931100e-01   8.1991300e-01   3.0229428e+00   1.0000000e+00
   2.2000000e+01   0.0000000e+00   4.7707400e-01   8.1991300e-01   3.0229428e+00   1.0000000e+00
   2.3000000e+01   0.0000000e+00   1.3208260e+00   8.1991300e-01   3.0229428e+00   0.0000000e+00
   2.4000000e+01   0.0000000e+00   1.9096940e+00   8.1991300e-01   3.0229428e+00   1.0000000e+00
   2.5000000e+01   0.0000000e+00   7.9500600e-01   8.1991300e-01   3.0229428e+00   1.0000000e+00
   2.6000000e+01   1.0000000e+00   7.0108500e-01   8.1991300e-01   3.0229428e+00   1.0000000e+00
   2.7000000e+01   1.0000000e+00   4.4456800e-01   8.1991300e-01   3.0229428e+00   0.0000000e+00
   2.8000000e+01   0.0000000e+00   5.1505900e-01   8.1991300e-01   3.0229428e+00   1.0000000e+00
   2.9000000e+01   0.0000000e+00   5.9412700e-01   8.1991300e-01   3.0229428e+00   1.0000000e+00
   3.0000000e+01   0.0000000e+00   4.5279200e-01   8.1991300e-01   3.0229428e+00   0.0000000e+00
   3.1000000e+01   1.0000000e+00   1.2770210e+00   8.1991300e-01   3.0229428e+00   1.0000000e+00
   3.2000000e+01   0.0000000e+00   5.6304200e-01   8.1991300e-01   3.0229428e+00   0.0000000e+00
   3.3000000e+01   1.0000000e+00   6.2479500e-01   8.1991300e-01   3.0229428e+00   0.0000000e+00
   3.4000000e+01   0.0000000e+00   6.9795400e-01   8.1991300e-01   3.0229428e+00   0.0000000e+00
   3.5000000e+01   1.0000000e+00   4.4408500e-01   8.1991300e-01   3.0229428e+00   1.0000000e+00
   3.6000000e+01   0.0000000e+00   1.1730860e+00   8.1991300e-01   3.0229428e+00   0.0000000e+00
   3.7000000e+01   1.0000000e+00   1.3135780e+00   8.1991300e-01   3.0229428e+00   1.0000000e+00
   3.8000000e+01   0.0000000e+00   9.3356800e-01   8.1991300e-01   3.0229428e+00   1.0000000e+00
   3.9000000e+01   0.0000000e+00   1.6846230e+00   8.1991300e-01   3.0229428e+00   0.0000000e+00
   4.0000000e+01   1.0000000e+00   1.9919690e+00   8.1991300e-01   3.0229428e+00   0.0000000e+00
   4.1000000e+01   0.0000000e+00   1.0663710e+00   8.1991300e-01   3.0229428e+00   1.0000000e+00
   4.2000000e+01   0.0000000e+00   1.1587840e+00   8.1991300e-01   3.0229428e+00   0.0000000e+00
   4.3000000e+01   0.0000000e+00   1.0826710e+00   8.1991300e-01   3.0229428e+00   0.0000000e+00
   4.4000000e+01   1.0000000e+00   5.4309400e-01   8.1991300e-01   3.0229428e+00   1.0000000e+00
   4.5000000e+01   0.0000000e+00   1.1269040e+00   8.1991300e-01   3.0229428e+00   1.0000000e+00
   4.6000000e+01   1.0000000e+00   5.7946000e-01   8.1991300e-01   3.0229428e+00   0.0000000e+00
   4.7000000e+01   0.0000000e+00   6.2133600e-01   8.1991300e-01   3.0229428e+00   1.0000000e+00
   4.8000000e+01   0.0000000e+00   5.1571900e-01   8.1991300e-01   3.0229428e+00   0.0000000e+00
   4.9000000e+01   0.0000000e+00   9.7033600e-01   8.1991300e-01   3.0229428e+00   0.0000000e+00
   5.0000000e+01   1.0000000e+00   7.8960600e-01   8.1991300e-01   3.0229428e+00   0.0000000e+00
   5.1000000e+01   0.0000000e+00   5.2688900e-01   8.1991300e-01   3.0229428e+00   0.0000000e+00
   5.2000000e+01   1.0000000e+00   2.7444770e+00   8.1991300e-01   3.0229428e+00   1.0000000e+00
   5.3000000e+01   0.0000000e+00   2.0316850e+00   8.1991300e-01   3.0229428e+00   1.0000000e+00
   5.4000000e+01   1.0000000e+00   1.3544010e+00   8.1991300e-01   3.0229428e+00   0.0000000e+00
   5.5000000e+01   0.0000000e+00   4.7839300e-01   8.1991300e-01   3.0229428e+00   0.0000000e+00
   5.6000000e+01   0.0000000e+00   5.1643700e-01   8.1991300e-01   3.0229428e+00   0.0000000e+00
   5.7000000e+01   1.0000000e+00   8.3944200e-01   8.1991300e-01   3.0229428e+00   1.0000000e+00
   5.8000000e+01   0.0000000e+00   5.1864900e-01   8.1991300e-01   3.0229428e+00   1.0000000e+00
   5.9000000e+01   0.0000000e+00   1.9323460e+00   8.1991300e-01   3.0229428e+00   0.0000000e+00
   6.0000000e+01   0.0000000e+00   5.8978900e-01   8.1991300e-01   3.0229428e+00   0.0000000e+00
   6.1000000e+01   0.0000000e+00   1.0327490e+00   8.1991300e-01   3.0229428e+00   1.0000000e+00
   6.2000000e+01   1.0000000e+00   6.2265500e-01   8.1991300e-01   3.0229428e+00   1.0000000e+00
   6.3000000e+01   0.0000000e+00   6.1565400e-01   8.1991300e-01   3.0229428e+00   0.0000000e+00
   6.4000000e+01   0.0000000e+00   7.7066500e-01   8.1991300e-01   3.0229428e+00   1.0000000e+00
   6.5000000e+01   0.0000000e+00   1.2752210e+00   8.1991300e-01   3.0229428e+00   1.0000000e+00
   6.6000000e+01   1.0000000e+00   4.3625300e-01   8.1991300e-01   3.0229428e+00   0.0000000e+00
   6.7000000e+01   0.0000000e+00   5.7640800e-01   8.1991300e-01   3.0229428e+00   1.0000000e+00
   6.8000000e+01   0.0000000e+00   8.4597900e-01   8.1991300e-01   3.0229428e+00   1.0000000e+00
   6.9000000e+01   1.0000000e+00   5.1642400e-01   8.1991300e-01   3.0229428e+00   0.0000000e+00
   7.0000000e+01   0.0000000e+00   5.4472100e-01   8.1991300e-01   3.0229428e+00   0.0000000e+00
   7.1000000e+01   1.0000000e+00   2.3397730e+00   8.1991300e-01   3.0229428e+00   1.0000000e+00
   7.2000000e+01   0.0000000e+00   2.0242810e+00   8.1991300e-01   3.0229428e+00   1.0000000e+00
   7.3000000e+01   0.0000000e+00   7.3301600e-01   8.1991300e-01   3.0229428e+00   1.0000000e+00
   7.4000000e+01   1.0000000e+00   1.3091110e+00   8.1991300e-01   3.0229428e+00   0.0000000e+00
   7.5000000e+01   0.0000000e+00   9.9043500e-01   8.1991300e-01   3.0229428e+00   0.0000000e+00
   7.6000000e+01   1.0000000e+00   1.7480490e+00   8.1991300e-01   3.0229428e+00   1.0000000e+00
   7.7000000e+01   0.0000000e+00   1.1580620e+00   8.1991300e-01   3.0229428e+00   1.0000000e+00
   7.8000000e+01   1.0000000e+00   5.7161600e-01   8.1991300e-01   3.0229428e+00   1.0000000e+00
   7.9000000e+01   0.0000000e+00   1.1512230e+00   8.1991300e-01   3.0229428e+00   0.0000000e+00
   8.0000000e+01   0.0000000e+00   9.1209500e-01   8.1991300e-01   3.0229428e+00   1.0000000e+00
   8.1000000e+01   0.0000000e+00   1.5139780e+00   8.1991300e-01   3.0229428e+00   1.0000000e+00
   8.2000000e+01   0.0000000e+00   9.8786900e-01   8.1991300e-01   3.0229428e+00   1.0000000e+00
   8.3000000e+01   1.0000000e+00   6.2368300e-01   8.1991300e-01   3.0229428e+00   0.0000000e+00
   8.4000000e+01   0.0000000e+00   5.7114400e-01   8.1991300e-01   3.0229428e+00   0.0000000e+00
   8.5000000e+01   0.0000000e+00   1.2308110e+00   8.1991300e-01   3.0229428e+00   0.0000000e+00
   8.6000000e+01   1.0000000e+00   2.1202880e+00   8.1991300e-01   3.0229428e+00   1.0000000e+00
   8.7000000e+01   0.0000000e+00   5.1100400e-01   8.1991300e-01   3.0229428e+00   0.0000000e+00
   8.8000000e+01   0.0000000e+00   1.3567070e+00   8.1991300e-01   3.0229428e+00   0.0000000e+00
   8.9000000e+01   0.0000000e+00   5.4521300e-01   8.1991300e-01   3.0229428e+00   1.0000000e+00
   9.0000000e+01   0.0000000e+00   4.8249000e-01   8.1991300e-01   3.0229428e+00   1.0000000e+00
   9.1000000e+01   0.0000000e+00   7.0611500e-01   8.1991300e-01   3.0229428e+00   1.0000000e+00
   9.2000000e+01   0.0000000e+00   6.5776100e-01   8.1991300e-01   3.0229428e+00   1.0000000e+00
   9.3000000e+01   1.0000000e+00   1.3959320e+00   8.1991300e-01   3.0229428e+00   0.0000000e+00
   9.4000000e+01   0.0000000e+00   8.9573400e-01   8.1991300e-01   3.0229428e+00   1.0000000e+00
   9.5000000e+01   0.0000000e+00   7.3928800e-01   8.1991300e-01   3.0229428e+00   0.0000000e+00
   9.6000000e+01   0.0000000e+00   1.9379420e+00   8.1991300e-01   3.0229428e+00   1.0000000e+00
   9.7000000e+01   0.0000000e+00   1.1646790e+00   8.1991300e-01   3.0229428e+00   0.0000000e+00
   9.8000000e+01   1.0000000e+00   1.5131270e+00   8.1991300e-01   3.0229428e+00   1.0000000e+00
   9.9000000e+01   0.0000000e+00   7.7531800e-01   8.1991300e-01   3.0229428e+00   0.0000000e+00
   1.0000000e+02   1.0000000e+00   4.4386200e-01   8.1991300e-01   3.0229428e+00   0.0000000e+00
   1.0100000e+02   0.0000000e+00   6.1120000e-01   8.1991300e-01   3.0229428e+00   0.0000000e+00
   1.0200000e+02   1.0000000e+00   6.4695000e-01   8.1991300e-01   3.0229428e+00   0.0000000e+00
   1.0300000e+02   0.0000000e+00   8.6491700e-01   8.1991300e-01   3.0229428e+00   1.0000000e+00
   1.0400000e+02   1.0000000e+00   1.0529310e+00   8.1991300e-01   3.0229428e+00   1.0000000e+00
   1.0500000e+02   0.0000000e+00   6.4484300e-01   8.1991300e-01   3.0229428e+00   0.0000000e+00
   1.0600000e+02   0.0000000e+00   9.8281900e-01   8.1991300e-01   3.0229428e+00   0.0000000e+00
   1.0700000e+02   0.0000000e+00   8.8025600e-01   8.1991300e-01   3.0229428e+00   0.0000000e+00
   1.0800000e+02   0.0000000e+00   7.8986000e-01   8.1991300e-01   3.0229428e+00   0.0000000e+00
   1.0900000e+02   0.0000000e+00   6.5689100e-01   8.1991300e-01   3.0229428e+00   1.0000000e+00
   1.1000000e+02   1.0000000e+00   1.0365870e+00   8.1991300e-01   3.0229428e+00   0.0000000e+00
   1.1100000e+02   1.0000000e+00   1.4269420e+00   8.1991300e-01   3.0229428e+00   1.0000000e+00
   1.1200000e+02   0.0000000e+00   7.7301400e-01   8.1991300e-01   3.0229428e+00   0.0000000e+00
   1.1300000e+02   0.0000000e+00   8.2869800e-01   8.1991300e-01   3.0229428e+00   1.0000000e+00
   1.1400000e+02   1.0000000e+00   8.3556500e-01   8.1991300e-01   3.0229428e+00   1.0000000e+00
   1.1500000e+02   0.0000000e+00   5.6204900e-01   8.1991300e-01   3.0229428e+00   1.0000000e+00
   1.1600000e+02   0.0000000e+00   7.5290300e-01   8.1991300e-01   3.0229428e+00   0.0000000e+00
   1.1700000e+02   0.0000000e+00   9.8105800e-01   8.1991300e-01   3.0229428e+00   0.0000000e+00
   1.1800000e+02   0.0000000e+00   1.6115360e+00   8.1991300e-01   3.0229428e+00   1.0000000e+00
   1.1900000e+02   1.0000000e+00   7.5285300e-01   8.1991300e-01   3.0229428e+00   0.0000000e+00
   1.2000000e+02   0.0000000e+00   9.2095600e-01   8.1991300e-01   3.0229428e+00   1.0000000e+00
   1.2100000e+02   0.0000000e+00   6.6085000e-01   8.1991300e-01   3.0229428e+00   1.0000000e+00
   1.2200000e+02   1.0000000e+00   2.6659760e+00   8.1991300e-01   3.0229428e+00   1.0000000e+00
   1.2300000e+02   0.0000000e+00   1.2805400e+00   8.1991300e-01   3.0229428e+00   0.0000000e+00
   1.2400000e+02   0.0000000e+00   4.9978900e-01   8.1991300e-01   3.0229428e+00   1.0000000e+00
   1.2500000e+02   1.0000000e+00   8.6045500e-01   8.1991300e-01   3.0229428e+00   0.0000000e+00
   1.2600000e+02   0.0000000e+00   1.0170000e+00   8.1991300e-01   3.0229428e+00   0.0000000e+00
   1.2700000e+02   0.0000000e+00   8.7392800e-01   8.1991300e-01   3.0229428e+00   1.0000000e+00
   1.2800000e+02   0.0000000e+00   5.1715600e-01   8.1991300e-01   3.0229428e+00   0.0000000e+00
   1.2900000e+02   0.0000000e+00   6.3559400e-01   8.1991300e-01   3.0229428e+00   1.0000000e+00
   1.3000000e+02   0.0000000e+00   4.5712600e-01   8.1991300e-01   3.0229428e+00   0.0000000e+00
   1.3100000e+02   0.0000000e+00   4.8077100e-01   8.1991300e-01   3.0229428e+00   0.0000000e+00
   1.3200000e+02   0.0000000e+00   6.3136500e-01   8.1991300e-01   3.0229428e+00   0.0000000e+00
   1.3300000e+02   0.0000000e+00   8.3222400e-01   8.1991300e-01   3.0229428e+00   1.0000000e+00
   1.3400000e+02   0.0000000e+00   6.7683400e-01   8.1991300e-01   3.0229428e+00   1.0000000e+00
   1.3500000e+02   1.0000000e+00   1.5879220e+00   8.1991300e-01   3.0229428e+00   0.0000000e+00
   1.3600000e+02   1.0000000e+00   9.9039900e-01   8.1991300e-01   3.0229428e+00   1.0000000e+00
