   1.0000000e+00   0.0000000e+00   9.7950300e-01   8.2740500e-01   2.9422060e+00   1.0000000e+00
   2.0000000e+00   0.0000000e+00   1.7578340e+00   8.2740500e-01   2.9422060e+00   0.0000000e+00
   3.0000000e+00   0.0000000e+00   8.6312900e-01   8.2740500e-01   2.9422060e+00   0.0000000e+00
   4.0000000e+00   1.0000000e+00   9.0704600e-01   8.2740500e-01   2.9422060e+00   1.0000000e+00
   5.0000000e+00   0.0000000e+00   4.4780900e-01   8.2740500e-01   2.9422060e+00   0.0000000e+00
   6.0000000e+00   1.0000000e+00   6.3900500e-01   8.2740500e-01   2.9422060e+00   0.0000000e+00
   7.0000000e+00   0.0000000e+00   6.4050000e-01   8.2740500e-01   2.9422060e+00   1.0000000e+00
   8.0000000e+00   0.0000000e+00   1.2468220e+00   8.2740500e-01   2.9422060e+00   0.0000000e+00
   9.0000000e+00   0.0000000e+00   1.1859780e+00   8.2740500e-01   2.9422060e+00   1.0000000e+00
   1.0000000e+01   0.0000000e+00   7.2329900e-01   8.2740500e-01   2.9422060e+00   0.0000000e+00
   1.1000000e+01   1.0000000e+00   2.1003750e+00   8.2740500e-01   2.9422060e+00   1.0000000e+00
   1.2000000e+01   0.0000000e+00   5.2514600e-01   8.2740500e-01   2.9422060e+00   0.0000000e+00
   1.3000000e+01   1.0000000e+00   9.4759900e-01   8.2740500e-01   2.9422060e+00   0.0000000e+00
   1.4000000e+01   0.0000000e+00   4.5746800e-01   8.2740500e-01   2.9422060e+00   1.0000000e+00
   1.5000000e+01   1.0000000e+00   4.5284800e-01   8.2740500e-01   2.9422060e+00   0.0000000e+00
   1.6000000e+01   0.0000000e+00   4.7152700e-01   8.2740500e-01   2.9422060e+00   1.0000000e+00
   1.7000000e+01   0.0000000e+00   6.5414400e-01   8.2740500e-01   2.9422060e+00   1.0000000e+00
   1.8000000e+01   0.0000000e+00   7.9142800e-01   8.2740500e-01   2.9422060e+00   1.0000000e+00
   1.9000000e+01   0.0000000e+00   4.7982100e-01   8.2740500e-01   2.9422060e+00   0.0000000e+00
   2.0000000e+01   0.0000000e+00   9.8092800e-01   8.2740500e-01   2.9422060e+00   0.0000000e+00
   2.1000000e+01   0.0000000e+00   1.2934540e+00   8.2740500e-01   2.9422060e+00   1.0000000e+00
   2.2000000e+01   1.0000000e+00   7.4294500e-01   8.2740500e-01   2.9422060e+00   1.0000000e+00
   2.3000000e+01   0.0000000e+00   4.7615300e-01   8.2740500e-01   2.9422060e+00   1.0000000e+00
   2.4000000e+01   0.0000000e+00   8.7448500e-01   8.2740500e-01   2.9422060e+00   1.0000000e+00
   2.5000000e+01   1.0000000e+00   7.7183200e-01   8.2740500e-01   2.9422060e+00   0.0000000e+00
   2.6000000e+01   0.0000000e+00   2.1671980e+00   8.2740500e-01   2.9422060e+00   0.0000000e+00
   2.7000000e+01   0.0000000e+00   7.9940800e-01   8.2740500e-01   2.9422060e+00   1.0000000e+00
   2.8000000e+01   1.0000000e+00   1.4126460e+00   8.2740500e-01   2.9422060e+00   1.0000000e+00
   2.9000000e+01   0.0000000e+00   1.4537790e+00   8.2740500e-01   2.9422060e+00   0.0000000e+00
   3.0000000e+01   0.0000000e+00   6.2830100e-01   8.2740500e-01   2.9422060e+00   0.0000000e+00
   3.1000000e+01   1.0000000e+00   8.2430700e-01   8.2740500e-01   2.9422060e+00   0.0000000e+00
   3.2000000e+01   0.0000000e+00   7.7262900e-01   8.2740500e-01   2.9422060e+00   1.0000000e+00
   3.3000000e+01   0.0000000e+00   4.6988100e-01   8.2740500e-01   2.9422060e+00   0.0000000e+00
   3.4000000e+01   0.0000000e+00   5.1508900e-01   8.2740500e-01   2.9422060e+00   1.0000000e+00
   3.5000000e+01   1.0000000e+00   8.7287000e-01   8.2740500e-01   2.9422060e+00   1.0000000e+00
   3.6000000e+01   0.0000000e+00   5.4172100e-01   8.2740500e-01   2.9422060e+00   1.0000000e+00
   3.7000000e+01   1.0000000e+00   5.1505100e-01   8.2740500e-01   2.9422060e+00   1.0000000e+00
   3.8000000e+01   0.0000000e+00   1.0551550e+00   8.2740500e-01   2.9422060e+00   0.0000000e+00
   3.9000000e+01   0.0000000e+00   7.3793100e-01   8.2740500e-01   2.9422060e+00   1.0000000e+00
   4.0000000e+01   0.0000000e+00   5.2287600e-01   8.2740500e-01   2.9422060e+00   1.0000000e+00
   4.1000000e+01   1.0000000e+00   5.0870500e-01   8.2740500e-01   2.9422060e+00   0.0000000e+00
   4.2000000e+01   0.0000000e+00   2.6205700e+00   8.2740500e-01   2.9422060e+00   1.0000000e+00
   4.3000000e+01   0.0000000e+00   7.4243900e-01   8.2740500e-01   2.9422060e+00   1.0000000e+00
   4.4000000e+01   0.0000000e+00   2.4371710e+00   8.2740500e-01   2.9422060e+00   0.0000000e+00
   4.5000000e+01   1.0000000e+00   9.6396800e-01   8.2740500e-01   2.9422060e+00   1.0000000e+00
   4.6000000e+01   0.0000000e+00   7.2662200e-01   8.2740500e-01   2.9422060e+00   1.0000000e+00
   4.7000000e+01   0.0000000e+00   4.4626700e-01   8.2740500e-01   2.9422060e+00   0.0000000e+00
   4.8000000e+01   0.0000000e+00   7.0724700e-01   8.2740500e-01   2.9422060e+00   0.0000000e+00
   4.9000000e+01   0.0000000e+00   2.8824900e+00   8.2740500e-01   2.9422060e+00   0.0000000e+00
   5.0000000e+01   0.0000000e+00   8.9634600e-01   8.2740500e-01   2.9422060e+00   0.0000000e+00
   5.1000000e+01   0.0000000e+00   1.3217770e+00   8.2740500e-01   2.9422060e+00   1.0000000e+00
   5.2000000e+01   1.0000000e+00   5.7275100e-01   8.2740500e-01   2.9422060e+00   0.0000000e+00
   5.3000000e+01   0.0000000e+00   1.0057130e+00   8.2740500e-01   2.9422060e+00   0.0000000e+00
   5.4000000e+01   0.0000000e+00   8.0518000e-01   8.2740500e-01   2.9422060e+00   0.0000000e+00
   5.5000000e+01   0.0000000e+00   9.9387500e-01   8.2740500e-01   2.9422060e+00   0.0000000e+00
   5.6000000e+01   0.0000000e+00   8.2513900e-01   8.2740500e-01   2.9422060e+00   0.0000000e+00
   5.7000000e+01   1.0000000e+00   2.0126720e+00   8.2740500e-01   2.9422060e+00   0.0000000e+00
   5.8000000e+01   0.0000000e+00   1.3646630e+00   8.2740500e-01   2.9422060e+00   1.0000000e+00
   5.9000000e+01   0.0000000e+00   9.2214300e-01   8.2740500e-01   2.9422060e+00   0.0000000e+00
   6.0000000e+01   0.0000000e+00   9.4431300e-01   8.2740500e-01   2.9422060e+00   1.0000000e+00
   6.1000000e+01   1.0000000e+00   1.0988900e+00   8.2740500e-01   2.9422060e+00   1.0000000e+00
   6.2000000e+01   0.0000000e+00   4.3648400e-01   8.2740500e-01   2.9422060e+00   1.0000000e+00
   6.3000000e+01   1.0000000e+00   2.1125230e+00   8.2740500e-01   2.9422060e+00   0.0000000e+00
   6.4000000e+01   0.0000000e+00   1.0327070e+00   8.2740500e-01   2.9422060e+00   0.0000000e+00
   6.5000000e+01   0.0000000e+00   1.2773270e+00   8.2740500e-01   2.9422060e+00   1.0000000e+00
   6.6000000e+01   0.0000000e+00   2.0404370e+00   8.2740500e-01   2.9422060e+00   0.0000000e+00
   6.7000000e+01   0.0000000e+00   2.1205910e+00   8.2740500e-01   2.9422060e+00   1.0000000e+00
   6.8000000e+01   1.0000000e+00   9.2624500e-01   8.2740500e-01   2.9422060e+00   1.0000000e+00
   6.9000000e+01   0.0000000e+00   4.4874700e-01   8.2740500e-01   2.9422060e+00   0.0000000e+00
   7.0000000e+01   0.0000000e+00   1.3711140e+00   8.2740500e-01   2.9422060e+00   1.0000000e+00
   7.1000000e+01   0.0000000e+00   1.0046540e+00   8.2740500e-01   2.9422060e+00   1.0000000e+00
   7.2000000e+01   0.0000000e+00   1.9755860e+00   8.2740500e-01   2.9422060e+00   0.0000000e+00
   7.3000000e+01   1.0000000e+00   9.5527200e-01   8.2740500e-01   2.9422060e+00   1.0000000e+00
   7.4000000e+01   0.0000000e+00   6.9407100e-01   8.2740500e-01   2.9422060e+00   1.0000000e+00
   7.5000000e+01   0.0000000e+00   6.7292400e-01   8.2740500e-01   2.9422060e+00   0.0000000e+00
   7.6000000e+01   0.0000000e+00   5.8167400e-01   8.2740500e-01   2.9422060e+00   1.0000000e+00
   7.7000000e+01   0.0000000e+00   9.0752900e-01   8.2740500e-01   2.9422060e+00   0.0000000e+00
   7.8000000e+01   0.0000000e+00   6.3952800e-01   8.2740500e-01   2.9422060e+00   0.0000000e+00
   7.9000000e+01   1.0000000e+00   5.7545100e-01   8.2740500e-01   2.9422060e+00   0.0000000e+00
   8.0000000e+01   0.0000000e+00   1.1781130e+00   8.2740500e-01   2.9422060e+00   0.0000000e+00
   8.1000000e+01   1.0000000e+00   5.1793600e-01   8.2740500e-01   2.9422060e+00   0.0000000e+00
   8.2000000e+01   1.0000000e+00   6.1952100e-01   8.2740500e-01   2.9422060e+00   1.0000000e+00
   8.3000000e+01   0.0000000e+00   7.1832400e-01   8.2740500e-01   2.9422060e+00   1.0000000e+00
   8.4000000e+01   0.0000000e+00   1.5513780e+00   8.2740500e-01   2.9422060e+00   1.0000000e+00
   8.5000000e+01   0.0000000e+00   6.9558900e-01   8.2740500e-01   2.9422060e+00   0.0000000e+00
   8.6000000e+01   0.0000000e+00   9.0055400e-01   8.2740500e-01   2.9422060e+00   0.0000000e+00
   8.7000000e+01   0.0000000e+00   4.8327300e-01   8.2740500e-01   2.9422060e+00   0.0000000e+00
   8.8000000e+01   0.0000000e+00   6.2707400e-01   8.2740500e-01   2.9422060e+00   1.0000000e+00
   8.9000000e+01   1.0000000e+00   6.7140300e-01   8.2740500e-01   2.9422060e+00   0.0000000e+00
   9.0000000e+01   0.0000000e+00   6.4736400e-01   8.2740500e-01   2.9422060e+00   1.0000000e+00
   9.1000000e+01   0.0000000e+00   1.0241750e+00   8.2740500e-01   2.9422060e+00   0.0000000e+00
   9.2000000e+01   0.0000000e+00   5.1991700e-01   8.2740500e-01   2.9422060e+00   1.0000000e+00
   9.3000000e+01   1.0000000e+00   1.9389060e+00   8.2740500e-01   2.9422060e+00   1.0000000e+00
   9.4000000e+01   1.0000000e+00   8.5404100e-01   8.2740500e-01   2.9422060e+00   1.0000000e+00
   9.5000000e+01   0.0000000e+00   7.1087700e-01   8.2740500e-01   2.9422060e+00   0.0000000e+00
   9.6000000e+01   0.0000000e+00   1.2575100e+00   8.2740500e-01   2.9422060e+00   1.0000000e+00
   9.7000000e+01   0.0000000e+00   7.4312900e-01   8.2740500e-01   2.9422060e+00   0.0000000e+00
   9.8000000e+01   1.0000000e+00   7.7138800e-01   8.2740500e-01   2.9422060e+00   0.0000000e+00
   9.9000000e+01   0.0000000e+00   5.2176500e-01   8.2740500e-01   2.9422060e+00   0.0000000e+00
   1.0000000e+02   1.0000000e+00   8.6206300e-01   8.2740500e-01   2.9422060e+00   1.0000000e+00
   1.0100000e+02   0.0000000e+00   6.6141800e-01   8.2740500e-01   2.9422060e+00   1.0000000e+00
   1.0200000e+02   0.0000000e+00   5.7779900e-01   8.2740500e-01   2.9422060e+00   1.0000000e+00
   1.0300000e+02   1.0000000e+00   7.7839800e-01   8.2740500e-01   2.9422060e+00   0.0000000e+00
   1.0400000e+02   0.0000000e+00   8.9384400e-01   8.2740500e-01   2.9422060e+00   1.0000000e+00
   1.0500000e+02   0.0000000e+00   5.6382800e-01   8.2740500e-01   2.9422060e+00   0.0000000e+00
   1.0600000e+02   0.0000000e+00   1.1023330e+00   8.2740500e-01   2.9422060e+00   0.0000000e+00
   1.0700000e+02   1.0000000e+00   8.9466700e-01   8.2740500e-01   2.9422060e+00   1.0000000e+00
   1.0800000e+02   0.0000000e+00   4.9941200e-01   8.2740500e-01   2.9422060e+00   0.0000000e+00
   1.0900000e+02   0.0000000e+00   1.1629360e+00   8.2740500e-01   2.9422060e+00   1.0000000e+00
   1.1000000e+02   0.0000000e+00   5.6819700e-01   8.2740500e-01   2.9422060e+00   1.0000000e+00
   1.1100000e+02   0.0000000e+00   6.8828700e-01   8.2740500e-01   2.9422060e+00   1.0000000e+00
   1.1200000e+02   0.0000000e+00   9.6667400e-01   8.2740500e-01   2.9422060e+00   0.0000000e+00
   1.1300000e+02   0.0000000e+00   6.7933300e-01   8.2740500e-01   2.9422060e+00   0.0000000e+00
   1.1400000e+02   1.0000000e+00   1.3955190e+00   8.2740500e-01   2.9422060e+00   0.0000000e+00
   1.1500000e+02   1.0000000e+00   1.1601000e+00   8.2740500e-01   2.9422060e+00   0.0000000e+00
   1.1600000e+02   0.0000000e+00   8.4755200e-01   8.2740500e-01   2.9422060e+00   1.0000000e+00
   1.1700000e+02   1.0000000e+00   4.4080700e-01   8.2740500e-01   2.9422060e+00   1.0000000e+00
   1.1800000e+02   0.0000000e+00   5.8885100e-01   8.2740500e-01   2.9422060e+00   1.0000000e+00
   1.1900000e+02   1.0000000e+00   4.4222900e-01   8.2740500e-01   2.9422060e+00   0.0000000e+00
   1.2000000e+02   0.0000000e+00   1.0409370e+00   8.2740500e-01   2.9422060e+00   1.0000000e+00
   1.2100000e+02   1.0000000e+00   1.6585980e+00   8.2740500e-01   2.9422060e+00   1.0000000e+00
   1.2200000e+02   0.0000000e+00   1.2565010e+00   8.2740500e-01   2.9422060e+00   1.0000000e+00
   1.2300000e+02   1.0000000e+00   4.9158000e-01   8.2740500e-01   2.9422060e+00   1.0000000e+00
   1.2400000e+02   0.0000000e+00   6.6525400e-01   8.2740500e-01   2.9422060e+00   1.0000000e+00
   1.2500000e+02   1.0000000e+00   6.7031600e-01   8.2740500e-01   2.9422060e+00   0.0000000e+00
   1.2600000e+02   0.0000000e+00   4.6184700e-01   8.2740500e-01   2.9422060e+00   0.0000000e+00
   1.2700000e+02   0.0000000e+00   8.8793300e-01   8.2740500e-01   2.9422060e+00   0.0000000e+00
   1.2800000e+02   1.0000000e+00   6.9360200e-01   8.2740500e-01   2.9422060e+00   1.0000000e+00
   1.2900000e+02   0.0000000e+00   8.9309800e-01   8.2740500e-01   2.9422060e+00   0.0000000e+00
   1.3000000e+02   0.0000000e+00   4.7595100e-01   8.2740500e-01   2.9422060e+00   0.0000000e+00
   1.3100000e+02   1.0000000e+00   1.0134790e+00   8.2740500e-01   2.9422060e+00   0.0000000e+00
   1.3200000e+02   0.0000000e+00   1.3690190e+00   8.2740500e-01   2.9422060e+00   0.0000000e+00
   1.3300000e+02   0.0000000e+00   8.1938700e-01   8.2740500e-01   2.9422060e+00   1.0000000e+00
   1.3400000e+02   0.0000000e+00   5.5915600e-01   8.2740500e-01   2.9422060e+00   1.0000000e+00
   1.3500000e+02   1.0000000e+00   1.6348700e+00   8.2740500e-01   2.9422060e+00   0.0000000e+00
   1.3600000e+02   1.0000000e+00   5.7026100e-01   8.2740500e-01   2.9422060e+00   1.0000000e+00
