   1.0000000e+00   0.0000000e+00   8.6286400e-01   8.2834900e-01   2.9152210e+00   0.0000000e+00
   2.0000000e+00   0.0000000e+00   4.5158500e-01   8.2834900e-01   2.9152210e+00   0.0000000e+00
   3.0000000e+00   0.0000000e+00   1.2170710e+00   8.2834900e-01   2.9152210e+00   1.0000000e+00
   4.0000000e+00   0.0000000e+00   7.4369100e-01   8.2834900e-01   2.9152210e+00   1.0000000e+00
   5.0000000e+00   0.0000000e+00   1.8480210e+00   8.2834900e-01   2.9152210e+00   1.0000000e+00
   6.0000000e+00   1.0000000e+00   8.1162300e-01   8.2834900e-01   2.9152210e+00   1.0000000e+00
   7.0000000e+00   1.0000000e+00   9.2270400e-01   8.2834900e-01   2.9152210e+00   0.0000000e+00
   8.0000000e+00   0.0000000e+00   1.5922540e+00   8.2834900e-01   2.9152210e+00   1.0000000e+00
   9.0000000e+00   0.0000000e+00   5.5918000e-01   8.2834900e-01   2.9152210e+00   0.0000000e+00
   1.0000000e+01   0.0000000e+00   9.3027300e-01   8.2834900e-01   2.9152210e+00   1.0000000e+00
   1.1000000e+01   0.0000000e+00   7.6070000e-01   8.2834900e-01   2.9152210e+00   1.0000000e+00
   1.2000000e+01   0.0000000e+00   1.2661310e+00   8.2834900e-01   2.9152210e+00   0.0000000e+00
   1.3000000e+01   0.0000000e+00   1.0242280e+00   8.2834900e-01   2.9152210e+00   0.0000000e+00
   1.4000000e+01   1.0000000e+00   8.8165000e-01   8.2834900e-01   2.9152210e+00   1.0000000e+00
   1.5000000e+01   0.0000000e+00   6.5383800e-01   8.2834900e-01   2.9152210e+00   0.0000000e+00
   1.6000000e+01   0.0000000e+00   5.3212600e-01   8.2834900e-01   2.9152210e+00   0.0000000e+00
   1.7000000e+01   1.0000000e+00   8.8872500e-01   8.2834900e-01   2.9152210e+00   0.0000000e+00
   1.8000000e+01   0.0000000e+00   4.8170900e-01   8.2834900e-01   2.9152210e+00   0.0000000e+00
   1.9000000e+01   0.0000000e+00   8.4827800e-01   8.2834900e-01   2.9152210e+00   1.0000000e+00
   2.0000000e+01   1.0000000e+00   9.1688000e-01   8.2834900e-01   2.9152210e+00   0.0000000e+00
   2.1000000e+01   0.0000000e+00   5.9727100e-01   8.2834900e-01   2.9152210e+00   0.0000000e+00
   2.2000000e+01   1.0000000e+00   7.1274500e-01   8.2834900e-01   2.9152210e+00   1.0000000e+00
   2.3000000e+01   0.0000000e+00   4.4032600e-01   8.2834900e-01   2.9152210e+00   1.0000000e+00
   2.4000000e+01   1.0000000e+00   5.1518500e-01   8.2834900e-01   2.9152210e+00   0.0000000e+00
   2.5000000e+01   0.0000000e+00   1.0050050e+00   8.2834900e-01   2.9152210e+00   0.0000000e+00
   2.6000000e+01   0.0000000e+00   5.7049900e-01   8.2834900e-01   2.9152210e+00   1.0000000e+00
   2.7000000e+01   0.0000000e+00   5.8342200e-01   8.2834900e-01   2.9152210e+00   1.0000000e+00
   2.8000000e+01   1.0000000e+00   8.1994200e-01   8.2834900e-01   2.9152210e+00   1.0000000e+00
   2.9000000e+01   0.0000000e+00   6.2692900e-01   8.2834900e-01   2.9152210e+00   0.0000000e+00
   3.0000000e+01   1.0000000e+00   6.3186800e-01   8.2834900e-01   2.9152210e+00   0.0000000e+00
   3.1000000e+01   0.0000000e+00   5.8043300e-01   8.2834900e-01   2.9152210e+00   1.0000000e+00
   3.2000000e+01   0.0000000e+00   7.3395900e-01   8.2834900e-01   2.9152210e+00   0.0000000e+00
   3.3000000e+01   0.0000000e+00   5.8882300e-01   8.2834900e-01   2.9152210e+00   1.0000000e+00
   3.4000000e+01   0.0000000e+00   9.4611200e-01   8.2834900e-01   2.9152210e+00   1.0000000e+00
   3.5000000e+01   0.0000000e+00   7.6181800e-01   8.2834900e-01   2.9152210e+00   0.0000000e+00
   3.6000000e+01   1.0000000e+00   8.7367600e-01   8.2834900e-01   2.9152210e+00   1.0000000e+00
   3.7000000e+01   0.0000000e+00   6.0999700e-01   8.2834900e-01   2.9152210e+00   0.0000000e+00
   3.8000000e+01   0.0000000e+00   1.0290070e+00   8.2834900e-01   2.9152210e+00   0.0000000e+00
   3.9000000e+01   1.0000000e+00   2.5666600e+00   8.2834900e-01   2.9152210e+00   1.0000000e+00
   4.0000000e+01   0.0000000e+00   5.6243700e-01   8.2834900e-01   2.9152210e+00   0.0000000e+00
   4.1000000e+01   0.0000000e+00   6.1582300e-01   8.2834900e-01   2.9152210e+00   0.0000000e+00
   4.2000000e+01   0.0000000e+00   6.4222000e-01   8.2834900e-01   2.9152210e+00   1.0000000e+00
   4.3000000e+01   1.0000000e+00   7.9255500e-01   8.2834900e-01   2.9152210e+00   0.0000000e+00
   4.4000000e+01   0.0000000e+00   6.8288200e-01   8.2834900e-01   2.9152210e+00   0.0000000e+00
   4.5000000e+01   0.0000000e+00   4.4554800e-01   8.2834900e-01   2.9152210e+00   0.0000000e+00
   4.6000000e+01   0.0000000e+00   6.1257200e-01   8.2834900e-01   2.9152210e+00   0.0000000e+00
   4.7000000e+01   1.0000000e+00   7.3523600e-01   8.2834900e-01   2.9152210e+00   1.0000000e+00
   4.8000000e+01   0.0000000e+00   8.0927900e-01   8.2834900e-01   2.9152210e+00   1.0000000e+00
   4.9000000e+01   0.0000000e+00   2.0400160e+00   8.2834900e-01   2.9152210e+00   1.0000000e+00
   5.0000000e+01   0.0000000e+00   5.3810900e-01   8.2834900e-01   2.9152210e+00   1.0000000e+00
   5.1000000e+01   1.0000000e+00   1.0455250e+00   8.2834900e-01   2.9152210e+00   0.0000000e+00
   5.2000000e+01   0.0000000e+00   7.6905600e-01   8.2834900e-01   2.9152210e+00   1.0000000e+00
   5.3000000e+01   0.0000000e+00   2.0657070e+00   8.2834900e-01   2.9152210e+00   1.0000000e+00
   5.4000000e+01   1.0000000e+00   6.1920000e-01   8.2834900e-01   2.9152210e+00   0.0000000e+00
   5.5000000e+01   0.0000000e+00   9.3783200e-01   8.2834900e-01   2.9152210e+00   0.0000000e+00
   5.6000000e+01   0.0000000e+00   5.4114500e-01   8.2834900e-01   2.9152210e+00   0.0000000e+00
   5.7000000e+01   0.0000000e+00   1.4079540e+00   8.2834900e-01   2.9152210e+00   1.0000000e+00
   5.8000000e+01   1.0000000e+00   9.2304400e-01   8.2834900e-01   2.9152210e+00   1.0000000e+00
   5.9000000e+01   0.0000000e+00   4.5597700e-01   8.2834900e-01   2.9152210e+00   1.0000000e+00
   6.0000000e+01   0.0000000e+00   1.1082110e+00   8.2834900e-01   2.9152210e+00   1.0000000e+00
   6.1000000e+01   0.0000000e+00   5.8752400e-01   8.2834900e-01   2.9152210e+00   0.0000000e+00
   6.2000000e+01   0.0000000e+00   6.7744300e-01   8.2834900e-01   2.9152210e+00   1.0000000e+00
   6.3000000e+01   0.0000000e+00   4.5359700e-01   8.2834900e-01   2.9152210e+00   1.0000000e+00
   6.4000000e+01   1.0000000e+00   2.7398050e+00   8.2834900e-01   2.9152210e+00   0.0000000e+00
   6.5000000e+01   0.0000000e+00   9.5191600e-01   8.2834900e-01   2.9152210e+00   0.0000000e+00
   6.6000000e+01   0.0000000e+00   7.3962500e-01   8.2834900e-01   2.9152210e+00   1.0000000e+00
   6.7000000e+01   0.0000000e+00   6.9479800e-01   8.2834900e-01   2.9152210e+00   0.0000000e+00
   6.8000000e+01   1.0000000e+00   1.0373110e+00   8.2834900e-01   2.9152210e+00   1.0000000e+00
   6.9000000e+01   1.0000000e+00   8.3626200e-01   8.2834900e-01   2.9152210e+00   1.0000000e+00
   7.0000000e+01   0.0000000e+00   8.8471000e-01   8.2834900e-01   2.9152210e+00   1.0000000e+00
   7.1000000e+01   0.0000000e+00   5.5437700e-01   8.2834900e-01   2.9152210e+00   1.0000000e+00
   7.2000000e+01   0.0000000e+00   1.4169730e+00   8.2834900e-01   2.9152210e+00   0.0000000e+00
   7.3000000e+01   0.0000000e+00   6.0908400e-01   8.2834900e-01   2.9152210e+00   0.0000000e+00
   7.4000000e+01   1.0000000e+00   2.6991470e+00   8.2834900e-01   2.9152210e+00   0.0000000e+00
   7.5000000e+01   0.0000000e+00   6.0263000e-01   8.2834900e-01   2.9152210e+00   0.0000000e+00
   7.6000000e+01   0.0000000e+00   9.1369400e-01   8.2834900e-01   2.9152210e+00   1.0000000e+00
   7.7000000e+01   1.0000000e+00   4.7889100e-01   8.2834900e-01   2.9152210e+00   0.0000000e+00
   7.8000000e+01   0.0000000e+00   4.9110000e-01   8.2834900e-01   2.9152210e+00   0.0000000e+00
   7.9000000e+01   0.0000000e+00   4.3773000e-01   8.2834900e-01   2.9152210e+00   1.0000000e+00
   8.0000000e+01   1.0000000e+00   5.2642500e-01   8.2834900e-01   2.9152210e+00   1.0000000e+00
   8.1000000e+01   0.0000000e+00   1.0142950e+00   8.2834900e-01   2.9152210e+00   0.0000000e+00
   8.2000000e+01   0.0000000e+00   4.9955100e-01   8.2834900e-01   2.9152210e+00   1.0000000e+00
   8.3000000e+01   0.0000000e+00   2.0837590e+00   8.2834900e-01   2.9152210e+00   0.0000000e+00
   8.4000000e+01   0.0000000e+00   1.0412250e+00   8.2834900e-01   2.9152210e+00   0.0000000e+00
   8.5000000e+01   0.0000000e+00   9.3079800e-01   8.2834900e-01   2.9152210e+00   0.0000000e+00
   8.6000000e+01   1.0000000e+00   6.9705900e-01   8.2834900e-01   2.9152210e+00   0.0000000e+00
   8.7000000e+01   0.0000000e+00   1.1215340e+00   8.2834900e-01   2.9152210e+00   0.0000000e+00
   8.8000000e+01   1.0000000e+00   1.6639490e+00   8.2834900e-01   2.9152210e+00   1.0000000e+00
   8.9000000e+01   0.0000000e+00   1.7866350e+00   8.2834900e-01   2.9152210e+00   0.0000000e+00
   9.0000000e+01   1.0000000e+00   6.0950200e-01   8.2834900e-01   2.9152210e+00   1.0000000e+00
   9.1000000e+01   0.0000000e+00   1.4026070e+00   8.2834900e-01   2.9152210e+00   0.0000000e+00
   9.2000000e+01   0.0000000e+00   2.2268530e+00   8.2834900e-01   2.9152210e+00   1.0000000e+00
   9.3000000e+01   0.0000000e+00   5.5528700e-01   8.2834900e-01   2.9152210e+00   1.0000000e+00
   9.4000000e+01   1.0000000e+00   1.1268680e+00   8.2834900e-01   2.9152210e+00   0.0000000e+00
   9.5000000e+01   0.0000000e+00   2.0078840e+00   8.2834900e-01   2.9152210e+00   1.0000000e+00
   9.6000000e+01   0.0000000e+00   1.3236580e+00   8.2834900e-01   2.9152210e+00   1.0000000e+00
   9.7000000e+01   0.0000000e+00   4.5365600e-01   8.2834900e-01   2.9152210e+00   0.0000000e+00
   9.8000000e+01   1.0000000e+00   1.6293740e+00   8.2834900e-01   2.9152210e+00   1.0000000e+00
   9.9000000e+01   1.0000000e+00   8.0347500e-01   8.2834900e-01   2.9152210e+00   0.0000000e+00
   1.0000000e+02   0.0000000e+00   1.3148790e+00   8.2834900e-01   2.9152210e+00   1.0000000e+00
   1.0100000e+02   0.0000000e+00   1.1965710e+00   8.2834900e-01   2.9152210e+00   1.0000000e+00
   1.0200000e+02   1.0000000e+00   1.6353040e+00   8.2834900e-01   2.9152210e+00   1.0000000e+00
   1.0300000e+02   0.0000000e+00   5.6483400e-01   8.2834900e-01   2.9152210e+00   0.0000000e+00
   1.0400000e+02   0.0000000e+00   4.8733000e-01   8.2834900e-01   2.9152210e+00   0.0000000e+00
   1.0500000e+02   0.0000000e+00   5.8374700e-01   8.2834900e-01   2.9152210e+00   0.0000000e+00
   1.0600000e+02   0.0000000e+00   5.4957000e-01   8.2834900e-01   2.9152210e+00   1.0000000e+00
   1.0700000e+02   0.0000000e+00   7.8090100e-01   8.2834900e-01   2.9152210e+00   1.0000000e+00
   1.0800000e+02   1.0000000e+00   1.5770190e+00   8.2834900e-01   2.9152210e+00   0.0000000e+00
   1.0900000e+02   0.0000000e+00   6.4338500e-01   8.2834900e-01   2.9152210e+00   1.0000000e+00
   1.1000000e+02   1.0000000e+00   4.6801600e-01   8.2834900e-01   2.9152210e+00   0.0000000e+00
   1.1100000e+02   0.0000000e+00   5.1739500e-01   8.2834900e-01   2.9152210e+00   0.0000000e+00
   1.1200000e+02   1.0000000e+00   6.2173500e-01   8.2834900e-01   2.9152210e+00   1.0000000e+00
   1.1300000e+02   0.0000000e+00   2.2027670e+00   8.2834900e-01   2.9152210e+00   0.0000000e+00
   1.1400000e+02   0.0000000e+00   1.9826600e+00   8.2834900e-01   2.9152210e+00   1.0000000e+00
   1.1500000e+02   1.0000000e+00   1.1239830e+00   8.2834900e-01   2.9152210e+00   0.0000000e+00
   1.1600000e+02   0.0000000e+00   1.1018060e+00   8.2834900e-01   2.9152210e+00   0.0000000e+00
   1.1700000e+02   0.0000000e+00   1.1506440e+00   8.2834900e-01   2.9152210e+00   1.0000000e+00
   1.1800000e+02   0.0000000e+00   6.7635600e-01   8.2834900e-01   2.9152210e+00   1.0000000e+00
   1.1900000e+02   0.0000000e+00   4.6500200e-01   8.2834900e-01   2.9152210e+00   1.0000000e+00
   1.2000000e+02   0.0000000e+00   5.1321300e-01   8.2834900e-01   2.9152210e+00   0.0000000e+00
   1.2100000e+02   0.0000000e+00   5.9885500e-01   8.2834900e-01   2.9152210e+00   1.0000000e+00
   1.2200000e+02   0.0000000e+00   5.4297200e-01   8.2834900e-01   2.9152210e+00   1.0000000e+00
   1.2300000e+02   1.0000000e+00   1.0493600e+00   8.2834900e-01   2.9152210e+00   1.0000000e+00
   1.2400000e+02   0.0000000e+00   1.0312400e+00   8.2834900e-01   2.9152210e+00   1.0000000e+00
   1.2500000e+02   0.0000000e+00   4.8774900e-01   8.2834900e-01   2.9152210e+00   0.0000000e+00
   1.2600000e+02   1.0000000e+00   7.4190700e-01   8.2834900e-01   2.9152210e+00   1.0000000e+00
   1.2700000e+02   0.0000000e+00   6.3523200e-01   8.2834900e-01   2.9152210e+00   0.0000000e+00
   1.2800000e+02   1.0000000e+00   4.5018500e-01   8.2834900e-01   2.9152210e+00   0.0000000e+00
   1.2900000e+02   0.0000000e+00   1.1963590e+00   8.2834900e-01   2.9152210e+00   0.0000000e+00
   1.3000000e+02   1.0000000e+00   7.6357500e-01   8.2834900e-01   2.9152210e+00   1.0000000e+00
   1.3100000e+02   0.0000000e+00   1.9298420e+00   8.2834900e-01   2.9152210e+00   0.0000000e+00
   1.3200000e+02   0.0000000e+00   1.2580190e+00   8.2834900e-01   2.9152210e+00   1.0000000e+00
   1.3300000e+02   1.0000000e+00   4.9249700e-01   8.2834900e-01   2.9152210e+00   0.0000000e+00
   1.3400000e+02   0.0000000e+00   1.2217550e+00   8.2834900e-01   2.9152210e+00   1.0000000e+00
   1.3500000e+02   1.0000000e+00   7.0581300e-01   8.2834900e-01   2.9152210e+00   0.0000000e+00
   1.3600000e+02   1.0000000e+00   8.4897500e-01   8.2834900e-01   2.9152210e+00   1.0000000e+00
