   1.0000000e+00   0.0000000e+00   6.9256100e-01   8.2686700e-01   3.6789722e+00   0.0000000e+00
   2.0000000e+00   0.0000000e+00   9.9573000e-01   8.2686700e-01   3.6789722e+00   0.0000000e+00
   3.0000000e+00   0.0000000e+00   5.9225200e-01   8.2686700e-01   3.6789722e+00   1.0000000e+00
   4.0000000e+00   1.0000000e+00   1.0885310e+00   8.2686700e-01   3.6789722e+00   0.0000000e+00
   5.0000000e+00   0.0000000e+00   5.7961900e-01   8.2686700e-01   3.6789722e+00   0.0000000e+00
   6.0000000e+00   1.0000000e+00   6.0936700e-01   8.2686700e-01   3.6789722e+00   1.0000000e+00
   7.0000000e+00   0.0000000e+00   1.1634680e+00   8.2686700e-01   3.6789722e+00   0.0000000e+00
   8.0000000e+00   0.0000000e+00   6.9448100e-01   8.2686700e-01   3.6789722e+00   0.0000000e+00
   9.0000000e+00   0.0000000e+00   2.5729660e+00   8.2686700e-01   3.6789722e+00   1.0000000e+00
   1.0000000e+01   1.0000000e+00   1.4179170e+00   8.2686700e-01   3.6789722e+00   0.0000000e+00
   1.1000000e+01   0.0000000e+00   6.1495500e-01   8.2686700e-01   3.6789722e+00   1.0000000e+00
   1.2000000e+01   0.0000000e+00   1.5467970e+00   8.2686700e-01   3.6789722e+00   1.0000000e+00
   1.3000000e+01   1.0000000e+00   5.5129100e-01   8.2686700e-01   3.6789722e+00   1.0000000e+00
   1.4000000e+01   0.0000000e+00   1.5149760e+00   8.2686700e-01   3.6789722e+00   1.0000000e+00
   1.5000000e+01   0.0000000e+00   1.7371140e+00   8.2686700e-01   3.6789722e+00   1.0000000e+00
   1.6000000e+01   0.0000000e+00   4.7267000e-01   8.2686700e-01   3.6789722e+00   1.0000000e+00
   1.7000000e+01   1.0000000e+00   4.6313200e-01   8.2686700e-01   3.6789722e+00   1.0000000e+00
   1.8000000e+01   0.0000000e+00   1.4735620e+00   8.2686700e-01   3.6789722e+00   1.0000000e+00
   1.9000000e+01   0.0000000e+00   1.8002370e+00   8.2686700e-01   3.6789722e+00   0.0000000e+00
   2.0000000e+01   0.0000000e+00   7.2406400e-01   8.2686700e-01   3.6789722e+00   0.0000000e+00
   2.1000000e+01   0.0000000e+00   4.9399800e-01   8.2686700e-01   3.6789722e+00   0.0000000e+00
   2.2000000e+01   1.0000000e+00   1.4526370e+00   8.2686700e-01   3.6789722e+00   0.0000000e+00
   2.3000000e+01   0.0000000e+00   1.7620730e+00   8.2686700e-01   3.6789722e+00   0.0000000e+00
   2.4000000e+01   1.0000000e+00   1.0203070e+00   8.2686700e-01   3.6789722e+00   1.0000000e+00
   2.5000000e+01   0.0000000e+00   7.4589300e-01   8.2686700e-01   3.6789722e+00   0.0000000e+00
   2.6000000e+01   0.0000000e+00   8.1731600e-01   8.2686700e-01   3.6789722e+00   1.0000000e+00
   2.7000000e+01   0.0000000e+00   5.2456200e-01   8.2686700e-01   3.6789722e+00   1.0000000e+00
   2.8000000e+01   0.0000000e+00   7.2831700e-01   8.2686700e-01   3.6789722e+00   0.0000000e+00
   2.9000000e+01   1.0000000e+00   6.1627600e-01   8.2686700e-01   3.6789722e+00   0.0000000e+00
   3.0000000e+01   0.0000000e+00   1.3441860e+00   8.2686700e-01   3.6789722e+00   0.0000000e+00
   3.1000000e+01   0.0000000e+00   1.3721800e+00   8.2686700e-01   3.6789722e+00   0.0000000e+00
   3.2000000e+01   0.0000000e+00   1.1667580e+00   8.2686700e-01   3.6789722e+00   1.0000000e+00
   3.3000000e+01   0.0000000e+00   1.3311390e+00   8.2686700e-01   3.6789722e+00   1.0000000e+00
   3.4000000e+01   1.0000000e+00   6.3774400e-01   8.2686700e-01   3.6789722e+00   1.0000000e+00
   3.5000000e+01   0.0000000e+00   5.1560700e-01   8.2686700e-01   3.6789722e+00   0.0000000e+00
   3.6000000e+01   1.0000000e+00   4.4110400e-01   8.2686700e-01   3.6789722e+00   0.0000000e+00
   3.7000000e+01   0.0000000e+00   4.6562100e-01   8.2686700e-01   3.6789722e+00   1.0000000e+00
   3.8000000e+01   0.0000000e+00   4.8050400e-01   8.2686700e-01   3.6789722e+00   0.0000000e+00
   3.9000000e+01   1.0000000e+00   5.9672800e-01   8.2686700e-01   3.6789722e+00   0.0000000e+00
   4.0000000e+01   0.0000000e+00   1.1363910e+00   8.2686700e-01   3.6789722e+00   1.0000000e+00
   4.1000000e+01   0.0000000e+00   1.0513770e+00   8.2686700e-01   3.6789722e+00   0.0000000e+00
   4.2000000e+01   1.0000000e+00   1.7963290e+00   8.2686700e-01   3.6789722e+00   1.0000000e+00
   4.3000000e+01   0.0000000e+00   5.1024100e-01   8.2686700e-01   3.6789722e+00   1.0000000e+00
   4.4000000e+01   0.0000000e+00   1.7113690e+00   8.2686700e-01   3.6789722e+00   1.0000000e+00
   4.5000000e+01   0.0000000e+00   7.3535400e-01   8.2686700e-01   3.6789722e+00   0.0000000e+00
   4.6000000e+01   0.0000000e+00   1.1489190e+00   8.2686700e-01   3.6789722e+00   0.0000000e+00
   4.7000000e+01   0.0000000e+00   5.1247100e-01   8.2686700e-01   3.6789722e+00   0.0000000e+00
   4.8000000e+01   1.0000000e+00   2.5876690e+00   8.2686700e-01   3.6789722e+00   0.0000000e+00
   4.9000000e+01   0.0000000e+00   7.5391000e-01   8.2686700e-01   3.6789722e+00   1.0000000e+00
   5.0000000e+01   1.0000000e+00   9.8301200e-01   8.2686700e-01   3.6789722e+00   1.0000000e+00
   5.1000000e+01   0.0000000e+00   4.5011900e-01   8.2686700e-01   3.6789722e+00   1.0000000e+00
   5.2000000e+01   0.0000000e+00   1.5506200e+00   8.2686700e-01   3.6789722e+00   0.0000000e+00
   5.3000000e+01   1.0000000e+00   1.0280380e+00   8.2686700e-01   3.6789722e+00   1.0000000e+00
   5.4000000e+01   0.0000000e+00   7.0598100e-01   8.2686700e-01   3.6789722e+00   0.0000000e+00
   5.5000000e+01   1.0000000e+00   5.9548600e-01   8.2686700e-01   3.6789722e+00   0.0000000e+00
   5.6000000e+01   1.0000000e+00   4.7246500e-01   8.2686700e-01   3.6789722e+00   1.0000000e+00
   5.7000000e+01   0.0000000e+00   5.5199500e-01   8.2686700e-01   3.6789722e+00   1.0000000e+00
   5.8000000e+01   0.0000000e+00   7.1972100e-01   8.2686700e-01   3.6789722e+00   1.0000000e+00
   5.9000000e+01   1.0000000e+00   7.6284000e-01   8.2686700e-01   3.6789722e+00   0.0000000e+00
   6.0000000e+01   0.0000000e+00   6.8963500e-01   8.2686700e-01   3.6789722e+00   0.0000000e+00
   6.1000000e+01   1.0000000e+00   5.5008400e-01   8.2686700e-01   3.6789722e+00   0.0000000e+00
   6.2000000e+01   0.0000000e+00   1.1731680e+00   8.2686700e-01   3.6789722e+00   0.0000000e+00
   6.3000000e+01   0.0000000e+00   8.5420200e-01   8.2686700e-01   3.6789722e+00   1.0000000e+00
   6.4000000e+01   0.0000000e+00   9.4815800e-01   8.2686700e-01   3.6789722e+00   0.0000000e+00
   6.5000000e+01   0.0000000e+00   7.8805600e-01   8.2686700e-01   3.6789722e+00   1.0000000e+00
   6.6000000e+01   1.0000000e+00   6.8920000e-01   8.2686700e-01   3.6789722e+00   1.0000000e+00
   6.7000000e+01   0.0000000e+00   9.8255400e-01   8.2686700e-01   3.6789722e+00   1.0000000e+00
   6.8000000e+01   1.0000000e+00   2.0657880e+00   8.2686700e-01   3.6789722e+00   1.0000000e+00
   6.9000000e+01   0.0000000e+00   5.4138500e-01   8.2686700e-01   3.6789722e+00   0.0000000e+00
   7.0000000e+01   0.0000000e+00   8.5469800e-01   8.2686700e-01   3.6789722e+00   1.0000000e+00
   7.1000000e+01   1.0000000e+00   6.3821000e-01   8.2686700e-01   3.6789722e+00   0.0000000e+00
   7.2000000e+01   0.0000000e+00   5.4711700e-01   8.2686700e-01   3.6789722e+00   1.0000000e+00
   7.3000000e+01   0.0000000e+00   5.0723100e-01   8.2686700e-01   3.6789722e+00   0.0000000e+00
   7.4000000e+01   0.0000000e+00   7.5098800e-01   8.2686700e-01   3.6789722e+00   1.0000000e+00
   7.5000000e+01   1.0000000e+00   7.3207000e-01   8.2686700e-01   3.6789722e+00   1.0000000e+00
   7.6000000e+01   0.0000000e+00   1.6048890e+00   8.2686700e-01   3.6789722e+00   0.0000000e+00
   7.7000000e+01   0.0000000e+00   7.4306200e-01   8.2686700e-01   3.6789722e+00   1.0000000e+00
   7.8000000e+01   1.0000000e+00   7.3396200e-01   8.2686700e-01   3.6789722e+00   0.0000000e+00
   7.9000000e+01   0.0000000e+00   6.4096500e-01   8.2686700e-01   3.6789722e+00   0.0000000e+00
   8.0000000e+01   1.0000000e+00   7.7814200e-01   8.2686700e-01   3.6789722e+00   0.0000000e+00
   8.1000000e+01   0.0000000e+00   9.2711700e-01   8.2686700e-01   3.6789722e+00   0.0000000e+00
   8.2000000e+01   0.0000000e+00   4.7963300e-01   8.2686700e-01   3.6789722e+00   1.0000000e+00
   8.3000000e+01   0.0000000e+00   9.2965300e-01   8.2686700e-01   3.6789722e+00   1.0000000e+00
   8.4000000e+01   0.0000000e+00   9.0530700e-01   8.2686700e-01   3.6789722e+00   1.0000000e+00
   8.5000000e+01   0.0000000e+00   1.1731820e+00   8.2686700e-01   3.6789722e+00   0.0000000e+00
   8.6000000e+01   1.0000000e+00   4.5497200e-01   8.2686700e-01   3.6789722e+00   1.0000000e+00
   8.7000000e+01   0.0000000e+00   9.5459900e-01   8.2686700e-01   3.6789722e+00   0.0000000e+00
   8.8000000e+01   0.0000000e+00   5.4044900e-01   8.2686700e-01   3.6789722e+00   1.0000000e+00
   8.9000000e+01   0.0000000e+00   6.3647000e-01   8.2686700e-01   3.6789722e+00   0.0000000e+00
   9.0000000e+01   0.0000000e+00   4.6280000e-01   8.2686700e-01   3.6789722e+00   0.0000000e+00
   9.1000000e+01   0.0000000e+00   6.0018600e-01   8.2686700e-01   3.6789722e+00   0.0000000e+00
   9.2000000e+01   1.0000000e+00   4.4836400e-01   8.2686700e-01   3.6789722e+00   0.0000000e+00
   9.3000000e+01   0.0000000e+00   6.0540700e-01   8.2686700e-01   3.6789722e+00   0.0000000e+00
   9.4000000e+01   1.0000000e+00   6.7347300e-01   8.2686700e-01   3.6789722e+00   1.0000000e+00
   9.5000000e+01   0.0000000e+00   1.1354050e+00   8.2686700e-01   3.6789722e+00   1.0000000e+00
   9.6000000e+01   1.0000000e+00   4.5647300e-01   8.2686700e-01   3.6789722e+00   0.0000000e+00
   9.7000000e+01   0.0000000e+00   7.9306800e-01   8.2686700e-01   3.6789722e+00   1.0000000e+00
   9.8000000e+01   1.0000000e+00   6.2905900e-01   8.2686700e-01   3.6789722e+00   1.0000000e+00
   9.9000000e+01   0.0000000e+00   1.0773710e+00   8.2686700e-01   3.6789722e+00   1.0000000e+00
   1.0000000e+02   0.0000000e+00   6.4460600e-01   8.2686700e-01   3.6789722e+00   1.0000000e+00
   1.0100000e+02   0.0000000e+00   5.5409700e-01   8.2686700e-01   3.6789722e+00   0.0000000e+00
   1.0200000e+02   1.0000000e+00   1.1282340e+00   8.2686700e-01   3.6789722e+00   1.0000000e+00
   1.0300000e+02   0.0000000e+00   2.6696080e+00   8.2686700e-01   3.6789722e+00   0.0000000e+00
   1.0400000e+02   0.0000000e+00   1.3358370e+00   8.2686700e-01   3.6789722e+00   1.0000000e+00
   1.0500000e+02   0.0000000e+00   4.4444300e-01   8.2686700e-01   3.6789722e+00   0.0000000e+00
   1.0600000e+02   0.0000000e+00   1.6275390e+00   8.2686700e-01   3.6789722e+00   1.0000000e+00
   1.0700000e+02   0.0000000e+00   7.7503400e-01   8.2686700e-01   3.6789722e+00   0.0000000e+00
   1.0800000e+02   1.0000000e+00   1.4821410e+00   8.2686700e-01   3.6789722e+00   0.0000000e+00
   1.0900000e+02   1.0000000e+00   8.1111800e-01   8.2686700e-01   3.6789722e+00   1.0000000e+00
   1.1000000e+02   0.0000000e+00   1.9554360e+00   8.2686700e-01   3.6789722e+00   1.0000000e+00
   1.1100000e+02   1.0000000e+00   4.3910100e-01   8.2686700e-01   3.6789722e+00   0.0000000e+00
   1.1200000e+02   0.0000000e+00   5.4974500e-01   8.2686700e-01   3.6789722e+00   0.0000000e+00
   1.1300000e+02   0.0000000e+00   1.5891420e+00   8.2686700e-01   3.6789722e+00   0.0000000e+00
   1.1400000e+02   0.0000000e+00   1.1494760e+00   8.2686700e-01   3.6789722e+00   1.0000000e+00
   1.1500000e+02   0.0000000e+00   1.1634370e+00   8.2686700e-01   3.6789722e+00   0.0000000e+00
   1.1600000e+02   1.0000000e+00   1.7785320e+00   8.2686700e-01   3.6789722e+00   0.0000000e+00
   1.1700000e+02   0.0000000e+00   1.3858190e+00   8.2686700e-01   3.6789722e+00   1.0000000e+00
   1.1800000e+02   1.0000000e+00   1.3350360e+00   8.2686700e-01   3.6789722e+00   1.0000000e+00
   1.1900000e+02   0.0000000e+00   4.8776600e-01   8.2686700e-01   3.6789722e+00   1.0000000e+00
   1.2000000e+02   0.0000000e+00   2.1323130e+00   8.2686700e-01   3.6789722e+00   1.0000000e+00
   1.2100000e+02   1.0000000e+00   9.5126300e-01   8.2686700e-01   3.6789722e+00   0.0000000e+00
   1.2200000e+02   0.0000000e+00   1.0510240e+00   8.2686700e-01   3.6789722e+00   1.0000000e+00
   1.2300000e+02   0.0000000e+00   7.3015000e-01   8.2686700e-01   3.6789722e+00   1.0000000e+00
   1.2400000e+02   1.0000000e+00   8.8542700e-01   8.2686700e-01   3.6789722e+00   1.0000000e+00
   1.2500000e+02   0.0000000e+00   5.7993100e-01   8.2686700e-01   3.6789722e+00   1.0000000e+00
   1.2600000e+02   0.0000000e+00   9.8361000e-01   8.2686700e-01   3.6789722e+00   0.0000000e+00
   1.2700000e+02   0.0000000e+00   7.6232300e-01   8.2686700e-01   3.6789722e+00   1.0000000e+00
   1.2800000e+02   0.0000000e+00   7.2227400e-01   8.2686700e-01   3.6789722e+00   0.0000000e+00
   1.2900000e+02   0.0000000e+00   1.1376850e+00   8.2686700e-01   3.6789722e+00   0.0000000e+00
   1.3000000e+02   0.0000000e+00   4.5859300e-01   8.2686700e-01   3.6789722e+00   0.0000000e+00
   1.3100000e+02   0.0000000e+00   8.4269300e-01   8.2686700e-01   3.6789722e+00   1.0000000e+00
   1.3200000e+02   0.0000000e+00   5.3807700e-01   8.2686700e-01   3.6789722e+00   1.0000000e+00
   1.3300000e+02   0.0000000e+00   6.1952900e-01   8.2686700e-01   3.6789722e+00   0.0000000e+00
   1.3400000e+02   1.0000000e+00   8.2994800e-01   8.2686700e-01   3.6789722e+00   1.0000000e+00
   1.3500000e+02   1.0000000e+00   5.1395600e-01   8.2686700e-01   3.6789722e+00   0.0000000e+00
   1.3600000e+02   0.0000000e+00   8.3555600e-01   8.2686700e-01   3.6789722e+00   0.0000000e+00
