   1.0000000e+00   0.0000000e+00   2.9696970e+00   8.2203000e-01   2.8366310e+00   0.0000000e+00
   2.0000000e+00   0.0000000e+00   8.2550300e-01   8.2203000e-01   2.8366310e+00   1.0000000e+00
   3.0000000e+00   1.0000000e+00   4.9101200e-01   8.2203000e-01   2.8366310e+00   1.0000000e+00
   4.0000000e+00   0.0000000e+00   9.4629400e-01   8.2203000e-01   2.8366310e+00   0.0000000e+00
   5.0000000e+00   0.0000000e+00   1.9632920e+00   8.2203000e-01   2.8366310e+00   0.0000000e+00
   6.0000000e+00   0.0000000e+00   6.0162400e-01   8.2203000e-01   2.8366310e+00   1.0000000e+00
   7.0000000e+00   0.0000000e+00   7.2508200e-01   8.2203000e-01   2.8366310e+00   0.0000000e+00
   8.0000000e+00   0.0000000e+00   8.2472000e-01   8.2203000e-01   2.8366310e+00   0.0000000e+00
   9.0000000e+00   1.0000000e+00   9.8806200e-01   8.2203000e-01   2.8366310e+00   0.0000000e+00
   1.0000000e+01   0.0000000e+00   5.7154800e-01   8.2203000e-01   2.8366310e+00   0.0000000e+00
   1.1000000e+01   1.0000000e+00   5.6853300e-01   8.2203000e-01   2.8366310e+00   1.0000000e+00
   1.2000000e+01   0.0000000e+00   2.0050910e+00   8.2203000e-01   2.8366310e+00   1.0000000e+00
   1.3000000e+01   0.0000000e+00   7.2580000e-01   8.2203000e-01   2.8366310e+00   1.0000000e+00
   1.4000000e+01   0.0000000e+00   6.4120100e-01   8.2203000e-01   2.8366310e+00   1.0000000e+00
   1.5000000e+01   0.0000000e+00   9.8323700e-01   8.2203000e-01   2.8366310e+00   1.0000000e+00
   1.6000000e+01   0.0000000e+00   5.5391200e-01   8.2203000e-01   2.8366310e+00   0.0000000e+00
   1.7000000e+01   1.0000000e+00   7.3897300e-01   8.2203000e-01   2.8366310e+00   0.0000000e+00
   1.8000000e+01   0.0000000e+00   2.0653940e+00   8.2203000e-01   2.8366310e+00   1.0000000e+00
   1.9000000e+01   0.0000000e+00   1.0998530e+00   8.2203000e-01   2.8366310e+00   0.0000000e+00
   2.0000000e+01   0.0000000e+00   1.5419910e+00   8.2203000e-01   2.8366310e+00   0.0000000e+00
   2.1000000e+01   1.0000000e+00   1.3940140e+00   8.2203000e-01   2.8366310e+00   0.0000000e+00
   2.2000000e+01   0.0000000e+00   1.7968510e+00   8.2203000e-01   2.8366310e+00   0.0000000e+00
   2.3000000e+01   1.0000000e+00   8.8550100e-01   8.2203000e-01   2.8366310e+00   1.0000000e+00
   2.4000000e+01   0.0000000e+00   6.7184700e-01   8.2203000e-01   2.8366310e+00   1.0000000e+00
   2.5000000e+01   1.0000000e+00   4.5351500e-01   8.2203000e-01   2.8366310e+00   0.0000000e+00
   2.6000000e+01   0.0000000e+00   1.1180680e+00   8.2203000e-01   2.8366310e+00   1.0000000e+00
   2.7000000e+01   0.0000000e+00   1.6988890e+00   8.2203000e-01   2.8366310e+00   1.0000000e+00
   2.8000000e+01   1.0000000e+00   4.8047100e-01   8.2203000e-01   2.8366310e+00   1.0000000e+00
   2.9000000e+01   0.0000000e+00   5.8442100e-01   8.2203000e-01   2.8366310e+00   1.0000000e+00
   3.0000000e+01   0.0000000e+00   1.6213620e+00   8.2203000e-01   2.8366310e+00   0.0000000e+00
   3.1000000e+01   0.0000000e+00   6.3522800e-01   8.2203000e-01   2.8366310e+00   0.0000000e+00
   3.2000000e+01   1.0000000e+00   8.0811800e-01   8.2203000e-01   2.8366310e+00   0.0000000e+00
   3.3000000e+01   0.0000000e+00   4.3603700e-01   8.2203000e-01   2.8366310e+00   1.0000000e+00
   3.4000000e+01   1.0000000e+00   8.6347700e-01   8.2203000e-01   2.8366310e+00   1.0000000e+00
   3.5000000e+01   0.0000000e+00   8.5035600e-01   8.2203000e-01   2.8366310e+00   0.0000000e+00
   3.6000000e+01   1.0000000e+00   1.1267290e+00   8.2203000e-01   2.8366310e+00   1.0000000e+00
   3.7000000e+01   0.0000000e+00   6.1770800e-01   8.2203000e-01   2.8366310e+00   0.0000000e+00
   3.8000000e+01   1.0000000e+00   1.7988950e+00   8.2203000e-01   2.8366310e+00   0.0000000e+00
   3.9000000e+01   0.0000000e+00   1.0389670e+00   8.2203000e-01   2.8366310e+00   1.0000000e+00
   4.0000000e+01   0.0000000e+00   8.8880300e-01   8.2203000e-01   2.8366310e+00   1.0000000e+00
   4.1000000e+01   0.0000000e+00   4.9854700e-01   8.2203000e-01   2.8366310e+00   1.0000000e+00
   4.2000000e+01   0.0000000e+00   5.4397400e-01   8.2203000e-01   2.8366310e+00   0.0000000e+00
   4.3000000e+01   0.0000000e+00   7.5392000e-01   8.2203000e-01   2.8366310e+00   0.0000000e+00
   4.4000000e+01   1.0000000e+00   4.7417300e-01   8.2203000e-01   2.8366310e+00   1.0000000e+00
   4.5000000e+01   0.0000000e+00   6.5055100e-01   8.2203000e-01   2.8366310e+00   0.0000000e+00
   4.6000000e+01   1.0000000e+00   6.6934900e-01   8.2203000e-01   2.8366310e+00   0.0000000e+00
   4.7000000e+01   1.0000000e+00   1.6844000e+00   8.2203000e-01   2.8366310e+00   0.0000000e+00
   4.8000000e+01   0.0000000e+00   4.9461300e-01   8.2203000e-01   2.8366310e+00   0.0000000e+00
   4.9000000e+01   0.0000000e+00   7.0250800e-01   8.2203000e-01   2.8366310e+00   0.0000000e+00
   5.0000000e+01   0.0000000e+00   7.9338500e-01   8.2203000e-01   2.8366310e+00   0.0000000e+00
   5.1000000e+01   0.0000000e+00   7.3996400e-01   8.2203000e-01   2.8366310e+00   1.0000000e+00
   5.2000000e+01   1.0000000e+00   5.4060700e-01   8.2203000e-01   2.8366310e+00   1.0000000e+00
   5.3000000e+01   0.0000000e+00   1.2218610e+00   8.2203000e-01   2.8366310e+00   0.0000000e+00
   5.4000000e+01   1.0000000e+00   1.1983150e+00   8.2203000e-01   2.8366310e+00   0.0000000e+00
   5.5000000e+01   0.0000000e+00   1.3465440e+00   8.2203000e-01   2.8366310e+00   1.0000000e+00
   5.6000000e+01   0.0000000e+00   1.5569700e+00   8.2203000e-01   2.8366310e+00   1.0000000e+00
   5.7000000e+01   0.0000000e+00   6.1314200e-01   8.2203000e-01   2.8366310e+00   1.0000000e+00
   5.8000000e+01   0.0000000e+00   1.1552720e+00   8.2203000e-01   2.8366310e+00   1.0000000e+00
   5.9000000e+01   1.0000000e+00   9.3228400e-01   8.2203000e-01   2.8366310e+00   1.0000000e+00
   6.0000000e+01   1.0000000e+00   1.0591980e+00   8.2203000e-01   2.8366310e+00   1.0000000e+00
   6.1000000e+01   0.0000000e+00   6.0633100e-01   8.2203000e-01   2.8366310e+00   1.0000000e+00
   6.2000000e+01   1.0000000e+00   6.9262400e-01   8.2203000e-01   2.8366310e+00   0.0000000e+00
   6.3000000e+01   0.0000000e+00   9.5105700e-01   8.2203000e-01   2.8366310e+00   0.0000000e+00
   6.4000000e+01   0.0000000e+00   4.6977000e-01   8.2203000e-01   2.8366310e+00   1.0000000e+00
   6.5000000e+01   0.0000000e+00   2.0067720e+00   8.2203000e-01   2.8366310e+00   1.0000000e+00
   6.6000000e+01   1.0000000e+00   7.1949500e-01   8.2203000e-01   2.8366310e+00   0.0000000e+00
   6.7000000e+01   0.0000000e+00   5.8266500e-01   8.2203000e-01   2.8366310e+00   0.0000000e+00
   6.8000000e+01   0.0000000e+00   8.8681200e-01   8.2203000e-01   2.8366310e+00   1.0000000e+00
   6.9000000e+01   0.0000000e+00   6.2848000e-01   8.2203000e-01   2.8366310e+00   1.0000000e+00
   7.0000000e+01   1.0000000e+00   4.5123400e-01   8.2203000e-01   2.8366310e+00   1.0000000e+00
   7.1000000e+01   0.0000000e+00   8.4601900e-01   8.2203000e-01   2.8366310e+00   0.0000000e+00
   7.2000000e+01   0.0000000e+00   4.7976300e-01   8.2203000e-01   2.8366310e+00   1.0000000e+00
   7.3000000e+01   0.0000000e+00   9.0823500e-01   8.2203000e-01   2.8366310e+00   1.0000000e+00
   7.4000000e+01   0.0000000e+00   2.0568970e+00   8.2203000e-01   2.8366310e+00   0.0000000e+00
   7.5000000e+01   0.0000000e+00   7.0947600e-01   8.2203000e-01   2.8366310e+00   0.0000000e+00
   7.6000000e+01   0.0000000e+00   5.6324800e-01   8.2203000e-01   2.8366310e+00   0.0000000e+00
   7.7000000e+01   0.0000000e+00   5.3010500e-01   8.2203000e-01   2.8366310e+00   0.0000000e+00
   7.8000000e+01   0.0000000e+00   4.9328000e-01   8.2203000e-01   2.8366310e+00   1.0000000e+00
   7.9000000e+01   0.0000000e+00   1.0145400e+00   8.2203000e-01   2.8366310e+00   0.0000000e+00
   8.0000000e+01   1.0000000e+00   4.8907100e-01   8.2203000e-01   2.8366310e+00   0.0000000e+00
   8.1000000e+01   0.0000000e+00   6.2952700e-01   8.2203000e-01   2.8366310e+00   1.0000000e+00
   8.2000000e+01   0.0000000e+00   1.0588280e+00   8.2203000e-01   2.8366310e+00   0.0000000e+00
   8.3000000e+01   0.0000000e+00   4.8880000e-01   8.2203000e-01   2.8366310e+00   0.0000000e+00
   8.4000000e+01   1.0000000e+00   1.7794160e+00   8.2203000e-01   2.8366310e+00   1.0000000e+00
   8.5000000e+01   1.0000000e+00   1.6909700e+00   8.2203000e-01   2.8366310e+00   1.0000000e+00
   8.6000000e+01   0.0000000e+00   6.1459700e-01   8.2203000e-01   2.8366310e+00   1.0000000e+00
   8.7000000e+01   0.0000000e+00   9.6262100e-01   8.2203000e-01   2.8366310e+00   0.0000000e+00
   8.8000000e+01   0.0000000e+00   5.7722500e-01   8.2203000e-01   2.8366310e+00   1.0000000e+00
   8.9000000e+01   1.0000000e+00   1.1085260e+00   8.2203000e-01   2.8366310e+00   0.0000000e+00
   9.0000000e+01   0.0000000e+00   7.9337500e-01   8.2203000e-01   2.8366310e+00   1.0000000e+00
   9.1000000e+01   0.0000000e+00   1.1502910e+00   8.2203000e-01   2.8366310e+00   1.0000000e+00
   9.2000000e+01   0.0000000e+00   7.0104600e-01   8.2203000e-01   2.8366310e+00   1.0000000e+00
   9.3000000e+01   1.0000000e+00   4.3867900e-01   8.2203000e-01   2.8366310e+00   1.0000000e+00
   9.4000000e+01   0.0000000e+00   1.2261360e+00   8.2203000e-01   2.8366310e+00   0.0000000e+00
   9.5000000e+01   1.0000000e+00   7.6943100e-01   8.2203000e-01   2.8366310e+00   0.0000000e+00
   9.6000000e+01   0.0000000e+00   5.0358700e-01   8.2203000e-01   2.8366310e+00   1.0000000e+00
   9.7000000e+01   0.0000000e+00   9.0752100e-01   8.2203000e-01   2.8366310e+00   0.0000000e+00
   9.8000000e+01   0.0000000e+00   8.6336300e-01   8.2203000e-01   2.8366310e+00   0.0000000e+00
   9.9000000e+01   0.0000000e+00   7.9015800e-01   8.2203000e-01   2.8366310e+00   0.0000000e+00
   1.0000000e+02   1.0000000e+00   4.6159300e-01   8.2203000e-01   2.8366310e+00   1.0000000e+00
   1.0100000e+02   0.0000000e+00   7.6605300e-01   8.2203000e-01   2.8366310e+00   1.0000000e+00
   1.0200000e+02   1.0000000e+00   4.7672100e-01   8.2203000e-01   2.8366310e+00   0.0000000e+00
   1.0300000e+02   0.0000000e+00   6.0604300e-01   8.2203000e-01   2.8366310e+00   1.0000000e+00
   1.0400000e+02   1.0000000e+00   4.5443500e-01   8.2203000e-01   2.8366310e+00   0.0000000e+00
   1.0500000e+02   0.0000000e+00   7.5432600e-01   8.2203000e-01   2.8366310e+00   0.0000000e+00
   1.0600000e+02   0.0000000e+00   6.8632800e-01   8.2203000e-01   2.8366310e+00   0.0000000e+00
   1.0700000e+02   0.0000000e+00   1.4413910e+00   8.2203000e-01   2.8366310e+00   0.0000000e+00
   1.0800000e+02   0.0000000e+00   8.7951400e-01   8.2203000e-01   2.8366310e+00   1.0000000e+00
   1.0900000e+02   0.0000000e+00   1.4343690e+00   8.2203000e-01   2.8366310e+00   1.0000000e+00
   1.1000000e+02   0.0000000e+00   1.4565410e+00   8.2203000e-01   2.8366310e+00   1.0000000e+00
   1.1100000e+02   0.0000000e+00   1.5607650e+00   8.2203000e-01   2.8366310e+00   1.0000000e+00
   1.1200000e+02   1.0000000e+00   4.6342200e-01   8.2203000e-01   2.8366310e+00   1.0000000e+00
   1.1300000e+02   0.0000000e+00   1.2469110e+00   8.2203000e-01   2.8366310e+00   0.0000000e+00
   1.1400000e+02   0.0000000e+00   1.5509080e+00   8.2203000e-01   2.8366310e+00   1.0000000e+00
   1.1500000e+02   0.0000000e+00   1.0980860e+00   8.2203000e-01   2.8366310e+00   1.0000000e+00
   1.1600000e+02   0.0000000e+00   6.0926800e-01   8.2203000e-01   2.8366310e+00   1.0000000e+00
   1.1700000e+02   0.0000000e+00   5.6281400e-01   8.2203000e-01   2.8366310e+00   0.0000000e+00
   1.1800000e+02   1.0000000e+00   1.4372570e+00   8.2203000e-01   2.8366310e+00   0.0000000e+00
   1.1900000e+02   0.0000000e+00   7.0886500e-01   8.2203000e-01   2.8366310e+00   1.0000000e+00
   1.2000000e+02   0.0000000e+00   1.3242050e+00   8.2203000e-01   2.8366310e+00   0.0000000e+00
   1.2100000e+02   1.0000000e+00   1.2495370e+00   8.2203000e-01   2.8366310e+00   1.0000000e+00
   1.2200000e+02   0.0000000e+00   1.5572170e+00   8.2203000e-01   2.8366310e+00   1.0000000e+00
   1.2300000e+02   0.0000000e+00   1.7465440e+00   8.2203000e-01   2.8366310e+00   1.0000000e+00
   1.2400000e+02   1.0000000e+00   1.1626260e+00   8.2203000e-01   2.8366310e+00   1.0000000e+00
   1.2500000e+02   0.0000000e+00   1.2180110e+00   8.2203000e-01   2.8366310e+00   0.0000000e+00
   1.2600000e+02   0.0000000e+00   1.1084430e+00   8.2203000e-01   2.8366310e+00   1.0000000e+00
   1.2700000e+02   1.0000000e+00   4.5693900e-01   8.2203000e-01   2.8366310e+00   0.0000000e+00
   1.2800000e+02   0.0000000e+00   4.8570800e-01   8.2203000e-01   2.8366310e+00   0.0000000e+00
   1.2900000e+02   0.0000000e+00   4.4405200e-01   8.2203000e-01   2.8366310e+00   0.0000000e+00
   1.3000000e+02   1.0000000e+00   7.8797900e-01   8.2203000e-01   2.8366310e+00   1.0000000e+00
   1.3100000e+02   0.0000000e+00   5.3247100e-01   8.2203000e-01   2.8366310e+00   0.0000000e+00
   1.3200000e+02   1.0000000e+00   7.9539900e-01   8.2203000e-01   2.8366310e+00   0.0000000e+00
   1.3300000e+02   0.0000000e+00   7.5563800e-01   8.2203000e-01   2.8366310e+00   0.0000000e+00
   1.3400000e+02   0.0000000e+00   7.6183000e-01   8.2203000e-01   2.8366310e+00   0.0000000e+00
   1.3500000e+02   1.0000000e+00   1.0819380e+00   8.2203000e-01   2.8366310e+00   0.0000000e+00
   1.3600000e+02   1.0000000e+00   6.6622800e-01   8.2203000e-01   2.8366310e+00   1.0000000e+00
