   1.0000000e+00   0.0000000e+00   1.6626640e+00   8.2773000e-01   3.1868234e+00   1.0000000e+00
   2.0000000e+00   0.0000000e+00   7.4555900e-01   8.2773000e-01   3.1868234e+00   1.0000000e+00
   3.0000000e+00   0.0000000e+00   7.8619500e-01   8.2773000e-01   3.1868234e+00   1.0000000e+00
   4.0000000e+00   0.0000000e+00   9.6412300e-01   8.2773000e-01   3.1868234e+00   1.0000000e+00
   5.0000000e+00   0.0000000e+00   1.3044140e+00   8.2773000e-01   3.1868234e+00   1.0000000e+00
   6.0000000e+00   1.0000000e+00   7.9390600e-01   8.2773000e-01   3.1868234e+00   1.0000000e+00
   7.0000000e+00   0.0000000e+00   1.1885700e+00   8.2773000e-01   3.1868234e+00   0.0000000e+00
   8.0000000e+00   0.0000000e+00   8.6186700e-01   8.2773000e-01   3.1868234e+00   1.0000000e+00
   9.0000000e+00   0.0000000e+00   4.3555400e-01   8.2773000e-01   3.1868234e+00   1.0000000e+00
   1.0000000e+01   0.0000000e+00   1.3058430e+00   8.2773000e-01   3.1868234e+00   1.0000000e+00
   1.1000000e+01   1.0000000e+00   1.3251790e+00   8.2773000e-01   3.1868234e+00   0.0000000e+00
   1.2000000e+01   0.0000000e+00   5.1626200e-01   8.2773000e-01   3.1868234e+00   0.0000000e+00
   1.3000000e+01   1.0000000e+00   6.7240300e-01   8.2773000e-01   3.1868234e+00   1.0000000e+00
   1.4000000e+01   1.0000000e+00   5.8631200e-01   8.2773000e-01   3.1868234e+00   0.0000000e+00
   1.5000000e+01   0.0000000e+00   7.4549500e-01   8.2773000e-01   3.1868234e+00   0.0000000e+00
   1.6000000e+01   0.0000000e+00   1.0561920e+00   8.2773000e-01   3.1868234e+00   1.0000000e+00
   1.7000000e+01   0.0000000e+00   6.6261600e-01   8.2773000e-01   3.1868234e+00   0.0000000e+00
   1.8000000e+01   1.0000000e+00   4.4150400e-01   8.2773000e-01   3.1868234e+00   0.0000000e+00
   1.9000000e+01   0.0000000e+00   1.4872990e+00   8.2773000e-01   3.1868234e+00   0.0000000e+00
   2.0000000e+01   0.0000000e+00   7.3435200e-01   8.2773000e-01   3.1868234e+00   0.0000000e+00
   2.1000000e+01   1.0000000e+00   9.3414600e-01   8.2773000e-01   3.1868234e+00   1.0000000e+00
   2.2000000e+01   0.0000000e+00   1.7426190e+00   8.2773000e-01   3.1868234e+00   0.0000000e+00
   2.3000000e+01   0.0000000e+00   6.0030400e-01   8.2773000e-01   3.1868234e+00   0.0000000e+00
   2.4000000e+01   1.0000000e+00   6.8583900e-01   8.2773000e-01   3.1868234e+00   0.0000000e+00
   2.5000000e+01   0.0000000e+00   1.5534200e+00   8.2773000e-01   3.1868234e+00   0.0000000e+00
   2.6000000e+01   0.0000000e+00   6.3401200e-01   8.2773000e-01   3.1868234e+00   1.0000000e+00
   2.7000000e+01   0.0000000e+00   1.0801200e+00   8.2773000e-01   3.1868234e+00   1.0000000e+00
   2.8000000e+01   1.0000000e+00   1.0107130e+00   8.2773000e-01   3.1868234e+00   1.0000000e+00
   2.9000000e+01   0.0000000e+00   7.9984300e-01   8.2773000e-01   3.1868234e+00   1.0000000e+00
   3.0000000e+01   0.0000000e+00   4.6574300e-01   8.2773000e-01   3.1868234e+00   0.0000000e+00
   3.1000000e+01   1.0000000e+00   1.0900720e+00   8.2773000e-01   3.1868234e+00   0.0000000e+00
   3.2000000e+01   0.0000000e+00   8.7335900e-01   8.2773000e-01   3.1868234e+00   0.0000000e+00
   3.3000000e+01   0.0000000e+00   1.4100560e+00   8.2773000e-01   3.1868234e+00   0.0000000e+00
   3.4000000e+01   0.0000000e+00   5.0996200e-01   8.2773000e-01   3.1868234e+00   1.0000000e+00
   3.5000000e+01   0.0000000e+00   1.9181480e+00   8.2773000e-01   3.1868234e+00   0.0000000e+00
   3.6000000e+01   0.0000000e+00   1.6063850e+00   8.2773000e-01   3.1868234e+00   1.0000000e+00
   3.7000000e+01   1.0000000e+00   5.3536800e-01   8.2773000e-01   3.1868234e+00   1.0000000e+00
   3.8000000e+01   0.0000000e+00   4.6088200e-01   8.2773000e-01   3.1868234e+00   1.0000000e+00
   3.9000000e+01   0.0000000e+00   9.0244600e-01   8.2773000e-01   3.1868234e+00   0.0000000e+00
   4.0000000e+01   1.0000000e+00   1.2823860e+00   8.2773000e-01   3.1868234e+00   1.0000000e+00
   4.1000000e+01   0.0000000e+00   1.3853890e+00   8.2773000e-01   3.1868234e+00   0.0000000e+00
   4.2000000e+01   1.0000000e+00   7.0342800e-01   8.2773000e-01   3.1868234e+00   0.0000000e+00
   4.3000000e+01   0.0000000e+00   5.1065400e-01   8.2773000e-01   3.1868234e+00   0.0000000e+00
   4.4000000e+01   0.0000000e+00   1.2675450e+00   8.2773000e-01   3.1868234e+00   1.0000000e+00
   4.5000000e+01   0.0000000e+00   9.5085900e-01   8.2773000e-01   3.1868234e+00   1.0000000e+00
   4.6000000e+01   0.0000000e+00   1.5708900e+00   8.2773000e-01   3.1868234e+00   0.0000000e+00
   4.7000000e+01   0.0000000e+00   6.0088400e-01   8.2773000e-01   3.1868234e+00   1.0000000e+00
   4.8000000e+01   1.0000000e+00   8.1054700e-01   8.2773000e-01   3.1868234e+00   1.0000000e+00
   4.9000000e+01   0.0000000e+00   9.1527700e-01   8.2773000e-01   3.1868234e+00   1.0000000e+00
   5.0000000e+01   0.0000000e+00   1.2834370e+00   8.2773000e-01   3.1868234e+00   1.0000000e+00
   5.1000000e+01   0.0000000e+00   5.9012800e-01   8.2773000e-01   3.1868234e+00   0.0000000e+00
   5.2000000e+01   0.0000000e+00   7.3206200e-01   8.2773000e-01   3.1868234e+00   0.0000000e+00
   5.3000000e+01   1.0000000e+00   5.4842500e-01   8.2773000e-01   3.1868234e+00   0.0000000e+00
   5.4000000e+01   0.0000000e+00   8.6202000e-01   8.2773000e-01   3.1868234e+00   0.0000000e+00
   5.5000000e+01   1.0000000e+00   1.3100310e+00   8.2773000e-01   3.1868234e+00   0.0000000e+00
   5.6000000e+01   0.0000000e+00   4.6021000e-01   8.2773000e-01   3.1868234e+00   0.0000000e+00
   5.7000000e+01   1.0000000e+00   1.3022960e+00   8.2773000e-01   3.1868234e+00   1.0000000e+00
   5.8000000e+01   0.0000000e+00   1.6675800e+00   8.2773000e-01   3.1868234e+00   0.0000000e+00
   5.9000000e+01   0.0000000e+00   7.1547000e-01   8.2773000e-01   3.1868234e+00   1.0000000e+00
   6.0000000e+01   1.0000000e+00   1.8410860e+00   8.2773000e-01   3.1868234e+00   0.0000000e+00
   6.1000000e+01   0.0000000e+00   4.5623500e-01   8.2773000e-01   3.1868234e+00   0.0000000e+00
   6.2000000e+01   1.0000000e+00   9.6944000e-01   8.2773000e-01   3.1868234e+00   1.0000000e+00
   6.3000000e+01   0.0000000e+00   5.6070300e-01   8.2773000e-01   3.1868234e+00   1.0000000e+00
   6.4000000e+01   0.0000000e+00   1.4307610e+00   8.2773000e-01   3.1868234e+00   0.0000000e+00
   6.5000000e+01   0.0000000e+00   2.2482060e+00   8.2773000e-01   3.1868234e+00   1.0000000e+00
   6.6000000e+01   0.0000000e+00   8.5311900e-01   8.2773000e-01   3.1868234e+00   1.0000000e+00
   6.7000000e+01   1.0000000e+00   5.1064200e-01   8.2773000e-01   3.1868234e+00   1.0000000e+00
   6.8000000e+01   0.0000000e+00   6.4846400e-01   8.2773000e-01   3.1868234e+00   0.0000000e+00
   6.9000000e+01   0.0000000e+00   6.9098200e-01   8.2773000e-01   3.1868234e+00   0.0000000e+00
   7.0000000e+01   0.0000000e+00   7.6928300e-01   8.2773000e-01   3.1868234e+00   0.0000000e+00
   7.1000000e+01   1.0000000e+00   6.1935000e-01   8.2773000e-01   3.1868234e+00   0.0000000e+00
   7.2000000e+01   0.0000000e+00   1.4903640e+00   8.2773000e-01   3.1868234e+00   1.0000000e+00
   7.3000000e+01   0.0000000e+00   6.1688000e-01   8.2773000e-01   3.1868234e+00   1.0000000e+00
   7.4000000e+01   1.0000000e+00   1.2482790e+00   8.2773000e-01   3.1868234e+00   0.0000000e+00
   7.5000000e+01   0.0000000e+00   4.4977600e-01   8.2773000e-01   3.1868234e+00   0.0000000e+00
   7.6000000e+01   1.0000000e+00   7.7363000e-01   8.2773000e-01   3.1868234e+00   1.0000000e+00
   7.7000000e+01   1.0000000e+00   6.5063700e-01   8.2773000e-01   3.1868234e+00   0.0000000e+00
   7.8000000e+01   0.0000000e+00   5.6746400e-01   8.2773000e-01   3.1868234e+00   0.0000000e+00
   7.9000000e+01   0.0000000e+00   1.2754080e+00   8.2773000e-01   3.1868234e+00   1.0000000e+00
   8.0000000e+01   0.0000000e+00   1.0750980e+00   8.2773000e-01   3.1868234e+00   0.0000000e+00
   8.1000000e+01   1.0000000e+00   6.5161300e-01   8.2773000e-01   3.1868234e+00   1.0000000e+00
   8.2000000e+01   0.0000000e+00   7.4101200e-01   8.2773000e-01   3.1868234e+00   0.0000000e+00
   8.3000000e+01   0.0000000e+00   4.8311100e-01   8.2773000e-01   3.1868234e+00   1.0000000e+00
   8.4000000e+01   0.0000000e+00   7.2876600e-01   8.2773000e-01   3.1868234e+00   0.0000000e+00
   8.5000000e+01   0.0000000e+00   1.3223600e+00   8.2773000e-01   3.1868234e+00   1.0000000e+00
   8.6000000e+01   1.0000000e+00   9.1570700e-01   8.2773000e-01   3.1868234e+00   1.0000000e+00
   8.7000000e+01   0.0000000e+00   1.5118000e+00   8.2773000e-01   3.1868234e+00   1.0000000e+00
   8.8000000e+01   1.0000000e+00   4.9489200e-01   8.2773000e-01   3.1868234e+00   0.0000000e+00
   8.9000000e+01   0.0000000e+00   9.5110300e-01   8.2773000e-01   3.1868234e+00   0.0000000e+00
   9.0000000e+01   0.0000000e+00   4.3840100e-01   8.2773000e-01   3.1868234e+00   1.0000000e+00
   9.1000000e+01   1.0000000e+00   4.4336800e-01   8.2773000e-01   3.1868234e+00   1.0000000e+00
   9.2000000e+01   0.0000000e+00   1.1105510e+00   8.2773000e-01   3.1868234e+00   0.0000000e+00
   9.3000000e+01   0.0000000e+00   5.0994100e-01   8.2773000e-01   3.1868234e+00   1.0000000e+00
   9.4000000e+01   0.0000000e+00   6.7626500e-01   8.2773000e-01   3.1868234e+00   0.0000000e+00
   9.5000000e+01   0.0000000e+00   7.6292300e-01   8.2773000e-01   3.1868234e+00   0.0000000e+00
   9.6000000e+01   0.0000000e+00   6.0893100e-01   8.2773000e-01   3.1868234e+00   1.0000000e+00
   9.7000000e+01   1.0000000e+00   4.3675400e-01   8.2773000e-01   3.1868234e+00   0.0000000e+00
   9.8000000e+01   0.0000000e+00   1.9340740e+00   8.2773000e-01   3.1868234e+00   1.0000000e+00
   9.9000000e+01   0.0000000e+00   8.5547900e-01   8.2773000e-01   3.1868234e+00   1.0000000e+00
   1.0000000e+02   0.0000000e+00   8.2286600e-01   8.2773000e-01   3.1868234e+00   0.0000000e+00
   1.0100000e+02   1.0000000e+00   6.8377700e-01   8.2773000e-01   3.1868234e+00   1.0000000e+00
   1.0200000e+02   0.0000000e+00   1.2253050e+00   8.2773000e-01   3.1868234e+00   1.0000000e+00
   1.0300000e+02   0.0000000e+00   6.0183600e-01   8.2773000e-01   3.1868234e+00   1.0000000e+00
   1.0400000e+02   1.0000000e+00   5.5726400e-01   8.2773000e-01   3.1868234e+00   0.0000000e+00
   1.0500000e+02   1.0000000e+00   7.3072600e-01   8.2773000e-01   3.1868234e+00   0.0000000e+00
   1.0600000e+02   0.0000000e+00   9.8131900e-01   8.2773000e-01   3.1868234e+00   0.0000000e+00
   1.0700000e+02   0.0000000e+00   2.4753290e+00   8.2773000e-01   3.1868234e+00   0.0000000e+00
   1.0800000e+02   0.0000000e+00   7.0921200e-01   8.2773000e-01   3.1868234e+00   0.0000000e+00
   1.0900000e+02   1.0000000e+00   6.1458600e-01   8.2773000e-01   3.1868234e+00   1.0000000e+00
   1.1000000e+02   0.0000000e+00   1.1926420e+00   8.2773000e-01   3.1868234e+00   0.0000000e+00
   1.1100000e+02   0.0000000e+00   6.3665700e-01   8.2773000e-01   3.1868234e+00   0.0000000e+00
   1.1200000e+02   0.0000000e+00   1.1096550e+00   8.2773000e-01   3.1868234e+00   1.0000000e+00
   1.1300000e+02   1.0000000e+00   8.2602200e-01   8.2773000e-01   3.1868234e+00   0.0000000e+00
   1.1400000e+02   0.0000000e+00   8.4103700e-01   8.2773000e-01   3.1868234e+00   1.0000000e+00
   1.1500000e+02   1.0000000e+00   1.4718430e+00   8.2773000e-01   3.1868234e+00   1.0000000e+00
   1.1600000e+02   0.0000000e+00   6.9349100e-01   8.2773000e-01   3.1868234e+00   1.0000000e+00
   1.1700000e+02   0.0000000e+00   1.8018590e+00   8.2773000e-01   3.1868234e+00   1.0000000e+00
   1.1800000e+02   1.0000000e+00   2.2565590e+00   8.2773000e-01   3.1868234e+00   1.0000000e+00
   1.1900000e+02   0.0000000e+00   8.4960900e-01   8.2773000e-01   3.1868234e+00   1.0000000e+00
   1.2000000e+02   0.0000000e+00   8.6882400e-01   8.2773000e-01   3.1868234e+00   0.0000000e+00
   1.2100000e+02   0.0000000e+00   5.4815400e-01   8.2773000e-01   3.1868234e+00   1.0000000e+00
   1.2200000e+02   0.0000000e+00   8.6643500e-01   8.2773000e-01   3.1868234e+00   0.0000000e+00
   1.2300000e+02   0.0000000e+00   9.0440400e-01   8.2773000e-01   3.1868234e+00   1.0000000e+00
   1.2400000e+02   0.0000000e+00   7.4307100e-01   8.2773000e-01   3.1868234e+00   1.0000000e+00
   1.2500000e+02   1.0000000e+00   1.2986150e+00   8.2773000e-01   3.1868234e+00   0.0000000e+00
   1.2600000e+02   0.0000000e+00   5.5610900e-01   8.2773000e-01   3.1868234e+00   1.0000000e+00
   1.2700000e+02   1.0000000e+00   4.8827800e-01   8.2773000e-01   3.1868234e+00   1.0000000e+00
   1.2800000e+02   0.0000000e+00   1.4486610e+00   8.2773000e-01   3.1868234e+00   1.0000000e+00
   1.2900000e+02   0.0000000e+00   9.9552300e-01   8.2773000e-01   3.1868234e+00   0.0000000e+00
   1.3000000e+02   0.0000000e+00   5.4895000e-01   8.2773000e-01   3.1868234e+00   0.0000000e+00
   1.3100000e+02   1.0000000e+00   1.4815200e+00   8.2773000e-01   3.1868234e+00   0.0000000e+00
   1.3200000e+02   0.0000000e+00   1.0232700e+00   8.2773000e-01   3.1868234e+00   0.0000000e+00
   1.3300000e+02   1.0000000e+00   6.5536000e-01   8.2773000e-01   3.1868234e+00   0.0000000e+00
   1.3400000e+02   0.0000000e+00   7.9054100e-01   8.2773000e-01   3.1868234e+00   0.0000000e+00
   1.3500000e+02   1.0000000e+00   5.1068400e-01   8.2773000e-01   3.1868234e+00   1.0000000e+00
   1.3600000e+02   0.0000000e+00   4.6789300e-01   8.2773000e-01   3.1868234e+00   1.0000000e+00
