   1.0000000e+00   0.0000000e+00   2.6663820e+00   8.2501000e-01   3.1415301e+00   0.0000000e+00
   2.0000000e+00   0.0000000e+00   1.4173040e+00   8.2501000e-01   3.1415301e+00   0.0000000e+00
   3.0000000e+00   1.0000000e+00   8.4109700e-01   8.2501000e-01   3.1415301e+00   1.0000000e+00
   4.0000000e+00   1.0000000e+00   8.2536500e-01   8.2501000e-01   3.1415301e+00   0.0000000e+00
   5.0000000e+00   0.0000000e+00   6.4615600e-01   8.2501000e-01   3.1415301e+00   0.0000000e+00
   6.0000000e+00   1.0000000e+00   8.3079400e-01   8.2501000e-01   3.1415301e+00   1.0000000e+00
   7.0000000e+00   0.0000000e+00   9.8010400e-01   8.2501000e-01   3.1415301e+00   1.0000000e+00
   8.0000000e+00   0.0000000e+00   1.4239720e+00   8.2501000e-01   3.1415301e+00   0.0000000e+00
   9.0000000e+00   1.0000000e+00   5.3399300e-01   8.2501000e-01   3.1415301e+00   0.0000000e+00
   1.0000000e+01   0.0000000e+00   1.0885260e+00   8.2501000e-01   3.1415301e+00   0.0000000e+00
   1.1000000e+01   1.0000000e+00   4.9517400e-01   8.2501000e-01   3.1415301e+00   0.0000000e+00
   1.2000000e+01   0.0000000e+00   5.4447800e-01   8.2501000e-01   3.1415301e+00   1.0000000e+00
   1.3000000e+01   0.0000000e+00   5.6515300e-01   8.2501000e-01   3.1415301e+00   0.0000000e+00
   1.4000000e+01   0.0000000e+00   2.0188430e+00   8.2501000e-01   3.1415301e+00   1.0000000e+00
   1.5000000e+01   0.0000000e+00   3.0158080e+00   8.2501000e-01   3.1415301e+00   1.0000000e+00
   1.6000000e+01   0.0000000e+00   8.4624100e-01   8.2501000e-01   3.1415301e+00   0.0000000e+00
   1.7000000e+01   0.0000000e+00   8.8181100e-01   8.2501000e-01   3.1415301e+00   1.0000000e+00
   1.8000000e+01   1.0000000e+00   5.3677700e-01   8.2501000e-01   3.1415301e+00   1.0000000e+00
   1.9000000e+01   0.0000000e+00   1.7716190e+00   8.2501000e-01   3.1415301e+00   1.0000000e+00
   2.0000000e+01   1.0000000e+00   1.4259220e+00   8.2501000e-01   3.1415301e+00   0.0000000e+00
   2.1000000e+01   0.0000000e+00   4.5589800e-01   8.2501000e-01   3.1415301e+00   0.0000000e+00
   2.2000000e+01   0.0000000e+00   7.9890700e-01   8.2501000e-01   3.1415301e+00   1.0000000e+00
   2.3000000e+01   0.0000000e+00   9.7998400e-01   8.2501000e-01   3.1415301e+00   0.0000000e+00
   2.4000000e+01   0.0000000e+00   1.5863470e+00   8.2501000e-01   3.1415301e+00   1.0000000e+00
   2.5000000e+01   1.0000000e+00   1.3424950e+00   8.2501000e-01   3.1415301e+00   1.0000000e+00
   2.6000000e+01   0.0000000e+00   1.1437010e+00   8.2501000e-01   3.1415301e+00   1.0000000e+00
   2.7000000e+01   1.0000000e+00   1.2055970e+00   8.2501000e-01   3.1415301e+00   0.0000000e+00
   2.8000000e+01   0.0000000e+00   1.3644180e+00   8.2501000e-01   3.1415301e+00   0.0000000e+00
   2.9000000e+01   1.0000000e+00   7.7680800e-01   8.2501000e-01   3.1415301e+00   1.0000000e+00
   3.0000000e+01   0.0000000e+00   5.2632200e-01   8.2501000e-01   3.1415301e+00   0.0000000e+00
   3.1000000e+01   1.0000000e+00   6.1653300e-01   8.2501000e-01   3.1415301e+00   1.0000000e+00
   3.2000000e+01   0.0000000e+00   1.3890770e+00   8.2501000e-01   3.1415301e+00   1.0000000e+00
   3.3000000e+01   0.0000000e+00   1.2162640e+00   8.2501000e-01   3.1415301e+00   1.0000000e+00
   3.4000000e+01   0.0000000e+00   8.7238200e-01   8.2501000e-01   3.1415301e+00   0.0000000e+00
   3.5000000e+01   0.0000000e+00   7.0633200e-01   8.2501000e-01   3.1415301e+00   1.0000000e+00
   3.6000000e+01   1.0000000e+00   4.6326600e-01   8.2501000e-01   3.1415301e+00   0.0000000e+00
   3.7000000e+01   0.0000000e+00   5.6894200e-01   8.2501000e-01   3.1415301e+00   1.0000000e+00
   3.8000000e+01   0.0000000e+00   1.0189780e+00   8.2501000e-01   3.1415301e+00   0.0000000e+00
   3.9000000e+01   0.0000000e+00   1.5978840e+00   8.2501000e-01   3.1415301e+00   1.0000000e+00
   4.0000000e+01   1.0000000e+00   1.1223270e+00   8.2501000e-01   3.1415301e+00   1.0000000e+00
   4.1000000e+01   0.0000000e+00   6.5701200e-01   8.2501000e-01   3.1415301e+00   1.0000000e+00
   4.2000000e+01   0.0000000e+00   5.9045800e-01   8.2501000e-01   3.1415301e+00   0.0000000e+00
   4.3000000e+01   0.0000000e+00   7.4104600e-01   8.2501000e-01   3.1415301e+00   1.0000000e+00
   4.4000000e+01   0.0000000e+00   7.3237600e-01   8.2501000e-01   3.1415301e+00   1.0000000e+00
   4.5000000e+01   1.0000000e+00   8.3228000e-01   8.2501000e-01   3.1415301e+00   0.0000000e+00
   4.6000000e+01   0.0000000e+00   8.5567200e-01   8.2501000e-01   3.1415301e+00   1.0000000e+00
   4.7000000e+01   0.0000000e+00   1.3661500e+00   8.2501000e-01   3.1415301e+00   1.0000000e+00
   4.8000000e+01   1.0000000e+00   9.3533000e-01   8.2501000e-01   3.1415301e+00   0.0000000e+00
   4.9000000e+01   0.0000000e+00   7.0902000e-01   8.2501000e-01   3.1415301e+00   0.0000000e+00
   5.0000000e+01   0.0000000e+00   5.8385400e-01   8.2501000e-01   3.1415301e+00   0.0000000e+00
   5.1000000e+01   0.0000000e+00   8.6011100e-01   8.2501000e-01   3.1415301e+00   0.0000000e+00
   5.2000000e+01   0.0000000e+00   1.2905050e+00   8.2501000e-01   3.1415301e+00   1.0000000e+00
   5.3000000e+01   0.0000000e+00   1.0047120e+00   8.2501000e-01   3.1415301e+00   0.0000000e+00
   5.4000000e+01   0.0000000e+00   9.3233100e-01   8.2501000e-01   3.1415301e+00   0.0000000e+00
   5.5000000e+01   0.0000000e+00   1.2716210e+00   8.2501000e-01   3.1415301e+00   0.0000000e+00
   5.6000000e+01   0.0000000e+00   5.9571800e-01   8.2501000e-01   3.1415301e+00   0.0000000e+00
   5.7000000e+01   1.0000000e+00   1.0937270e+00   8.2501000e-01   3.1415301e+00   1.0000000e+00
   5.8000000e+01   1.0000000e+00   1.0086550e+00   8.2501000e-01   3.1415301e+00   0.0000000e+00
   5.9000000e+01   0.0000000e+00   1.5169940e+00   8.2501000e-01   3.1415301e+00   1.0000000e+00
   6.0000000e+01   0.0000000e+00   2.4583900e+00   8.2501000e-01   3.1415301e+00   0.0000000e+00
   6.1000000e+01   1.0000000e+00   1.1456760e+00   8.2501000e-01   3.1415301e+00   1.0000000e+00
   6.2000000e+01   0.0000000e+00   1.2901480e+00   8.2501000e-01   3.1415301e+00   0.0000000e+00
   6.3000000e+01   1.0000000e+00   7.5080000e-01   8.2501000e-01   3.1415301e+00   1.0000000e+00
   6.4000000e+01   0.0000000e+00   5.2495100e-01   8.2501000e-01   3.1415301e+00   1.0000000e+00
   6.5000000e+01   0.0000000e+00   8.5752400e-01   8.2501000e-01   3.1415301e+00   1.0000000e+00
   6.6000000e+01   0.0000000e+00   4.9934300e-01   8.2501000e-01   3.1415301e+00   1.0000000e+00
   6.7000000e+01   1.0000000e+00   4.6096300e-01   8.2501000e-01   3.1415301e+00   0.0000000e+00
   6.8000000e+01   0.0000000e+00   4.8085500e-01   8.2501000e-01   3.1415301e+00   0.0000000e+00
   6.9000000e+01   0.0000000e+00   4.7668400e-01   8.2501000e-01   3.1415301e+00   0.0000000e+00
   7.0000000e+01   0.0000000e+00   1.0833750e+00   8.2501000e-01   3.1415301e+00   1.0000000e+00
   7.1000000e+01   1.0000000e+00   5.6279300e-01   8.2501000e-01   3.1415301e+00   0.0000000e+00
   7.2000000e+01   0.0000000e+00   1.0153970e+00   8.2501000e-01   3.1415301e+00   0.0000000e+00
   7.3000000e+01   0.0000000e+00   7.6111400e-01   8.2501000e-01   3.1415301e+00   0.0000000e+00
   7.4000000e+01   1.0000000e+00   8.4292200e-01   8.2501000e-01   3.1415301e+00   1.0000000e+00
   7.5000000e+01   0.0000000e+00   9.7003100e-01   8.2501000e-01   3.1415301e+00   1.0000000e+00
   7.6000000e+01   0.0000000e+00   2.0108820e+00   8.2501000e-01   3.1415301e+00   0.0000000e+00
   7.7000000e+01   1.0000000e+00   1.6139850e+00   8.2501000e-01   3.1415301e+00   0.0000000e+00
   7.8000000e+01   0.0000000e+00   6.7600300e-01   8.2501000e-01   3.1415301e+00   0.0000000e+00
   7.9000000e+01   0.0000000e+00   2.0508710e+00   8.2501000e-01   3.1415301e+00   1.0000000e+00
   8.0000000e+01   1.0000000e+00   1.3791390e+00   8.2501000e-01   3.1415301e+00   1.0000000e+00
   8.1000000e+01   0.0000000e+00   6.4652500e-01   8.2501000e-01   3.1415301e+00   1.0000000e+00
   8.2000000e+01   1.0000000e+00   6.0745700e-01   8.2501000e-01   3.1415301e+00   1.0000000e+00
   8.3000000e+01   0.0000000e+00   4.4722000e-01   8.2501000e-01   3.1415301e+00   1.0000000e+00
   8.4000000e+01   0.0000000e+00   4.4971300e-01   8.2501000e-01   3.1415301e+00   1.0000000e+00
   8.5000000e+01   0.0000000e+00   6.8940600e-01   8.2501000e-01   3.1415301e+00   0.0000000e+00
   8.6000000e+01   0.0000000e+00   4.6268100e-01   8.2501000e-01   3.1415301e+00   0.0000000e+00
   8.7000000e+01   0.0000000e+00   6.3025600e-01   8.2501000e-01   3.1415301e+00   0.0000000e+00
   8.8000000e+01   0.0000000e+00   6.3942700e-01   8.2501000e-01   3.1415301e+00   0.0000000e+00
   8.9000000e+01   0.0000000e+00   6.9543300e-01   8.2501000e-01   3.1415301e+00   1.0000000e+00
   9.0000000e+01   1.0000000e+00   7.5746700e-01   8.2501000e-01   3.1415301e+00   0.0000000e+00
   9.1000000e+01   0.0000000e+00   5.8333900e-01   8.2501000e-01   3.1415301e+00   0.0000000e+00
   9.2000000e+01   1.0000000e+00   4.4690400e-01   8.2501000e-01   3.1415301e+00   1.0000000e+00
   9.3000000e+01   0.0000000e+00   1.3810760e+00   8.2501000e-01   3.1415301e+00   1.0000000e+00
   9.4000000e+01   0.0000000e+00   4.9778200e-01   8.2501000e-01   3.1415301e+00   1.0000000e+00
   9.5000000e+01   1.0000000e+00   1.0121520e+00   8.2501000e-01   3.1415301e+00   0.0000000e+00
   9.6000000e+01   0.0000000e+00   8.8560000e-01   8.2501000e-01   3.1415301e+00   1.0000000e+00
   9.7000000e+01   0.0000000e+00   1.3874910e+00   8.2501000e-01   3.1415301e+00   0.0000000e+00
   9.8000000e+01   1.0000000e+00   5.1493800e-01   8.2501000e-01   3.1415301e+00   1.0000000e+00
   9.9000000e+01   0.0000000e+00   8.2465200e-01   8.2501000e-01   3.1415301e+00   0.0000000e+00
   1.0000000e+02   0.0000000e+00   6.4497200e-01   8.2501000e-01   3.1415301e+00   1.0000000e+00
   1.0100000e+02   0.0000000e+00   1.0260410e+00   8.2501000e-01   3.1415301e+00   1.0000000e+00
   1.0200000e+02   1.0000000e+00   8.0112100e-01   8.2501000e-01   3.1415301e+00   0.0000000e+00
   1.0300000e+02   0.0000000e+00   6.4036700e-01   8.2501000e-01   3.1415301e+00   1.0000000e+00
   1.0400000e+02   0.0000000e+00   6.5314100e-01   8.2501000e-01   3.1415301e+00   0.0000000e+00
   1.0500000e+02   0.0000000e+00   5.5429100e-01   8.2501000e-01   3.1415301e+00   1.0000000e+00
   1.0600000e+02   0.0000000e+00   9.9494100e-01   8.2501000e-01   3.1415301e+00   1.0000000e+00
   1.0700000e+02   1.0000000e+00   1.1407880e+00   8.2501000e-01   3.1415301e+00   0.0000000e+00
   1.0800000e+02   1.0000000e+00   6.0835900e-01   8.2501000e-01   3.1415301e+00   1.0000000e+00
   1.0900000e+02   0.0000000e+00   5.1624400e-01   8.2501000e-01   3.1415301e+00   1.0000000e+00
   1.1000000e+02   0.0000000e+00   1.1599000e+00   8.2501000e-01   3.1415301e+00   0.0000000e+00
   1.1100000e+02   0.0000000e+00   1.2850580e+00   8.2501000e-01   3.1415301e+00   0.0000000e+00
   1.1200000e+02   0.0000000e+00   5.2775800e-01   8.2501000e-01   3.1415301e+00   1.0000000e+00
   1.1300000e+02   0.0000000e+00   9.0100900e-01   8.2501000e-01   3.1415301e+00   0.0000000e+00
   1.1400000e+02   1.0000000e+00   4.9617100e-01   8.2501000e-01   3.1415301e+00   0.0000000e+00
   1.1500000e+02   0.0000000e+00   1.4184320e+00   8.2501000e-01   3.1415301e+00   1.0000000e+00
   1.1600000e+02   1.0000000e+00   6.8989900e-01   8.2501000e-01   3.1415301e+00   1.0000000e+00
   1.1700000e+02   0.0000000e+00   1.3209030e+00   8.2501000e-01   3.1415301e+00   0.0000000e+00
   1.1800000e+02   0.0000000e+00   5.1728300e-01   8.2501000e-01   3.1415301e+00   0.0000000e+00
   1.1900000e+02   0.0000000e+00   5.5872100e-01   8.2501000e-01   3.1415301e+00   1.0000000e+00
   1.2000000e+02   1.0000000e+00   1.9039820e+00   8.2501000e-01   3.1415301e+00   1.0000000e+00
   1.2100000e+02   0.0000000e+00   7.2293800e-01   8.2501000e-01   3.1415301e+00   1.0000000e+00
   1.2200000e+02   1.0000000e+00   1.4955290e+00   8.2501000e-01   3.1415301e+00   0.0000000e+00
   1.2300000e+02   0.0000000e+00   6.3659100e-01   8.2501000e-01   3.1415301e+00   0.0000000e+00
   1.2400000e+02   0.0000000e+00   7.3863500e-01   8.2501000e-01   3.1415301e+00   1.0000000e+00
   1.2500000e+02   0.0000000e+00   6.2076500e-01   8.2501000e-01   3.1415301e+00   1.0000000e+00
   1.2600000e+02   0.0000000e+00   6.4663300e-01   8.2501000e-01   3.1415301e+00   1.0000000e+00
   1.2700000e+02   0.0000000e+00   7.6215000e-01   8.2501000e-01   3.1415301e+00   0.0000000e+00
   1.2800000e+02   1.0000000e+00   1.0307040e+00   8.2501000e-01   3.1415301e+00   1.0000000e+00
   1.2900000e+02   0.0000000e+00   9.0666300e-01   8.2501000e-01   3.1415301e+00   0.0000000e+00
   1.3000000e+02   1.0000000e+00   6.3972400e-01   8.2501000e-01   3.1415301e+00   0.0000000e+00
   1.3100000e+02   0.0000000e+00   6.3497200e-01   8.2501000e-01   3.1415301e+00   0.0000000e+00
   1.3200000e+02   0.0000000e+00   4.8063000e-01   8.2501000e-01   3.1415301e+00   1.0000000e+00
   1.3300000e+02   1.0000000e+00   4.9335400e-01   8.2501000e-01   3.1415301e+00   0.0000000e+00
   1.3400000e+02   0.0000000e+00   8.6474800e-01   8.2501000e-01   3.1415301e+00   0.0000000e+00
   1.3500000e+02   1.0000000e+00   1.3081700e+00   8.2501000e-01   3.1415301e+00   1.0000000e+00
   1.3600000e+02   0.0000000e+00   6.6149700e-01   8.2501000e-01   3.1415301e+00   0.0000000e+00
