1	0	0.965000	0.856292	0.0000000000	1
2	0	1.253971	0.856292	0.0000000000	1
3	1	0.627984	0.856292	0.0000000000	1
4	0	1.080757	0.856292	0.0000000000	0
5	0	0.890488	0.856292	0.0000000000	0
6	1	0.908669	0.856292	0.0000000000	0
7	0	1.789614	0.856292	0.0000000000	1
8	0	0.726883	0.856292	0.0000000000	1
9	0	0.518513	0.856292	0.0000000000	0
10	1	0.712117	0.856292	0.0000000000	1
11	0	0.744884	0.856292	0.0000000000	1
12	1	1.309899	0.856292	0.0000000000	0
13	0	1.491055	0.856292	0.0000000000	0
14	0	0.983725	0.856292	0.0000000000	0
15	0	1.214124	0.856292	0.0000000000	0
16	0	0.552906	0.856292	0.0000000000	0
17	1	0.782977	0.856292	0.0000000000	0
18	0	0.610296	0.856292	0.0000000000	1
19	0	1.065935	0.856292	0.0000000000	0
20	0	0.567923	0.856292	0.0000000000	1
21	0	0.673098	0.856292	0.0000000000	1
22	0	1.992610	0.856292	0.0000000000	0
23	0	1.388374	0.856292	0.0000000000	0
24	0	0.824109	0.856292	0.0000000000	0
25	0	1.234139	0.856292	0.0000000000	1
26	0	0.501984	0.856292	0.0000000000	1
27	1	0.651150	0.856292	0.0000000000	1
28	0	0.642948	0.856292	0.0000000000	1
29	1	0.799330	0.856292	0.0000000000	0
30	0	1.471533	0.856292	0.0000000000	1
31	1	0.988958	0.856292	0.0000000000	1
32	0	1.046074	0.856292	0.0000000000	1
33	1	0.604167	0.856292	0.0000000000	0
34	0	0.824145	0.856292	0.0000000000	0
35	0	0.747287	0.856292	0.0000000000	0
36	1	0.827260	0.856292	0.0000000000	1
37	0	0.644491	0.856292	0.0000000000	0
38	1	0.758532	0.856292	0.0000000000	1
39	0	0.507468	0.856292	0.0000000000	0
40	0	0.650578	0.856292	0.0000000000	0
41	0	1.767811	0.856292	0.0000000000	1
42	0	0.858407	0.856292	0.0000000000	0
43	1	0.647350	0.856292	0.0000000000	0
44	0	0.554535	0.856292	0.0000000000	1
45	0	0.702534	0.856292	0.0000000000	1
46	0	1.285689	0.856292	0.0000000000	0
47	0	1.547152	0.856292	0.0000000000	1
48	0	0.586324	0.856292	0.0000000000	1
49	1	1.084368	0.856292	0.0000000000	1
50	0	0.728380	0.856292	0.0000000000	0
51	1	1.913007	0.856292	0.0000000000	0
52	0	1.090968	0.856292	0.0000000000	1
53	1	0.795849	0.856292	0.0000000000	0
54	1	0.837232	0.856292	0.0000000000	1
55	0	1.556999	0.856292	0.0000000000	1
56	1	0.591076	0.856292	0.0000000000	0
57	0	1.482589	0.856292	0.0000000000	1
58	0	1.217690	0.856292	0.0000000000	1
59	0	0.617543	0.856292	0.0000000000	0
60	0	1.363888	0.856292	0.0000000000	1
61	0	3.031557	0.856292	0.0000000000	0
62	1	0.613312	0.856292	0.0000000000	1
63	0	1.075637	0.856292	0.0000000000	0
64	0	1.133455	0.856292	0.0000000000	0
65	0	0.613595	0.856292	0.0000000000	1
66	1	1.458649	0.856292	0.0000000000	1
67	0	0.803426	0.856292	0.0000000000	0
68	0	1.242664	0.856292	0.0000000000	0
69	0	1.647437	0.856292	0.0000000000	1
70	0	0.733391	0.856292	0.0000000000	1
71	0	0.576822	0.856292	0.0000000000	1
72	1	1.400372	0.856292	0.0000000000	0
73	0	0.848591	0.856292	0.0000000000	0
74	1	0.806599	0.856292	0.0000000000	0
75	0	0.523864	0.856292	0.0000000000	1
76	0	0.602486	0.856292	0.0000000000	0
77	1	1.559001	0.856292	0.0000000000	1
78	0	1.126757	0.856292	0.0000000000	0
79	0	1.319847	0.856292	0.0000000000	0
80	0	0.680457	0.856292	0.0000000000	0
81	1	0.598309	0.856292	0.0000000000	0
82	1	1.208324	0.856292	0.0000000000	1
83	0	0.652169	0.856292	0.0000000000	1
84	0	0.565144	0.856292	0.0000000000	0
85	1	0.870780	0.856292	0.0000000000	1
86	0	0.994278	0.856292	0.0000000000	0
87	0	1.560076	0.856292	0.0000000000	1
88	1	0.491451	0.856292	0.0000000000	0
89	0	0.496653	0.856292	0.0000000000	1
90	0	1.331988	0.856292	0.0000000000	1
91	1	0.656601	0.856292	0.0000000000	1
92	0	1.628449	0.856292	0.0000000000	1
93	0	0.580951	0.856292	0.0000000000	0
94	1	0.508464	0.856292	0.0000000000	0
95	0	0.767240	0.856292	0.0000000000	1
96	0	0.496088	0.856292	0.0000000000	0
97	0	0.843616	0.856292	0.0000000000	0
98	0	1.132548	0.856292	0.0000000000	0
99	0	0.847622	0.856292	0.0000000000	1
100	1	0.824038	0.856292	0.0000000000	1
101	0	0.506118	0.856292	0.0000000000	1
102	1	1.526977	0.856292	0.0000000000	0
103	0	0.954683	0.856292	0.0000000000	0
104	0	1.911448	0.856292	0.0000000000	0
105	0	1.083400	0.856292	0.0000000000	1
106	0	0.935233	0.856292	0.0000000000	0
107	0	0.717129	0.856292	0.0000000000	1
108	1	1.789181	0.856292	0.0000000000	0
109	0	0.499223	0.856292	0.0000000000	0
110	0	2.500352	0.856292	0.0000000000	0
111	0	0.952888	0.856292	0.0000000000	1
112	0	0.655287	0.856292	0.0000000000	0
113	1	0.609054	0.856292	0.0000000000	1
114	0	1.767321	0.856292	0.0000000000	1
115	0	0.581684	0.856292	0.0000000000	0
116	0	1.257095	0.856292	0.0000000000	1
117	1	0.999867	0.856292	0.0000000000	0
118	0	0.761883	0.856292	0.0000000000	0
119	1	0.761623	0.856292	0.0000000000	1
120	0	0.609980	0.856292	0.0000000000	1
121	0	0.726292	0.856292	0.0000000000	1
122	0	0.705127	0.856292	0.0000000000	1
123	0	1.271896	0.856292	0.0000000000	1
124	0	0.598365	0.856292	0.0000000000	1
125	0	0.721050	0.856292	0.0000000000	0
126	0	0.810623	0.856292	0.0000000000	1
127	0	0.540262	0.856292	0.0000000000	0
128	1	0.890758	0.856292	0.0000000000	1
129	1	0.511430	0.856292	0.0000000000	0
130	0	1.040815	0.856292	0.0000000000	0
131	0	0.614030	0.856292	0.0000000000	1
132	0	0.915305	0.856292	0.0000000000	0
133	1	0.827823	0.856292	0.0000000000	1
134	1	0.661083	0.856292	0.0000000000	0
135	1	1.167685	0.856292	0.0000000000	0
136	1	0.974737	0.856292	0.0000000000	1
