   2.2675737e-05
   1.6009070e-02
   3.6009070e-02
   5.1995465e-02
   7.0997732e-02
   9.0997732e-02
   1.0800454e-01
   1.2501134e-01
   1.4399093e-01
   1.6199546e-01
   1.8000000e-01
   2.0000000e-01
   2.1600907e-01
   2.3600907e-01
   2.5199546e-01
   2.7099773e-01
   2.9099773e-01
   3.0800454e-01
   3.2501134e-01
   3.4399093e-01
   3.6199546e-01
   3.8000000e-01
   4.0000000e-01
   4.1600907e-01
   4.3600907e-01
   4.5199546e-01
   4.7099773e-01
   4.9099773e-01
   5.0800454e-01
   5.2501134e-01
   5.4399093e-01
   5.6199546e-01
   5.8000000e-01
   6.0000000e-01
   6.1600907e-01
   6.3600907e-01
   6.5199546e-01
   6.7099773e-01
   6.9099773e-01
   7.0800454e-01
   7.2501134e-01
   7.4399093e-01
   7.6199546e-01
   7.8000000e-01
   8.0000000e-01
   8.1600907e-01
   8.3600907e-01
   8.5199546e-01
   8.7099773e-01
   8.9099773e-01
   9.0800454e-01
   9.2501134e-01
   9.4399093e-01
   9.6199546e-01
   9.8000000e-01
