   2.2675737e-05
   2.1995465e-02
   5.0000000e-02
   7.2993197e-02
   9.9002268e-02
   1.2600907e-01
   1.4900227e-01
   1.7199546e-01
   2.0000000e-01
   2.2199546e-01
   2.5000000e-01
   2.7299320e-01
   2.9900227e-01
   3.2600907e-01
   3.4900227e-01
   3.7199546e-01
   4.0000000e-01
   4.2199546e-01
   4.5000000e-01
   4.7299320e-01
   4.9900227e-01
   5.2600907e-01
   5.4900227e-01
   5.7199546e-01
   6.0000000e-01
   6.2199546e-01
   6.5000000e-01
   6.7299320e-01
   6.9900227e-01
   7.2600907e-01
   7.4900227e-01
   7.7199546e-01
