   7.3345116e-01  -9.9889927e-01
   7.3257013e-01  -9.9871107e-01
   7.3163631e-01  -9.9852286e-01
   7.3065892e-01  -9.9830777e-01
   7.2964475e-01  -9.9809268e-01
   7.2860264e-01  -9.9785070e-01
   7.2754020e-01  -9.9760873e-01
   7.2646645e-01  -9.9736675e-01
   7.2538879e-01  -9.9712477e-01
   7.2431525e-01  -9.9688279e-01
   7.2325465e-01  -9.9664082e-01
   7.2221419e-01  -9.9639884e-01
   7.2120290e-01  -9.9615686e-01
   7.2022818e-01  -9.9591488e-01
   7.1929846e-01  -9.9567291e-01
   7.1842216e-01  -9.9545782e-01
   7.1742998e-01  -9.9508410e-01
   7.1616063e-01  -9.9439580e-01
   7.1463363e-01  -9.9341983e-01
   7.1286850e-01  -9.9216961e-01
   7.1088537e-01  -9.9066398e-01
   7.0870272e-01  -9.8891905e-01
   7.0634131e-01  -9.8695097e-01
   7.0381970e-01  -9.8477855e-01
   7.0115799e-01  -9.8241793e-01
   6.9837602e-01  -9.7988523e-01
   6.9549278e-01  -9.7719928e-01
   6.9252828e-01  -9.7437621e-01
   6.8950167e-01  -9.7143296e-01
   6.8643304e-01  -9.6838754e-01
   6.8334135e-01  -9.6525636e-01
   6.8024686e-01  -9.6205742e-01
   6.7026861e-01  -9.5173923e-01
   6.5850191e-01  -9.3976189e-01
   6.4498898e-01  -9.2616626e-01
   6.2977201e-01  -9.1099321e-01
   6.1289314e-01  -8.9428386e-01
   5.9439472e-01  -8.7607937e-01
   5.7431883e-01  -8.5642113e-01
   5.5270764e-01  -8.3534974e-01
   5.2960341e-01  -8.1290635e-01
   5.0504833e-01  -7.8913207e-01
   4.7908459e-01  -7.6406806e-01
   4.5175442e-01  -7.3775517e-01
   4.2310001e-01  -7.1023482e-01
   3.9316346e-01  -6.8154787e-01
   3.6198708e-01  -6.5173519e-01
   3.2961303e-01  -6.2083817e-01
   3.1245884e-01  -6.0447244e-01
   2.9493756e-01  -5.8773783e-01
   2.7717611e-01  -5.7075639e-01
   2.5930136e-01  -5.5365048e-01
   2.4144014e-01  -5.3654160e-01
   2.2371943e-01  -5.1955157e-01
   2.0626595e-01  -5.0280270e-01
   1.8920675e-01  -4.8641653e-01
   1.7266857e-01  -4.7051540e-01
   1.5677833e-01  -4.5522082e-01
   1.4166291e-01  -4.4065486e-01
   1.2744917e-01  -4.2693985e-01
   1.1426393e-01  -4.1419705e-01
   1.0223422e-01  -4.0254880e-01
   9.1486784e-02  -3.9211689e-01
   8.2148513e-02  -3.8302338e-01
   7.3625027e-02  -3.7470985e-01
   6.5268273e-02  -3.6656704e-01
   5.7124646e-02  -3.5863986e-01
   4.9240498e-02  -3.5097267e-01
   4.1662182e-02  -3.4361065e-01
   3.4435968e-02  -3.3659868e-01
   2.7608331e-02  -3.2998168e-01
   2.1225501e-02  -3.2380400e-01
   1.5333933e-02  -3.1811081e-01
   9.9799181e-03  -3.1294674e-01
   5.2098286e-03  -3.0835697e-01
   1.0700172e-03  -3.0438585e-01
  -2.3931020e-03  -3.0107856e-01
  -5.1334025e-03  -2.9847865e-01
  -7.1044086e-03  -2.9663424e-01
  -8.2595214e-03  -2.9558836e-01
  -9.5066815e-03  -2.9471724e-01
  -1.0912459e-02  -2.9423329e-01
  -1.2572600e-02  -2.9420936e-01
  -1.4580795e-02  -2.9473633e-01
  -1.7033077e-02  -2.9588438e-01
  -2.0025953e-02  -2.9772879e-01
  -2.3652621e-02  -3.0035559e-01
  -2.8009442e-02  -3.0384140e-01
  -3.3190889e-02  -3.0826502e-01
  -3.9292728e-02  -3.1370601e-01
  -4.6409739e-02  -3.2024290e-01
  -5.4637236e-02  -3.2795471e-01
  -6.4070348e-02  -3.3692024e-01
  -7.4804370e-02  -3.4721826e-01
  -8.6934430e-02  -3.5892808e-01
  -1.0055560e-01  -3.7212875e-01
  -1.0993769e-01  -3.8122011e-01
  -1.2043625e-01  -3.9136999e-01
  -1.3193817e-01  -4.0247002e-01
  -1.4433024e-01  -4.1441134e-01
  -1.5749935e-01  -4.2708584e-01
  -1.7133222e-01  -4.4038465e-01
  -1.8571582e-01  -4.5419913e-01
  -2.0053691e-01  -4.6842122e-01
  -2.1568234e-01  -4.8294201e-01
  -2.3103902e-01  -4.9765289e-01
  -2.4649369e-01  -5.1244550e-01
  -2.6193323e-01  -5.2721123e-01
  -2.7724447e-01  -5.4184171e-01
  -2.9231423e-01  -5.5622834e-01
  -3.0702935e-01  -5.7026222e-01
  -3.2127674e-01  -5.8383527e-01
  -3.5103458e-01  -6.1220254e-01
  -3.8042365e-01  -6.4028697e-01
  -4.0930936e-01  -6.6795735e-01
  -4.3755690e-01  -6.9508301e-01
  -4.6503175e-01  -7.2153274e-01
  -4.9159918e-01  -7.4717589e-01
  -5.1712454e-01  -7.7188097e-01
  -5.4147314e-01  -7.9551758e-01
  -5.6451038e-01  -8.1795453e-01
  -5.8610146e-01  -8.3906114e-01
  -6.0611186e-01  -8.5870620e-01
  -6.2440678e-01  -8.7675906e-01
  -6.4085162e-01  -8.9308850e-01
  -6.5531182e-01  -9.0756358e-01
  -6.6765254e-01  -9.2005337e-01
  -6.7773919e-01  -9.3042721e-01
  -6.8123931e-01  -9.3403160e-01
  -6.8473691e-01  -9.3756447e-01
  -6.8820966e-01  -9.4100539e-01
  -6.9163584e-01  -9.4433526e-01
  -6.9499267e-01  -9.4753474e-01
  -6.9825849e-01  -9.5058419e-01
  -7.0141076e-01  -9.5346372e-01
  -7.0442733e-01  -9.5615424e-01
  -7.0728608e-01  -9.5863586e-01
  -7.0996490e-01  -9.6088893e-01
  -7.1244153e-01  -9.6289466e-01
  -7.1469369e-01  -9.6463420e-01
  -7.1669922e-01  -9.6608607e-01
  -7.1843620e-01  -9.6723143e-01
  -7.1988225e-01  -9.6805146e-01
  -7.2101497e-01  -9.6852466e-01
  -7.2393969e-01  -9.6921564e-01
  -7.2740505e-01  -9.6969422e-01
  -7.3134630e-01  -9.6996577e-01
  -7.3569951e-01  -9.7004643e-01
  -7.4039961e-01  -9.6993889e-01
  -7.4538230e-01  -9.6964851e-01
  -7.5058302e-01  -9.6918607e-01
  -7.5593738e-01  -9.6855424e-01
  -7.6138069e-01  -9.6776916e-01
  -7.6684870e-01  -9.6684158e-01
  -7.7227670e-01  -9.6577419e-01
  -7.7760022e-01  -9.6457774e-01
  -7.8275478e-01  -9.6326031e-01
  -7.8767588e-01  -9.6182996e-01
  -7.9229896e-01  -9.6029474e-01
  -7.9655963e-01  -9.5866543e-01
  -8.1762989e-01  -9.4903043e-01
  -8.3842026e-01  -9.3773090e-01
  -8.5874786e-01  -9.2497923e-01
  -8.7842967e-01  -9.1098917e-01
  -8.9728293e-01  -8.9597394e-01
  -9.1512457e-01  -8.8014647e-01
  -9.3177175e-01  -8.6372078e-01
  -9.4704166e-01  -8.4690981e-01
  -9.6075122e-01  -8.2992676e-01
  -9.7271767e-01  -8.1298512e-01
  -9.8275794e-01  -7.9629810e-01
  -9.9068928e-01  -7.8007889e-01
  -9.9632867e-01  -7.6454099e-01
  -9.9949321e-01  -7.4989760e-01
  -1.0000000e+00  -7.3636192e-01
  -9.9766614e-01  -7.2414771e-01
  -9.9691641e-01  -7.2299966e-01
  -9.9523593e-01  -7.2119290e-01
  -9.9267319e-01  -7.1876506e-01
  -9.8927853e-01  -7.1575513e-01
  -9.8510042e-01  -7.1220264e-01
  -9.8018821e-01  -7.0814629e-01
  -9.7459138e-01  -7.0362454e-01
  -9.6835924e-01  -6.9867637e-01
  -9.6154093e-01  -6.9334077e-01
  -9.5418583e-01  -6.8765645e-01
  -9.4634316e-01  -6.8166214e-01
  -9.3806227e-01  -6.7539707e-01
  -9.2939241e-01  -6.6889971e-01
  -9.2038284e-01  -6.6220904e-01
  -9.1108282e-01  -6.5536377e-01
  -9.0154176e-01  -6.4840262e-01
  -8.6326179e-01  -6.2019935e-01
  -8.2309617e-01  -5.8985566e-01
  -7.8138575e-01  -5.5765977e-01
  -7.3847124e-01  -5.2389936e-01
  -6.9469353e-01  -4.8886185e-01
  -6.5039346e-01  -4.5283519e-01
  -6.0591176e-01  -4.1610679e-01
  -5.6158935e-01  -3.7896488e-01
  -5.1776692e-01  -3.4169661e-01
  -4.7478541e-01  -3.0458992e-01
  -4.3298551e-01  -2.6793250e-01
  -3.9270815e-01  -2.3201204e-01
  -3.5429410e-01  -1.9711649e-01
  -3.1808407e-01  -1.6353326e-01
  -2.8441901e-01  -1.3155004e-01
  -2.5363969e-01  -1.0145478e-01
  -2.5191750e-01  -9.9742119e-02
  -2.5019551e-01  -9.8029458e-02
  -2.4847332e-01  -9.6316796e-02
  -2.4675134e-01  -9.4604134e-02
  -2.4502915e-01  -9.2891472e-02
  -2.4330716e-01  -9.1178810e-02
  -2.4158497e-01  -8.9466148e-02
  -2.3986299e-01  -8.7753486e-02
  -2.3814080e-01  -8.6040825e-02
  -2.3641881e-01  -8.4328163e-02
  -2.3469662e-01  -8.2615501e-02
  -2.3297464e-01  -8.0902839e-02
  -2.3125245e-01  -7.9190177e-02
  -2.2953046e-01  -7.7477515e-02
  -2.2780827e-01  -7.5764853e-02
  -2.2608629e-01  -7.4052192e-02
  -2.2935921e-01  -7.0620684e-02
  -2.3263213e-01  -6.7189714e-02
  -2.3590505e-01  -6.3758207e-02
  -2.3917800e-01  -6.0326968e-02
  -2.4245092e-01  -5.6895460e-02
  -2.4572384e-01  -5.3464490e-02
  -2.4899676e-01  -5.0032983e-02
  -2.5226968e-01  -4.6601744e-02
  -2.5554261e-01  -4.3170237e-02
  -2.5881555e-01  -3.9739267e-02
  -2.6208847e-01  -3.6307759e-02
  -2.6536139e-01  -3.2876789e-02
  -2.6863431e-01  -2.9445282e-02
  -2.7190726e-01  -2.6014043e-02
  -2.7518018e-01  -2.2582535e-02
  -2.7845310e-01  -1.9151566e-02
  -2.8455009e-01  -1.2753954e-02
  -2.9197228e-01  -4.9555615e-03
  -3.0061744e-01   4.1355272e-03
  -3.1038340e-01   1.4411498e-02
  -3.2116795e-01   2.5764806e-02
  -3.3286890e-01   3.8087906e-02
  -3.4538401e-01   5.1272713e-02
  -3.5861110e-01   6.5211953e-02
  -3.7244797e-01   7.9797271e-02
  -3.8679242e-01   9.4921662e-02
  -4.0154226e-01   1.1047704e-01
  -4.1659526e-01   1.2635559e-01
  -4.3184924e-01   1.4244978e-01
  -4.4720198e-01   1.5865177e-01
  -4.6255130e-01   1.7485404e-01
  -4.7779499e-01   1.9094876e-01
  -5.2885193e-01   2.4480780e-01
  -5.7602853e-01   2.9445564e-01
  -6.1950096e-01   3.4007025e-01
  -6.5944511e-01   3.8182989e-01
  -6.9603695e-01   4.1991363e-01
  -7.2945248e-01   4.5449945e-01
  -7.5986768e-01   4.8576615e-01
  -7.8745841e-01   5.1389252e-01
  -8.1240073e-01   5.3905655e-01
  -8.3487068e-01   5.6143677e-01
  -8.5504410e-01   5.8121197e-01
  -8.7309704e-01   5.9856066e-01
  -8.8920542e-01   6.1366113e-01
  -9.0354523e-01   6.2669188e-01
  -9.1629250e-01   6.3783171e-01
  -9.2762306e-01   6.4725887e-01
  -9.3100839e-01   6.5000774e-01
  -9.3432736e-01   6.5272756e-01
  -9.3756168e-01   6.5540276e-01
  -9.4069252e-01   6.5801880e-01
  -9.4370208e-01   6.6055687e-01
  -9.4657137e-01   6.6300353e-01
  -9.4928256e-01   6.6533996e-01
  -9.5181663e-01   6.6755002e-01
  -9.5415587e-01   6.6962027e-01
  -9.5628112e-01   6.7153189e-01
  -9.5817446e-01   6.7326875e-01
  -9.5981755e-01   6.7481740e-01
  -9.6119168e-01   6.7615903e-01
  -9.6227879e-01   6.7728020e-01
  -9.6306016e-01   6.7816207e-01
  -9.6351752e-01   6.7878852e-01
  -9.6380373e-01   6.7939346e-01
  -9.6408214e-01   6.8021081e-01
  -9.6435191e-01   6.8122443e-01
  -9.6461120e-01   6.8242356e-01
  -9.6485879e-01   6.8379208e-01
  -9.6509301e-01   6.8531653e-01
  -9.6531245e-01   6.8698349e-01
  -9.6551586e-01   6.8877950e-01
  -9.6570077e-01   6.9068843e-01
  -9.6586720e-01   6.9269684e-01
  -9.6601308e-01   6.9479129e-01
  -9.6613635e-01   6.9695833e-01
  -9.6623703e-01   6.9918452e-01
  -9.6631100e-01   7.0145373e-01
  -9.6636031e-01   7.0375252e-01
  -9.6638086e-01   7.0606743e-01
  -9.6425310e-01   7.2525086e-01
  -9.5803698e-01   7.4572913e-01
  -9.4813007e-01   7.6715300e-01
  -9.3492852e-01   7.8917321e-01
  -9.1882880e-01   8.1143996e-01
  -9.0022745e-01   8.3360401e-01
  -8.7952100e-01   8.5531556e-01
  -8.5710584e-01   8.7622563e-01
  -8.3337858e-01   8.9598443e-01
  -8.0873564e-01   9.1424215e-01
  -7.8357356e-01   9.3065010e-01
  -7.5828892e-01   9.4485847e-01
  -7.3327812e-01   9.5651775e-01
  -7.0893769e-01   9.6527840e-01
  -6.8566412e-01   9.7079118e-01
  -6.6385394e-01   9.7270549e-01
  -6.5749282e-01   9.7262483e-01
  -6.5168243e-01   9.7230758e-01
  -6.4635831e-01   9.7171876e-01
  -6.4145547e-01   9.7081538e-01
  -6.3690977e-01   9.6953559e-01
  -6.3265650e-01   9.6783368e-01
  -6.2863095e-01   9.6565858e-01
  -6.2476894e-01   9.6295999e-01
  -6.2100562e-01   9.5968684e-01
  -6.1727626e-01   9.5578859e-01
  -6.1351662e-01   9.5121495e-01
  -6.0966191e-01   9.4591484e-01
  -6.0564770e-01   9.3983825e-01
  -6.0140929e-01   9.3293437e-01
  -5.9688222e-01   9.2515264e-01
  -5.9200188e-01   9.1644227e-01
  -5.7680119e-01   8.8954191e-01
  -5.6024059e-01   8.6138220e-01
  -5.4239533e-01   8.3207095e-01
  -5.2334070e-01   8.0171597e-01
  -5.0315193e-01   7.7042453e-01
  -4.8190429e-01   7.3830446e-01
  -4.5967307e-01   7.0546383e-01
  -4.3653342e-01   6.7200993e-01
  -4.1256074e-01   6.3805056e-01
  -3.8783015e-01   6.0369354e-01
  -3.6241702e-01   5.6904615e-01
  -3.3639657e-01   5.3421674e-01
  -3.0984402e-01   4.9931231e-01
  -2.8283474e-01   4.6444096e-01
  -2.5544388e-01   4.2971022e-01
  -2.2774674e-01   3.9522791e-01
  -2.1195504e-01   3.7586784e-01
  -1.9542102e-01   3.5581733e-01
  -1.7837442e-01   3.3534013e-01
  -1.6104473e-01   3.1470027e-01
  -1.4366164e-01   2.9416123e-01
  -1.2645479e-01   2.7398678e-01
  -1.0965380e-01   2.5444092e-01
  -9.3488180e-02   2.3578770e-01
  -7.8187683e-02   2.1829031e-01
  -6.3981872e-02   2.0221307e-01
  -5.1100372e-02   1.8781945e-01
  -3.9772809e-02   1.7537348e-01
  -3.0228808e-02   1.6513892e-01
  -2.2697974e-02   1.5737951e-01
  -1.7409933e-02   1.5235902e-01
  -1.4594310e-02   1.5034254e-01
  -9.2143241e-03   1.5339925e-01
   1.6599054e-03   1.6343701e-01
   1.7384088e-02   1.7968928e-01
   3.7313810e-02   2.0139008e-01
   6.0804882e-02   2.2777233e-01
   8.7213056e-02   2.5807031e-01
   1.1589392e-01   2.9151723e-01
   1.4620328e-01   3.2734681e-01
   1.7749679e-01   3.6479281e-01
   2.0913017e-01   4.0308868e-01
   2.4045912e-01   4.4146817e-01
   2.7083937e-01   4.7916474e-01
   2.9962666e-01   5.1541214e-01
   3.2617654e-01   5.4944437e-01
   3.4984484e-01   5.8049437e-01
   3.6998734e-01   6.0779613e-01
   3.8851579e-01   6.3360060e-01
   4.0653645e-01   6.5895579e-01
   4.2402833e-01   6.8383025e-01
   4.4097031e-01   7.0819119e-01
   4.5734154e-01   7.3200714e-01
   4.7312087e-01   7.5524610e-01
   4.8828741e-01   7.7787582e-01
   5.0282001e-01   7.9986430e-01
   5.1669773e-01   8.2117955e-01
   5.2989963e-01   8.4178930e-01
   5.4240462e-01   8.6166209e-01
   5.5419168e-01   8.8076540e-01
   5.6523984e-01   8.9906749e-01
   5.7552804e-01   9.1653610e-01
   5.8503531e-01   9.3313924e-01
   5.9374061e-01   9.4884518e-01
   5.9848569e-01   9.5742382e-01
   6.0289780e-01   9.6504449e-01
   6.0705802e-01   9.7175694e-01
   6.1104737e-01   9.7761145e-01
   6.1494689e-01   9.8265802e-01
   6.1883779e-01   9.8694694e-01
   6.2280108e-01   9.9052874e-01
   6.2691755e-01   9.9345317e-01
   6.3126866e-01   9.9577077e-01
   6.3593518e-01   9.9753183e-01
   6.4099840e-01   9.9878474e-01
   6.4653914e-01   9.9958326e-01
   6.5263864e-01   9.9997311e-01
   6.5937793e-01   1.0000000e+00
   6.6683802e-01   9.9972845e-01
   6.7510003e-01   9.9920147e-01
   6.9925740e-01   9.9547691e-01
   7.2453609e-01   9.8801567e-01
   7.5052345e-01   9.7722052e-01
   7.7680683e-01   9.6349342e-01
   8.0297354e-01   9.4723711e-01
   8.2861096e-01   9.2885328e-01
   8.5330629e-01   9.0874470e-01
   8.7664709e-01   8.8731330e-01
   8.9822070e-01   8.6496132e-01
   9.1761414e-01   8.4209150e-01
   9.3441505e-01   8.1910554e-01
   9.4821045e-01   7.9640618e-01
   9.5858798e-01   7.7439538e-01
   9.6513505e-01   7.5347537e-01
   9.6743973e-01   7.3404862e-01
   9.6509396e-01   7.1651763e-01
   9.6442826e-01   7.1451728e-01
   9.6359614e-01   7.1250618e-01
   9.6258320e-01   7.1047088e-01
   9.6138124e-01   7.0839526e-01
   9.5997588e-01   7.0627123e-01
   9.5835478e-01   7.0408268e-01
   9.5650766e-01   7.0181885e-01
   9.5442180e-01   6.9946629e-01
   9.5208548e-01   6.9701157e-01
   9.4948802e-01   6.9444123e-01
   9.4661647e-01   6.9174453e-01
   9.4345974e-01   6.8890801e-01
   9.4000570e-01   6.8591852e-01
   9.3624306e-01   6.8276340e-01
   9.3215948e-01   6.7942976e-01
   9.2774347e-01   6.7590469e-01
   9.1663511e-01   6.6684748e-01
   9.0421179e-01   6.5615826e-01
   8.9021627e-01   6.4357517e-01
   8.7439070e-01   6.2883633e-01
   8.5647761e-01   6.1168041e-01
   8.3621905e-01   5.9184579e-01
   8.1335764e-01   5.6907062e-01
   7.8763571e-01   5.4309327e-01
   7.5879562e-01   5.1365216e-01
   7.2657974e-01   4.8048540e-01
   6.9073044e-01   4.4333166e-01
   6.5099013e-01   4.0192880e-01
   6.0710110e-01   3.5601548e-01
   5.5880585e-01   3.0532983e-01
   5.0584664e-01   2.4961052e-01
   4.4796588e-01   1.8859539e-01
   4.2988357e-01   1.6952166e-01
   4.1192829e-01   1.5058747e-01
   3.9420923e-01   1.3190763e-01
   3.7683551e-01   1.1359720e-01
   3.5991631e-01   9.5770733e-02
   3.4356090e-01   7.8543560e-02
   3.2787831e-01   6.2030219e-02
   3.1297785e-01   4.6345786e-02
   2.9896854e-01   3.1605064e-02
   2.8595971e-01   1.7922858e-02
   2.7406041e-01   5.4142430e-03
   2.6337987e-01  -5.8057086e-03
   2.5402722e-01  -1.5622460e-02
   2.4611171e-01  -2.3920939e-02
   2.3974240e-01  -3.0586339e-02
   2.3502859e-01  -3.5503857e-02
   2.3124125e-01  -3.9477125e-02
   2.2759030e-01  -4.3372422e-02
   2.2409363e-01  -4.7167971e-02
   2.2076833e-01  -5.0842800e-02
   2.1763262e-01  -5.4374594e-02
   2.1470360e-01  -5.7742112e-02
   2.1199915e-01  -6.0923845e-02
   2.0953703e-01  -6.3897747e-02
   2.0733457e-01  -6.6642576e-02
   2.0540959e-01  -6.9137632e-02
   2.0377944e-01  -7.1358446e-02
   2.0246222e-01  -7.3286199e-02
   2.0147497e-01  -7.4899381e-02
   2.0083577e-01  -7.6173795e-02
   2.0056189e-01  -7.7090620e-02
   2.0067079e-01  -7.7625659e-02
   2.1007961e-01  -8.7584909e-02
   2.2302744e-01  -1.0062587e-01
   2.3911613e-01  -1.1638263e-01
   2.5794765e-01  -1.3448845e-01
   2.7912384e-01  -1.5457795e-01
   3.0224652e-01  -1.7628412e-01
   3.2691760e-01  -1.9924078e-01
   3.5273908e-01  -2.2308200e-01
   3.7931277e-01  -2.4744132e-01
   4.0624046e-01  -2.7195309e-01
   4.3312412e-01  -2.9625031e-01
   4.5956570e-01  -3.1996677e-01
   4.8516694e-01  -3.4273657e-01
   5.0952989e-01  -3.6419297e-01
   5.3225635e-01  -3.8397032e-01
   5.5294812e-01  -4.0170242e-01
   5.7815328e-01  -4.2297169e-01
   6.0398283e-01  -4.4452703e-01
   6.3028838e-01  -4.6625283e-01
   6.5692143e-01  -4.8803267e-01
   6.8373377e-01  -5.0975014e-01
   7.1057693e-01  -5.3128908e-01
   7.3730259e-01  -5.5253308e-01
   7.6376233e-01  -5.7336625e-01
   7.8980776e-01  -5.9367192e-01
   8.1529061e-01  -6.1333392e-01
   8.4006246e-01  -6.3223611e-01
   8.6397490e-01  -6.5026262e-01
   8.8687929e-01  -6.6729648e-01
   9.0862795e-01  -6.8322155e-01
   9.2907193e-01  -6.9792194e-01
   9.4806287e-01  -7.1128151e-01
   9.5236526e-01  -7.1428902e-01
   9.5659575e-01  -7.1728362e-01
   9.6073007e-01  -7.2024704e-01
   9.6474441e-01  -7.2316098e-01
   9.6861471e-01  -7.2600664e-01
   9.7231715e-01  -7.2876518e-01
   9.7582769e-01  -7.3141886e-01
   9.7912209e-01  -7.3394887e-01
   9.8217650e-01  -7.3633638e-01
   9.8496751e-01  -7.3856257e-01
   9.8747025e-01  -7.4060862e-01
   9.8966131e-01  -7.4245572e-01
   9.9151664e-01  -7.4408772e-01
   9.9301241e-01  -7.4548312e-01
   9.9412396e-01  -7.4662579e-01
   9.9482870e-01  -7.4749422e-01
   9.9718927e-01  -7.5187133e-01
   9.9882681e-01  -7.5690768e-01
   9.9975755e-01  -7.6254763e-01
   1.0000000e+00  -7.6873580e-01
   9.9957469e-01  -7.7541680e-01
   9.9849807e-01  -7.8253577e-01
   9.9678861e-01  -7.9003707e-01
   9.9446586e-01  -7.9786557e-01
   9.9154643e-01  -8.0596536e-01
   9.8804884e-01  -8.1428239e-01
   9.8399135e-01  -8.2276020e-01
   9.7939227e-01  -8.3134367e-01
   9.7426967e-01  -8.3997796e-01
   9.6864163e-01  -8.4860714e-01
   9.6252664e-01  -8.5717637e-01
   9.5594258e-01  -8.6563025e-01
   9.4367870e-01  -8.7992143e-01
   9.3046805e-01  -8.9386148e-01
   9.1646780e-01  -9.0735575e-01
   9.0183555e-01  -9.2030933e-01
   8.8672889e-01  -9.3262732e-01
   8.7130520e-01  -9.4421508e-01
   8.5572206e-01  -9.5497796e-01
   8.4013669e-01  -9.6482080e-01
   8.2470684e-01  -9.7364894e-01
   8.0958988e-01  -9.8136774e-01
   7.9494331e-01  -9.8788204e-01
   7.8092459e-01  -9.9309746e-01
   7.6769120e-01  -9.9691882e-01
   7.5540063e-01  -9.9925256e-01
   7.4421033e-01  -1.0000000e+00
   7.3427780e-01  -9.9906435e-01
   7.3427493e-01  -9.9906516e-01
