   9.7766053e-01   6.3504124e-01
   9.5606861e-01   6.5399119e-01
   9.3521959e-01   6.7273435e-01
   9.1511124e-01   6.9124265e-01
   8.9574135e-01   7.0948794e-01
   8.7710730e-01   7.2744215e-01
   8.5920688e-01   7.4507714e-01
   8.4203748e-01   7.6236485e-01
   8.2559706e-01   7.7927713e-01
   8.0988303e-01   7.9578591e-01
   7.9489278e-01   8.1186304e-01
   7.8062445e-01   8.2748046e-01
   7.6707527e-01   8.4261001e-01
   7.5424301e-01   8.5722362e-01
   7.4212506e-01   8.7129320e-01
   7.3071939e-01   8.8479058e-01
   7.2002339e-01   8.9768771e-01
   7.1003484e-01   9.0995647e-01
   7.0075113e-01   9.2156876e-01
   6.9216987e-01   9.3249645e-01
   6.8428900e-01   9.4271145e-01
   6.7710592e-01   9.5218564e-01
   6.7061804e-01   9.6089091e-01
   6.6482350e-01   9.6879918e-01
   6.5971933e-01   9.7588233e-01
   6.5530368e-01   9.8211225e-01
   6.5157375e-01   9.8746083e-01
   6.4852732e-01   9.9189997e-01
   6.4616217e-01   9.9540157e-01
   6.4447662e-01   9.9793749e-01
   6.4346678e-01   9.9947974e-01
   6.4313078e-01   1.0000000e+00
   6.0112385e-01   9.6714555e-01
   5.5904637e-01   9.2979444e-01
   5.1699062e-01   8.8830990e-01
   4.7504847e-01   8.4305528e-01
   4.3331219e-01   7.9439384e-01
   3.9187385e-01   7.4268887e-01
   3.5082538e-01   6.8830366e-01
   3.1025890e-01   6.3160150e-01
   2.7026653e-01   5.7294569e-01
   2.3094029e-01   5.1269951e-01
   1.9237228e-01   4.5122624e-01
   1.5465457e-01   3.8888919e-01
   1.1787923e-01   3.2605162e-01
   8.2138323e-02   2.6307687e-01
   4.7523952e-02   2.0032817e-01
   1.4128152e-02   1.3816887e-01
  -1.7956985e-02   7.6962232e-02
  -4.8639403e-02   1.7071371e-02
  -7.7826992e-02  -4.1140081e-02
  -1.0542773e-01  -9.7308945e-02
  -1.3134949e-01  -1.5107204e-01
  -1.5550026e-01  -2.0206620e-01
  -1.7778792e-01  -2.4992778e-01
  -1.9812042e-01  -2.9429383e-01
  -2.1640567e-01  -3.3480072e-01
  -2.3255162e-01  -3.7108550e-01
  -2.4646620e-01  -4.0278476e-01
  -2.5805731e-01  -4.2953510e-01
  -2.6723288e-01  -4.5097334e-01
  -2.7390088e-01  -4.6673607e-01
  -2.7796918e-01  -4.7646011e-01
  -2.7934565e-01  -4.7978229e-01
  -3.0021627e-01  -4.4434523e-01
  -3.2105280e-01  -4.1051064e-01
  -3.4181403e-01  -3.7824692e-01
  -3.6245875e-01  -3.4752316e-01
  -3.8294573e-01  -3.1830752e-01
  -4.0323376e-01  -2.9056909e-01
  -4.2328163e-01  -2.6427650e-01
  -4.4304813e-01  -2.3939838e-01
  -4.6249203e-01  -2.1590359e-01
  -4.8157214e-01  -1.9376052e-01
  -5.0024721e-01  -1.7293826e-01
  -5.1847605e-01  -1.5340499e-01
  -5.3621744e-01  -1.3513002e-01
  -5.5343017e-01  -1.1808151e-01
  -5.7007302e-01  -1.0222833e-01
  -5.8610477e-01  -8.7539561e-02
  -6.0148420e-01  -7.3983146e-02
  -6.1617012e-01  -6.1528401e-02
  -6.3012129e-01  -5.0143953e-02
  -6.4329651e-01  -3.9798202e-02
  -6.5565456e-01  -3.0460005e-02
  -6.6715424e-01  -2.2097991e-02
  -6.7775430e-01  -1.4681017e-02
  -6.8741356e-01  -8.1777117e-03
  -6.9609078e-01  -2.5567035e-03
  -7.0374475e-01   2.2133793e-03
  -7.1033428e-01   6.1636793e-03
  -7.1581813e-01   9.3255680e-03
  -7.2015509e-01   1.1730188e-02
  -7.2330393e-01   1.3408682e-02
  -7.2522347e-01   1.4393337e-02
  -7.2587245e-01   1.4713923e-02
  -7.3551377e-01  -9.9224638e-04
  -7.4553679e-01  -1.6971371e-02
  -7.5589637e-01  -3.3172616e-02
  -7.6654744e-01  -4.9545374e-02
  -7.7744489e-01  -6.6039267e-02
  -7.8854360e-01  -8.2603689e-02
  -7.9979849e-01  -9.9188034e-02
  -8.1116444e-01  -1.1574169e-01
  -8.2259634e-01  -1.3221383e-01
  -8.3404913e-01  -1.4855430e-01
  -8.4547765e-01  -1.6471204e-01
  -8.5683685e-01  -1.8063689e-01
  -8.6808159e-01  -1.9627803e-01
  -8.7916677e-01  -2.1158484e-01
  -8.9004733e-01  -2.2650695e-01
  -9.0067810e-01  -2.4099352e-01
  -9.1101404e-01  -2.5499395e-01
  -9.2101000e-01  -2.6845808e-01
  -9.3062090e-01  -2.8133462e-01
  -9.3980164e-01  -2.9357366e-01
  -9.4850710e-01  -3.0512412e-01
  -9.5669220e-01  -3.1593564e-01
  -9.6431183e-01  -3.2595783e-01
  -9.7132088e-01  -3.3513963e-01
  -9.7767423e-01  -3.4343065e-01
  -9.8332682e-01  -3.5078030e-01
  -9.8823353e-01  -3.5713820e-01
  -9.9234924e-01  -3.6245351e-01
  -9.9562886e-01  -3.6667562e-01
  -9.9802728e-01  -3.6975416e-01
  -9.9949935e-01  -3.7163874e-01
  -1.0000000e+00  -3.7227762e-01
  -9.6226491e-01  -3.8590548e-01
  -9.2496096e-01  -4.0147998e-01
  -8.8813843e-01  -4.1884541e-01
  -8.5184762e-01  -4.3784514e-01
  -8.1613879e-01  -4.5832368e-01
  -7.8106227e-01  -4.8012486e-01
  -7.4666830e-01  -5.0309229e-01
  -7.1300719e-01  -5.2707048e-01
  -6.8012924e-01  -5.5190303e-01
  -6.4808470e-01  -5.7743400e-01
  -6.1692387e-01  -6.0350722e-01
  -5.8669705e-01  -6.2996697e-01
  -5.5745453e-01  -6.5665708e-01
  -5.2924656e-01  -6.8342139e-01
  -5.0212348e-01  -7.1010395e-01
  -4.7613554e-01  -7.3654859e-01
  -4.5133303e-01  -7.6259959e-01
  -4.2776623e-01  -7.8810056e-01
  -4.0548546e-01  -8.1289579e-01
  -3.8454097e-01  -8.3682887e-01
  -3.6498306e-01  -8.5974431e-01
  -3.4686201e-01  -8.8148551e-01
  -3.3022813e-01  -9.0189672e-01
  -3.1513168e-01  -9.2082180e-01
  -3.0162295e-01  -9.3810479e-01
  -2.8975222e-01  -9.5358953e-01
  -2.7956982e-01  -9.6712030e-01
  -2.7112598e-01  -9.7854070e-01
  -2.6447103e-01  -9.8769478e-01
  -2.5965522e-01  -9.9442685e-01
  -2.5672886e-01  -9.9858026e-01
  -2.5574222e-01  -1.0000000e+00
  -1.8754372e-01  -8.7026318e-01
  -1.2064778e-01  -7.4753161e-01
  -5.5110948e-02  -6.3161615e-01
   9.0101894e-03  -5.2232719e-01
   7.1659070e-02  -4.1947582e-01
   1.3277917e-01  -3.2287219e-01
   1.9231388e-01  -2.3232764e-01
   2.5020669e-01  -1.4765231e-01
   3.0640100e-01  -6.8657306e-02
   3.6084027e-01   4.8469890e-03
   4.1346800e-01   7.3049716e-02
   4.6422754e-01   1.3614025e-01
   5.1306225e-01   1.9430778e-01
   5.5991569e-01   2.4774173e-01
   6.0473144e-01   2.9663136e-01
   6.4745269e-01   3.4116597e-01
   6.8802301e-01   3.8153487e-01
   7.2638559e-01   4.1792739e-01
   7.6248438e-01   4.5053281e-01
   7.9626238e-01   4.7954044e-01
   8.2766316e-01   5.0513957e-01
   8.5663011e-01   5.2751955e-01
   8.8310678e-01   5.4686964e-01
   9.0703676e-01   5.6337917e-01
   9.2836304e-01   5.7723744e-01
   9.4702938e-01   5.8863372e-01
   9.6297917e-01   5.9775738e-01
   9.7615579e-01   6.0479769e-01
   9.8650280e-01   6.0994393e-01
   9.9396358e-01   6.1338546e-01
   9.9848152e-01   6.1531150e-01
   1.0000000e+00   6.1591145e-01
